198.0000,214.0000,34.0000,81.0000
196.7691,214.9115,33.3333,79.4118
195.0604,215.8199,33.3333,79.4118
193.8835,218.2369,32.6797,77.8547
192.1591,217.9317,33.3333,79.4118
190.7115,222.0835,32.0390,76.3281
189.3010,226.1866,30.7948,73.3642
188.0834,229.0445,30.1910,71.9257
187.0199,231.2921,29.0187,69.1327
189.3223,234.1764,27.8918,66.4482
190.8928,233.9213,29.0187,69.1327
192.8069,234.3557,30.1910,71.9257
195.4548,236.6646,29.5990,70.5154
196.7654,233.9115,30.1910,71.9257
199.8985,230.7262,30.7948,73.3642
202.4944,227.5077,32.0390,76.3281
198.6290,226.0876,33.3333,79.4118
213.6706,208.5708,34.0000,81.0000
210.0113,205.9350,34.6800,82.6200
210.2701,207.3340,34.0000,81.0000
208.3408,219.1463,33.3333,79.4118
213.6950,221.8163,34.6800,82.6200
217.8844,222.1842,35.3736,84.2724
225.9262,220.4199,34.0000,81.0000
224.2710,226.2184,32.6797,77.8547
225.5563,229.1853,33.3333,79.4118
227.2164,231.1164,34.6800,82.6200
232.1444,232.2003,34.6800,82.6200
238.2553,229.2169,34.6800,82.6200
241.9590,231.8686,33.3333,79.4118
244.4828,231.5645,33.3333,79.4118
248.3516,228.9375,34.6800,82.6200
252.6506,226.1995,36.0811,85.9578
257.6536,226.0144,34.6800,82.6200
261.0576,224.1146,34.0000,81.0000
265.3839,224.5001,34.0000,81.0000
269.2285,225.3732,34.0000,81.0000
273.7445,227.4945,33.3333,79.4118
278.6198,229.0926,32.0390,76.3281
282.1508,231.8559,33.3333,79.4118
286.2210,234.7943,32.0390,76.3281
289.4201,236.9823,32.6797,77.8547
290.7380,237.7560,32.6797,77.8547
292.7779,237.2325,33.3333,79.4118
294.1539,237.6303,32.0390,76.3281
294.3665,236.5796,31.4107,74.8315
292.1835,236.7054,30.1910,71.9257
291.8528,236.1891,30.1910,71.9257
291.2537,235.3065,31.4107,74.8315
289.4203,233.5114,32.0390,76.3281
288.5002,233.5983,33.3333,79.4118
286.9864,230.3614,34.6800,82.6200
284.5875,229.3673,33.3333,79.4118
283.2217,229.5300,33.3333,79.4118
282.0126,228.1024,34.6800,82.6200
281.6313,227.1925,34.6800,82.6200
281.5237,226.3169,35.3736,84.2724
279.6763,229.1604,34.6800,82.6200
278.1087,229.6452,35.3736,84.2724
276.3838,232.9051,34.6800,82.6200
278.2361,233.1060,34.6800,82.6200
273.5407,235.7278,33.3333,79.4118
269.9314,238.4586,32.0390,76.3281
265.7485,241.7975,31.4107,74.8315
258.2868,240.7784,32.0390,76.3281
258.4228,241.8091,30.7948,73.3642
252.2153,246.9379,29.5990,70.5154
247.7723,248.5731,29.0187,69.1327
241.9205,249.0722,29.5990,70.5154
237.9936,252.3455,29.0187,69.1327
234.0231,252.7334,27.8918,66.4482
224.8716,249.8177,27.8918,66.4482
215.5715,243.8421,29.0187,69.1327
210.0066,243.1728,27.8918,66.4482
203.5810,241.2323,27.8918,66.4482
197.3083,238.5503,29.0187,69.1327
189.1651,238.1331,30.1910,71.9257
183.8162,241.9833,29.0187,69.1327
177.7109,241.6936,30.1910,71.9257
175.0103,247.6890,29.0187,69.1327
167.4095,244.7422,29.0187,69.1327
162.9580,243.9172,27.8918,66.4482
154.7501,237.0712,29.0187,69.1327
150.1201,229.9593,30.1910,71.9257
145.3696,225.9193,30.7948,73.3642
140.0270,224.1336,32.0390,76.3281
136.9185,223.9468,32.0390,76.3281
133.6946,225.3200,32.0390,76.3281
130.3288,224.2921,33.3333,79.4118
126.2237,223.5032,34.6800,82.6200
123.1344,222.9897,36.0811,85.9578
118.2872,221.0799,37.5387,89.4305
114.5544,217.0511,37.5387,89.4305
114.0325,213.7027,36.8027,87.6770
113.3264,212.7489,35.3736,84.2724
114.0256,211.0222,34.6800,82.6200
113.6393,213.0519,33.3333,79.4118
114.9694,214.5240,33.3333,79.4118
116.3059,217.4385,32.6797,77.8547
117.0785,217.2997,33.3333,79.4118
117.0255,214.0503,34.6800,82.6200
119.6251,213.7722,33.3333,79.4118
119.1871,208.7218,34.6800,82.6200
119.7715,203.4691,36.0811,85.9578
120.8237,199.1068,36.0811,85.9578
122.5362,197.2930,35.3736,84.2724
126.2697,198.2542,34.6800,82.6200
128.5680,196.5664,36.0811,85.9578
131.7239,197.5120,36.0811,85.9578
133.6503,197.5075,36.8027,87.6770
138.4243,198.8229,36.0811,85.9578
141.2496,195.7532,37.5387,89.4305
142.9905,193.9973,37.5387,89.4305
146.4527,191.5897,36.8027,87.6770
150.9401,188.9875,36.0811,85.9578
154.8930,187.7475,34.6800,82.6200
160.4611,188.3677,33.3333,79.4118
164.5328,189.2352,32.0390,76.3281
168.0660,189.8330,32.0390,76.3281
171.7360,190.4408,32.6797,77.8547
176.2930,189.9704,33.3333,79.4118
180.0840,189.8222,33.3333,79.4118
182.7820,186.5404,34.6800,82.6200
184.0245,181.5751,36.0811,85.9578
184.8810,176.2831,37.5387,89.4305
187.0478,174.1914,36.8027,87.6770
191.3112,174.9690,35.3736,84.2724
194.3945,174.4551,35.3736,84.2724
197.4905,175.8691,34.0000,81.0000
200.1917,176.2946,35.3736,84.2724
203.2549,177.9878,35.3736,84.2724
206.0434,177.4407,35.3736,84.2724
208.4175,177.2446,34.6800,82.6200
209.6542,174.5021,35.3736,84.2724
211.8469,172.4331,34.6800,82.6200
213.6388,171.2780,33.3333,79.4118
214.0778,166.2588,34.6800,82.6200
215.7665,167.1321,33.3333,79.4118
216.9040,166.4245,33.3333,79.4118
216.7936,165.4733,34.0000,81.0000
218.2969,168.8904,32.6797,77.8547
218.7426,168.1353,33.3333,79.4118
219.7582,167.4325,33.3333,79.4118
220.3444,164.7651,34.6800,82.6200
221.5829,162.9407,34.6800,82.6200
223.8820,161.7529,33.3333,79.4118
224.9783,158.3946,34.6800,82.6200
227.3238,159.2116,33.3333,79.4118
229.5145,160.2272,32.0390,76.3281
232.1875,161.0106,32.6797,77.8547
234.9659,163.8404,31.4107,74.8315
236.3186,163.5621,32.6797,77.8547
237.9587,164.6235,33.3333,79.4118
240.3484,165.6032,32.0390,76.3281
242.8852,164.4071,32.6797,77.8547
243.7829,162.0095,33.3333,79.4118
247.1101,160.9878,32.6797,77.8547
248.6061,159.5340,32.6797,77.8547
250.1465,159.1751,32.6797,77.8547
251.8637,160.0252,32.0390,76.3281
253.2858,158.9181,33.3333,79.4118
254.4842,159.6935,32.0390,76.3281
255.7629,157.6290,33.3333,79.4118
257.6825,156.6261,33.3333,79.4118
259.0807,153.0624,34.6800,82.6200
261.0878,149.5714,36.0811,85.9578
264.0312,149.6310,35.3736,84.2724
266.0799,149.0849,35.3736,84.2724
268.8477,149.3742,34.6800,82.6200
271.6737,150.4287,34.0000,81.0000
274.5010,153.3543,33.3333,79.4118
277.7521,156.1024,32.6797,77.8547
279.5008,156.3294,32.6797,77.8547
279.2214,153.4358,34.0000,81.0000
281.5012,155.3945,32.6797,77.8547
281.9956,152.7221,33.3333,79.4118
282.3085,151.5596,33.3333,79.4118
281.4012,151.1994,32.6797,77.8547
280.5039,150.6393,32.6797,77.8547
280.7584,153.1726,31.4107,74.8315
279.5262,152.6396,32.6797,77.8547
278.9682,151.9799,33.3333,79.4118
278.8512,151.7328,32.0390,76.3281
279.3099,150.6237,32.0390,76.3281
278.7536,149.6629,32.0390,76.3281
279.7938,149.7617,31.4107,74.8315
279.3959,148.2834,32.0390,76.3281
280.8344,150.3496,30.7948,73.3642
281.8323,150.4447,30.7948,73.3642
283.7031,152.9451,30.1910,71.9257
283.8521,153.8961,31.4107,74.8315
284.9687,157.6531,30.1910,71.9257
286.1562,162.2860,29.5990,70.5154
287.0055,162.5832,29.5990,70.5154
286.4483,161.5923,30.7948,73.3642
285.0701,162.0439,30.7948,73.3642
284.6989,162.7475,30.1910,71.9257
283.3832,163.7722,30.1910,71.9257
282.5919,163.3832,31.4107,74.8315
281.7162,162.0428,32.0390,76.3281
282.7080,159.4991,32.0390,76.3281
283.4648,159.3154,30.7948,73.3642
284.8477,157.6368,31.4107,74.8315
285.7660,156.3125,32.6797,77.8547
285.3741,155.7518,33.3333,79.4118
285.7532,158.1176,32.6797,77.8547
286.3144,159.5333,32.6797,77.8547
286.5923,162.5107,32.6797,77.8547
286.5656,161.9083,34.0000,81.0000
286.0896,160.8490,35.3736,84.2724
286.5094,162.5719,34.6800,82.6200
285.5488,162.7548,35.3736,84.2724
284.5943,163.5676,35.3736,84.2724
283.1466,164.5462,35.3736,84.2724
282.3229,165.3535,34.6800,82.6200
280.7868,164.8859,34.6800,82.6200
278.8357,161.3520,36.0811,85.9578
278.2161,162.6195,34.6800,82.6200
279.2516,162.6160,34.6800,82.6200
279.1826,163.1651,34.6800,82.6200
278.0530,164.4746,35.3736,84.2724
277.9436,167.5723,34.0000,81.0000
278.1444,170.3042,34.6800,82.6200
277.2702,171.3089,36.0811,85.9578
277.5773,174.6434,34.6800,82.6200
275.6999,173.7965,35.3736,84.2724
274.6756,175.3224,35.3736,84.2724
272.9109,178.8184,34.6800,82.6200
270.8468,179.1062,35.3736,84.2724
269.6843,178.3069,35.3736,84.2724
266.6374,175.4754,36.0811,85.9578
263.9322,174.5935,35.3736,84.2724
262.7490,173.0889,35.3736,84.2724
260.3818,172.0638,35.3736,84.2724
258.1280,174.4765,34.0000,81.0000
256.3176,174.4314,35.3736,84.2724
255.2317,177.1034,34.6800,82.6200
254.7963,177.3831,35.3736,84.2724
252.8761,180.7359,35.3736,84.2724
250.3572,183.6143,36.0811,85.9578
248.4690,185.6830,36.0811,85.9578
245.8267,187.4588,35.3736,84.2724
241.6534,184.5321,36.8027,87.6770
239.9605,187.7996,35.3736,84.2724
235.9917,186.7889,36.8027,87.6770
233.4713,188.0810,36.8027,87.6770
230.5073,187.5012,37.5387,89.4305
227.0433,183.9159,39.0553,93.0435
224.9840,182.1671,39.0553,93.0435
223.1668,180.7103,39.0553,93.0435
221.6156,179.5335,38.2895,91.2192
219.5731,177.1031,39.8364,94.9044
217.7405,177.6669,39.8364,94.9044
216.0785,178.3500,39.0553,93.0435
214.8256,180.3699,38.2895,91.2192
213.8334,183.6954,37.5387,89.4305
212.0214,184.4899,38.2895,91.2192
210.2472,185.9252,39.0553,93.0435
208.1941,187.4035,38.2895,91.2192
204.9085,188.7111,37.5387,89.4305
202.1794,188.6769,38.2895,91.2192
200.0839,190.6831,37.5387,89.4305
198.6858,192.1794,36.8027,87.6770
197.2424,191.9793,36.8027,87.6770
195.3675,191.5713,36.8027,87.6770
193.5682,190.8208,36.8027,87.6770
192.6702,188.3768,38.2895,91.2192
192.0388,186.0733,39.0553,93.0435
191.7531,186.0229,37.5387,89.4305
190.6039,183.0945,39.0553,93.0435
190.5107,181.6363,39.8364,94.9044
190.7518,183.4902,38.2895,91.2192
190.6973,185.2904,37.5387,89.4305
189.8519,186.0680,38.2895,91.2192
189.8300,189.5308,36.8027,87.6770
189.1259,188.6369,38.2895,91.2192
188.7977,187.6572,39.8364,94.9044
187.3330,185.2197,41.4458,98.7385
188.4043,185.5509,39.8364,94.9044
186.6137,181.2955,41.4458,98.7385
187.0884,181.2446,40.6331,96.8025
186.3241,180.0501,40.6331,96.8025
185.5510,182.2636,39.0553,93.0435
184.9863,184.5616,38.2895,91.2192
184.3412,185.1381,39.0553,93.0435
184.6097,186.0739,39.0553,93.0435
185.8014,189.3033,37.5387,89.4305
185.8982,187.8743,38.2895,91.2192
186.2830,185.7681,39.8364,94.9044
185.9866,182.5824,41.4458,98.7385
186.5082,180.3493,42.2747,100.7133
188.0377,182.0248,40.6331,96.8025
187.8901,183.8049,39.0553,93.0435
187.8201,184.3468,39.8364,94.9044
187.3632,185.8590,39.8364,94.9044
186.8439,188.3207,39.0553,93.0435
185.9624,190.1543,39.0553,93.0435
184.4380,191.2916,39.0553,93.0435
183.0995,192.5113,39.0553,93.0435
180.8216,192.0693,40.6331,96.8025
177.5035,190.6070,42.2747,100.7133
174.8812,191.8257,42.2747,100.7133
172.9195,194.0769,41.4458,98.7385
169.4988,194.1260,43.1202,102.7276
166.4962,195.5123,42.2747,100.7133
165.6949,199.0735,40.6331,96.8025
163.3342,199.5362,40.6331,96.8025
162.1159,200.2661,40.6331,96.8025
160.6189,200.9549,40.6331,96.8025
158.9188,200.8833,40.6331,96.8025
157.5268,202.9712,39.0553,93.0435
154.5248,202.7408,40.6331,96.8025
151.8040,204.6026,40.6331,96.8025
149.7800,206.4829,39.8364,94.9044
146.7526,204.7415,41.4458,98.7385
143.8884,202.9091,43.1202,102.7276
142.1475,203.0920,43.1202,102.7276
139.9992,203.2177,43.1202,102.7276
138.1952,204.0191,42.2747,100.7133
135.1216,204.3528,42.2747,100.7133
132.8285,202.5597,43.9826,104.7821
130.6037,202.0382,43.9826,104.7821
129.3359,204.0375,43.1202,102.7276
127.1281,202.7351,43.9826,104.7821
127.1165,204.0867,43.1202,102.7276
126.4092,202.7526,43.9826,104.7821
125.8496,203.7603,43.1202,102.7276
125.5053,204.3337,42.2747,100.7133
124.3879,201.4723,43.9826,104.7821
125.0105,204.3299,42.2747,100.7133
125.5347,204.1568,42.2747,100.7133
125.8012,202.5989,43.9826,104.7821
127.2085,205.3750,42.2747,100.7133
127.6675,206.3217,42.2747,100.7133
128.8343,207.2585,42.2747,100.7133
129.6423,208.6291,41.4458,98.7385
131.1267,211.4404,39.8364,94.9044
132.4870,212.2145,39.8364,94.9044
133.5374,213.6874,39.0553,93.0435
135.0249,213.1570,39.8364,94.9044
135.3862,210.9633,41.4458,98.7385
136.0100,209.1249,43.1202,102.7276
135.6877,207.9815,43.9826,104.7821
136.4810,208.2128,43.9826,104.7821
138.1099,209.9636,43.1202,102.7276
137.8440,208.0996,44.8623,106.8778
139.0708,208.6660,43.9826,104.7821
139.0454,210.1497,43.1202,102.7276
139.8911,210.8977,42.2747,100.7133
140.6221,214.2806,40.6331,96.8025
140.5524,213.6177,41.4458,98.7385
139.9073,212.7131,42.2747,100.7133
139.3264,212.0157,43.1202,102.7276
137.9722,210.6501,43.9826,104.7821
137.9697,212.9630,42.2747,100.7133
136.8382,214.0464,41.4458,98.7385
136.1648,214.0107,41.4458,98.7385
136.6192,215.0066,40.6331,96.8025
135.9544,215.4654,39.8364,94.9044
135.8000,214.8335,39.8364,94.9044
135.8095,217.0333,38.2895,91.2192
136.2340,217.3294,38.2895,91.2192
136.3563,216.5539,39.0553,93.0435
136.0465,214.7860,40.6331,96.8025
135.7262,214.4943,40.6331,96.8025
135.9919,214.8573,40.6331,96.8025
135.7940,213.4272,41.4458,98.7385
135.3791,213.7910,41.4458,98.7385
135.6577,212.1671,43.1202,102.7276
136.0452,212.5162,43.1202,102.7276
137.2509,214.7193,41.4458,98.7385
139.1281,217.2816,40.6331,96.8025
138.6897,215.1866,42.2747,100.7133
140.0314,217.0090,41.4458,98.7385
140.7798,217.2152,41.4458,98.7385
141.2899,218.0130,41.4458,98.7385
143.8543,219.4967,39.8364,94.9044
144.4002,220.5374,39.0553,93.0435
145.3191,218.7823,40.6331,96.8025
146.1271,220.4497,39.8364,94.9044
145.6172,218.3498,41.4458,98.7385
147.4836,221.3453,39.8364,94.9044
147.4805,222.2084,39.0553,93.0435
148.3818,222.9928,39.0553,93.0435
148.8848,223.1973,39.0553,93.0435
149.4341,223.5802,39.0553,93.0435
149.7735,223.9787,39.0553,93.0435
149.5880,225.1165,39.0553,93.0435
149.0949,227.1874,38.2895,91.2192
149.9747,225.9837,39.8364,94.9044
149.5017,228.4579,38.2895,91.2192
149.8171,228.8741,38.2895,91.2192
150.1277,227.6588,39.0553,93.0435
150.6744,227.7314,39.0553,93.0435
151.1263,228.2975,39.0553,93.0435
151.5414,228.5712,39.0553,93.0435
151.8378,228.5269,39.0553,93.0435
152.0742,228.4415,39.0553,93.0435
152.8416,227.8824,39.8364,94.9044
152.7825,227.6687,39.8364,94.9044
152.1030,228.7967,38.2895,91.2192
152.3998,226.5250,39.8364,94.9044
152.2807,225.4105,39.8364,94.9044
151.8998,226.0211,38.2895,91.2192
151.9794,224.2874,39.0553,93.0435
152.6140,225.5415,37.5387,89.4305
152.1963,225.4880,37.5387,89.4305
152.7915,225.8504,37.5387,89.4305
153.4968,225.3440,38.2895,91.2192
154.0844,223.6403,39.8364,94.9044
154.4985,222.3374,40.6331,96.8025
155.5664,222.6951,40.6331,96.8025
155.8357,221.2588,41.4458,98.7385
156.6675,221.4856,41.4458,98.7385
158.2266,222.9536,40.6331,96.8025
158.2930,222.0109,41.4458,98.7385
159.3575,221.8346,41.4458,98.7385
159.8284,221.7555,41.4458,98.7385
161.0953,223.4535,40.6331,96.8025
160.9391,221.8879,41.4458,98.7385
162.3672,224.0707,39.8364,94.9044
162.5100,223.3298,40.6331,96.8025
162.8437,223.4677,40.6331,96.8025
163.3086,223.6146,40.6331,96.8025
163.2557,224.7781,39.8364,94.9044
163.9835,224.6014,39.8364,94.9044
165.0969,224.7733,39.8364,94.9044
165.9562,225.4837,39.0553,93.0435
167.5537,225.1019,39.8364,94.9044
168.7946,225.6104,39.8364,94.9044
170.3589,225.7616,39.8364,94.9044
171.5391,226.4869,39.0553,93.0435
173.5758,227.7867,38.2895,91.2192
175.2465,226.1217,39.8364,94.9044
177.0841,226.0048,39.8364,94.9044
179.1252,227.8992,38.2895,91.2192
181.4151,227.7581,38.2895,91.2192
182.9805,227.6407,38.2895,91.2192
184.2006,226.4876,39.8364,94.9044
185.9726,226.9420,39.0553,93.0435
187.9477,226.0344,39.8364,94.9044
189.6279,226.3725,39.8364,94.9044
191.4544,226.6509,39.8364,94.9044
192.5717,226.7110,39.0553,93.0435
194.2767,226.3129,39.0553,93.0435
196.0472,225.4614,39.8364,94.9044
198.6207,226.3568,38.2895,91.2192
200.0529,224.2232,39.0553,93.0435
201.7921,222.1698,40.6331,96.8025
204.1188,222.1617,39.8364,94.9044
205.5518,220.5329,40.6331,96.8025
207.8619,221.4290,39.0553,93.0435
210.3564,222.6768,37.5387,89.4305
212.0129,222.2541,38.2895,91.2192
214.3519,222.1331,39.8364,94.9044
216.5735,222.7470,40.6331,96.8025
219.3394,225.5100,39.8364,94.9044
222.4582,228.2666,38.2895,91.2192
225.5448,229.1033,39.0553,93.0435
230.4200,230.7262,38.2895,91.2192
235.5971,231.1602,38.2895,91.2192
241.9484,231.1125,37.5387,89.4305
247.9098,231.0823,36.8027,87.6770
254.5548,230.9184,36.0811,85.9578
262.2283,231.5912,34.6800,82.6200
267.0712,231.0895,35.3736,84.2724
272.4005,231.0507,35.3736,84.2724
279.0388,231.0582,35.3736,84.2724
283.5363,228.3751,36.8027,87.6770
289.4057,226.9639,37.5387,89.4305
295.4949,225.2984,38.2895,91.2192
302.2774,223.8916,38.2895,91.2192
309.2720,224.1046,37.5387,89.4305
315.6954,224.4315,36.8027,87.6770
322.4882,225.9882,36.0811,85.9578
328.1564,228.9453,34.6800,82.6200
333.5589,231.5363,33.3333,79.4118
338.8344,233.0100,32.6797,77.8547
345.0437,231.7707,33.3333,79.4118
352.0271,232.4354,32.0390,76.3281
362.4383,234.2796,30.7948,73.3642
378.9005,232.4574,31.4107,74.8315
387.3557,231.7014,32.0390,76.3281
394.3362,234.4648,31.4107,74.8315
398.9081,234.3520,32.6797,77.8547
406.3257,236.8428,32.0390,76.3281
412.9348,237.6324,31.4107,74.8315
416.7615,237.6271,30.1910,71.9257
418.1934,236.8266,31.4107,74.8315
420.3182,234.2648,32.6797,77.8547
420.6443,230.6619,33.3333,79.4118
420.0282,227.4424,34.6800,82.6200
418.9113,224.6445,33.3333,79.4118
416.7738,220.0940,34.6800,82.6200
415.4882,216.0723,35.3736,84.2724
411.9702,211.0304,36.0811,85.9578
407.9919,206.1408,37.5387,89.4305
406.0831,206.6778,36.0811,85.9578
403.6821,206.7612,34.6800,82.6200
401.1701,206.2674,33.3333,79.4118
397.6022,202.3904,34.6800,82.6200
394.1061,199.8036,34.6800,82.6200
390.1998,195.7292,36.0811,85.9578
385.8780,191.8800,36.8027,87.6770
381.4358,188.9539,36.8027,87.6770
379.1779,189.4561,35.3736,84.2724
375.5624,187.9767,35.3736,84.2724
372.6388,186.9760,36.0811,85.9578
369.8732,187.0437,36.0811,85.9578
366.9864,187.5682,36.0811,85.9578
364.7833,188.7695,35.3736,84.2724
363.9024,188.8225,35.3736,84.2724
362.3785,188.4636,35.3736,84.2724
361.2189,188.1360,35.3736,84.2724
358.7670,185.5849,36.8027,87.6770
357.9472,184.9223,36.8027,87.6770
357.7660,186.0960,35.3736,84.2724
357.1473,184.7171,35.3736,84.2724
355.8101,183.7658,34.6800,82.6200
354.5485,181.6880,34.6800,82.6200
353.4664,181.4782,33.3333,79.4118
352.0567,181.0837,32.6797,77.8547
350.3512,180.6305,32.6797,77.8547
349.1935,180.6279,32.6797,77.8547
348.5097,180.4596,32.6797,77.8547
348.0292,180.6322,32.6797,77.8547
347.4706,181.4093,32.6797,77.8547
347.4335,182.2443,32.6797,77.8547
347.0936,182.7114,32.6797,77.8547
346.6838,182.9700,32.6797,77.8547
345.9254,183.1260,32.0390,76.3281
344.9035,182.2802,32.6797,77.8547
344.7808,182.5051,32.0390,76.3281
344.1023,183.1573,31.4107,74.8315
343.0545,183.1012,31.4107,74.8315
341.5028,181.3825,32.6797,77.8547
340.8135,182.7198,31.4107,74.8315
340.1257,182.4884,31.4107,74.8315
338.0394,181.1265,32.0390,76.3281
337.0821,183.7774,30.7948,73.3642
335.0871,183.3767,30.7948,73.3642
334.6216,183.7223,31.4107,74.8315
332.7050,182.9630,32.6797,77.8547
331.9098,183.9981,32.6797,77.8547
338.9564,187.3898,31.4107,74.8315
337.5078,186.5414,32.6797,77.8547
337.6923,187.2199,33.3333,79.4118
336.8221,187.0546,32.0390,76.3281
335.3169,187.1647,32.6797,77.8547
334.4060,187.7613,31.4107,74.8315
332.6589,186.4299,32.6797,77.8547
330.4515,186.9869,32.6797,77.8547
328.6590,185.1317,33.3333,79.4118
327.2504,182.7848,33.3333,79.4118
325.1617,180.1441,34.6800,82.6200
324.1252,179.3695,33.3333,79.4118
320.9993,180.2547,32.0390,76.3281
320.2030,179.2323,32.0390,76.3281
320.1475,177.8878,33.3333,79.4118
319.7788,179.0173,32.6797,77.8547
318.8219,179.2773,33.3333,79.4118
317.9617,179.5416,34.0000,81.0000
317.0762,179.9334,35.3736,84.2724
315.9318,180.6056,35.3736,84.2724
314.2773,179.6547,36.0811,85.9578
311.7684,177.7135,37.5387,89.4305
309.5348,178.2741,36.8027,87.6770
308.4390,180.2538,35.3736,84.2724
306.2204,182.4251,34.0000,81.0000
304.8290,183.3629,32.6797,77.8547
301.3785,182.5001,33.3333,79.4118
299.8261,181.6389,34.0000,81.0000
299.2271,179.0282,35.3736,84.2724
297.5498,176.2211,36.0811,85.9578
297.1439,174.7654,36.0811,85.9578
296.0591,172.1227,36.8027,87.6770
296.2755,171.7231,36.8027,87.6770
295.5058,170.4886,37.5387,89.4305
296.4977,172.9942,36.0811,85.9578
296.8139,175.1152,34.6800,82.6200
296.6730,176.0299,35.3736,84.2724
297.4798,176.6543,35.3736,84.2724
298.6832,178.7301,34.0000,81.0000
298.6288,178.2706,35.3736,84.2724
298.3033,178.1224,35.3736,84.2724
295.4179,175.3719,36.8027,87.6770
294.2951,173.3512,38.2895,91.2192
293.4596,173.1560,37.5387,89.4305
292.0573,172.8250,36.8027,87.6770
292.7133,173.0827,35.3736,84.2724
292.6054,170.7301,35.3736,84.2724
292.7769,168.7335,35.3736,84.2724
293.1690,164.2967,36.8027,87.6770
294.8803,164.8496,35.3736,84.2724
295.6573,163.5689,36.0811,85.9578
296.1401,163.8933,36.0811,85.9578
296.7886,164.5629,36.0811,85.9578
298.0364,166.2420,35.3736,84.2724
299.0667,167.7521,35.3736,84.2724
300.4765,169.6061,34.0000,81.0000
301.6922,168.1482,35.3736,84.2724
301.7275,165.3805,36.8027,87.6770
304.0876,163.1003,36.8027,87.6770
306.8695,161.7542,36.8027,87.6770
310.1616,161.6595,35.3736,84.2724
313.4196,161.6047,34.6800,82.6200
315.3006,161.2794,35.3736,84.2724
317.6407,162.8964,34.6800,82.6200
320.1086,164.8060,33.3333,79.4118
322.3316,166.0968,32.6797,77.8547
324.4498,165.4811,33.3333,79.4118
326.3523,165.0228,33.3333,79.4118
328.7698,165.4466,32.0390,76.3281
330.7205,163.3637,33.3333,79.4118
332.1362,162.3974,33.3333,79.4118
332.9755,160.1342,34.0000,81.0000
334.8813,162.0265,32.6797,77.8547
336.5034,161.7851,32.6797,77.8547
337.4916,161.3971,32.6797,77.8547
337.4163,160.2411,33.3333,79.4118
338.0414,158.9655,33.3333,79.4118
335.1871,153.4791,34.6800,82.6200
333.2642,150.0494,35.3736,84.2724
330.7248,147.6130,35.3736,84.2724
329.3857,143.1846,36.8027,87.6770
328.3795,139.8561,36.8027,87.6770
328.5838,139.7956,36.0811,85.9578
328.3914,140.0331,35.3736,84.2724
327.0364,138.1872,36.8027,87.6770
326.5765,137.9652,37.5387,89.4305
326.8648,142.6813,36.0811,85.9578
326.8057,142.8963,36.8027,87.6770
326.8393,148.1123,35.3736,84.2724
328.0780,149.9001,36.0811,85.9578
327.6879,151.9944,37.5387,89.4305
327.4308,156.4919,37.5387,89.4305
332.1063,161.1181,36.0811,85.9578
331.2975,159.5855,36.8027,87.6770
332.9531,162.7966,36.0811,85.9578
332.6060,162.5412,36.8027,87.6770
334.7057,161.9384,36.8027,87.6770
336.0793,163.6480,35.3736,84.2724
337.1448,164.1939,34.0000,81.0000
338.1096,164.1040,34.0000,81.0000
339.2339,167.1429,32.6797,77.8547
339.0710,167.7769,32.6797,77.8547
339.2643,169.1889,32.6797,77.8547
338.8525,170.0765,33.3333,79.4118
338.9840,172.9997,32.6797,77.8547
341.4390,177.1628,32.0390,76.3281
339.3426,178.3502,31.4107,74.8315
340.7956,181.0186,31.4107,74.8315
341.1335,184.1985,30.1910,71.9257
343.0297,189.0786,29.0187,69.1327
343.5930,191.2982,29.0187,69.1327
344.7735,193.9784,28.4497,67.7772
348.1577,198.3973,27.3449,65.1453
348.0333,199.2166,28.4497,67.7772
348.3301,203.1061,28.4497,67.7772
349.4886,208.6400,29.0187,69.1327
348.7339,211.3779,30.1910,71.9257
348.6821,212.3390,31.4107,74.8315
347.3014,211.9049,32.6797,77.8547
346.6953,211.8345,34.0000,81.0000
347.0186,211.5938,35.3736,84.2724
347.3231,215.0905,34.6800,82.6200
346.9431,215.4715,34.6800,82.6200
346.9772,216.5975,34.6800,82.6200
347.4847,218.0151,34.6800,82.6200
347.4728,219.2208,34.6800,82.6200
347.5645,219.7817,35.3736,84.2724
346.0375,218.1212,36.8027,87.6770
347.5841,220.6668,35.3736,84.2724
347.5625,220.4276,35.3736,84.2724
348.6634,218.7799,36.0811,85.9578
348.8839,216.1609,36.8027,87.6770
350.8161,216.7567,35.3736,84.2724
351.1085,216.2219,34.6800,82.6200
352.3384,216.0730,33.3333,79.4118
353.4555,216.2760,32.6797,77.8547
352.9520,214.1057,34.0000,81.0000
354.1031,215.2464,33.3333,79.4118
354.0772,215.8201,32.0390,76.3281
354.7032,215.4597,32.0390,76.3281
355.1127,215.3876,32.0390,76.3281
354.9612,215.0449,32.0390,76.3281
354.6909,214.3433,32.0390,76.3281
353.9647,214.1236,32.0390,76.3281
353.8810,213.3255,32.0390,76.3281
353.9322,212.1193,32.6797,77.8547
353.2503,211.1879,32.6797,77.8547
352.9589,210.0701,32.6797,77.8547
352.1675,209.3122,32.6797,77.8547
352.1416,210.6440,31.4107,74.8315
350.9409,209.2046,32.0390,76.3281
350.9241,208.5205,32.6797,77.8547
351.1873,210.1459,31.4107,74.8315
349.4885,209.4042,32.0390,76.3281
349.3807,209.4006,32.6797,77.8547
348.1134,207.0966,34.0000,81.0000
347.7069,206.7401,35.3736,84.2724
346.5058,205.4321,36.0811,85.9578
346.3704,206.7351,35.3736,84.2724
344.5686,203.4127,36.8027,87.6770
345.1584,205.4738,35.3736,84.2724
345.7461,205.5686,34.6800,82.6200
345.5618,207.2136,33.3333,79.4118
345.9363,206.6464,33.3333,79.4118
347.4807,206.6475,32.6797,77.8547
347.6346,205.7497,33.3333,79.4118
347.6609,208.8066,32.6797,77.8547
348.3934,212.7846,31.4107,74.8315
347.3190,215.6150,30.7948,73.3642
348.0718,216.1710,30.1910,71.9257
346.0310,214.3485,31.4107,74.8315
344.7838,213.7185,30.7948,73.3642
342.6243,211.4187,31.4107,74.8315
340.8553,210.0743,30.1910,71.9257
339.0491,208.9987,30.1910,71.9257
336.4820,208.1435,30.7948,73.3642
335.3793,206.2828,30.1910,71.9257
332.9776,204.5474,30.1910,71.9257
330.8260,203.6324,29.0187,69.1327
327.8137,199.5185,30.1910,71.9257
326.0924,198.9512,29.5990,70.5154
