262.0000,94.0000,16.0000,26.0000
260.7586,91.7122,16.3200,26.5200
260.2746,90.9370,16.3200,26.5200
259.7650,90.4992,15.6863,25.4902
258.5531,89.2167,16.3200,26.5200
257.0498,87.7630,16.9793,27.5914
255.2383,86.8166,16.6464,27.0504
253.2923,85.0620,16.6464,27.0504
252.4920,83.9723,16.3200,26.5200
250.6320,79.9174,16.9793,27.5914
249.4481,77.3188,17.6653,28.7061
247.8659,75.0575,18.3790,29.8658
245.9612,73.0933,18.3790,29.8658
245.7450,73.1291,17.6653,28.7061
243.0022,70.5666,18.3790,29.8658
241.8984,68.9201,19.1215,31.0724
240.2380,66.9047,19.1215,31.0724
239.5790,65.8696,19.8940,32.3277
237.6807,64.4017,19.5039,31.6939
236.3493,63.5702,19.5039,31.6939
233.6626,62.3524,19.5039,31.6939
231.4710,60.3626,20.2919,32.9743
229.4285,58.7924,21.1117,34.3064
228.3113,57.6985,20.6977,33.6338
227.8575,55.4815,21.5339,34.9926
227.6319,54.5048,20.6977,33.6338
227.4137,52.5199,21.1117,34.3064
226.8643,51.0435,21.5339,34.9926
225.7643,48.6780,20.6977,33.6338
224.9882,47.5227,21.5339,34.9926
222.3265,44.3787,21.9646,35.6924
220.8673,42.4662,22.8519,37.1344
219.0053,40.1852,21.9646,35.6924
217.6051,38.3551,22.8519,37.1344
216.1054,36.2533,23.7752,38.6346
214.1949,33.0811,24.7357,40.1955
213.1877,31.9562,24.2507,39.4073
211.7647,29.5248,24.7357,40.1955
210.1657,27.4336,25.7350,41.8194
206.8660,24.7598,26.2497,42.6558
205.8025,24.2380,25.7350,41.8194
203.2197,21.7548,26.7747,43.5089
202.4773,21.1876,26.7747,43.5089
202.0438,20.4549,27.3102,44.3790
200.7482,18.3250,28.4135,46.1720
201.4648,18.1652,27.3102,44.3790
200.8701,16.1180,28.4135,46.1720
202.6010,17.1308,27.3102,44.3790
203.4938,16.5856,27.8564,45.2666
203.6523,15.2185,28.9818,47.0954
205.6771,16.5899,28.4135,46.1720
206.0812,16.6150,28.4135,46.1720
206.6691,16.1732,28.9818,47.0954
207.2497,15.9901,28.9818,47.0954
209.4455,15.0175,29.5614,48.0373
210.0288,14.1782,30.1526,48.9981
209.6419,10.0837,31.3708,50.9776
212.0182,9.9290,30.1526,48.9981
212.9932,8.3286,30.7557,49.9780
213.9637,4.9967,31.9982,51.9971
216.3935,5.0244,33.2910,54.0978
216.8167,6.3048,33.9568,55.1798
220.5187,14.3683,32.6382,53.0371
230.0612,39.4316,31.3708,50.9776
232.9977,45.9100,32.6382,53.0371
243.7034,64.1667,31.3708,50.9776
262.5006,59.8922,32.6382,53.0371
272.3084,43.9930,33.9568,55.1798
276.2626,33.5479,32.6382,53.0371
294.3123,3.7058,32.6382,53.0371
306.1936,-23.1224,33.2910,54.0978
314.8852,-24.6322,31.9982,51.9971
325.3497,-29.6294,31.3708,50.9776
341.3960,-26.5389,30.1526,48.9981
354.3153,-24.7175,28.9818,47.0954
359.4684,-26.8816,27.8564,45.2666
368.2852,-25.9278,27.8564,45.2666
376.2900,-18.0663,27.3102,44.3790
375.1772,-13.9922,26.2497,42.6558
377.4738,-5.8232,26.7747,43.5089
376.8102,15.2076,26.2497,42.6558
379.0548,42.7272,27.3102,44.3790
383.5712,53.3415,26.2497,42.6558
388.7887,60.9738,27.3102,44.3790
394.5525,60.8074,27.8564,45.2666
396.3127,55.7056,28.9818,47.0954
399.5690,52.6688,29.5614,48.0373
404.6009,46.0151,28.9818,47.0954
406.1301,43.4123,30.1526,48.9981
407.8142,37.9775,30.7557,49.9780
409.2692,35.3226,30.7557,49.9780
409.7157,33.5595,31.9982,51.9971
409.6210,32.5649,33.2910,54.0978
410.9060,33.5847,32.6382,53.0371
411.2704,34.8393,31.9982,51.9971
413.1276,37.0512,30.7557,49.9780
412.5560,36.3716,31.3708,50.9776
411.4791,36.1363,32.6382,53.0371
410.5589,37.2405,31.3708,50.9776
409.4749,38.2230,30.7557,49.9780
408.1628,36.5393,31.9982,51.9971
407.9904,36.3334,31.9982,51.9971
408.1588,38.8323,30.7557,49.9780
406.5142,38.9194,31.3708,50.9776
405.6873,41.0320,30.7557,49.9780
401.2912,43.8573,30.1526,48.9981
400.8518,44.0401,30.7557,49.9780
400.8554,44.5512,30.7557,49.9780
399.6186,43.7815,31.9982,51.9971
401.2353,46.6180,30.7557,49.9780
402.5374,50.2576,29.5614,48.0373
402.0902,51.7824,28.9818,47.0954
403.0381,54.2624,27.8564,45.2666
400.9154,55.1663,28.9818,47.0954
401.2231,57.6278,27.8564,45.2666
399.9505,58.5744,26.7747,43.5089
400.1103,60.1841,26.2497,42.6558
398.6681,61.1755,25.7350,41.8194
397.5313,61.3096,25.2304,40.9994
395.2000,62.0150,26.2497,42.6558
393.0866,61.4581,26.7747,43.5089
391.6376,63.7684,25.7350,41.8194
389.3931,62.9965,26.7747,43.5089
387.9823,63.6555,26.7747,43.5089
387.9555,63.5448,26.7747,43.5089
387.4883,64.0270,26.7747,43.5089
388.1970,66.3787,25.7350,41.8194
387.8037,66.7046,25.2304,40.9994
387.7937,68.6911,24.7357,40.1955
386.0006,68.1650,25.2304,40.9994
385.3414,70.1759,24.7357,40.1955
383.8294,69.6101,25.7350,41.8194
382.1734,70.0721,26.2497,42.6558
380.3246,71.1942,26.2497,42.6558
379.4720,71.9786,25.2304,40.9994
377.9790,73.1581,25.7350,41.8194
377.0594,73.3563,25.2304,40.9994
375.7601,74.0539,26.2497,42.6558
374.4300,73.2212,26.7747,43.5089
374.4019,75.1079,25.7350,41.8194
373.6727,75.3199,25.2304,40.9994
373.1849,75.5391,25.2304,40.9994
