450.0000,91.0000,31.0000,37.0000
446.3753,95.3486,30.3922,36.2745
442.2446,99.8714,29.2120,34.8659
437.5102,102.7781,28.6392,34.1823
434.3878,105.6617,28.0777,33.5120
429.4080,107.1011,27.5271,32.8549
424.5625,107.7605,27.5271,32.8549
420.2225,107.9017,28.6392,34.1823
416.3850,110.5802,27.5271,32.8549
413.5198,113.3044,28.0777,33.5120
413.4474,114.0037,29.2120,34.8659
409.2939,116.6865,29.2120,34.8659
406.6120,118.3086,28.6392,34.1823
406.3131,122.0678,28.0777,33.5120
405.3461,124.3791,29.2120,34.8659
404.0577,129.6756,28.0777,33.5120
403.5742,133.2664,26.9874,32.2107
402.4299,136.7162,26.9874,32.2107
401.7987,138.4166,27.5271,32.8549
399.8846,140.1990,27.5271,32.8549
399.9460,140.6532,28.6392,34.1823
397.5420,143.9844,28.0777,33.5120
395.6475,143.0040,28.6392,34.1823
393.8786,143.2365,27.5271,32.8549
392.6096,142.6321,28.0777,33.5120
391.4848,140.2907,28.6392,34.1823
393.1474,142.4756,28.0777,33.5120
391.3376,139.9391,29.2120,34.8659
388.6790,138.4232,29.7962,35.5632
389.0061,138.2744,28.6392,34.1823
387.1372,137.5769,29.7962,35.5632
387.6136,140.3966,28.6392,34.1823
387.3746,140.9551,29.2120,34.8659
386.1872,140.3206,30.3922,36.2745
385.6717,141.7509,31.6200,37.7400
386.0702,141.6272,32.2524,38.4948
383.6202,141.5792,31.6200,37.7400
386.1719,143.7643,30.3922,36.2745
385.3137,144.4324,29.2120,34.8659
385.2860,146.1796,28.0777,33.5120
384.8153,145.2188,27.5271,32.8549
384.9837,145.7728,26.4582,31.5791
383.8880,146.0611,25.9394,30.9599
381.5941,146.3294,26.4582,31.5791
380.5979,148.1901,25.9394,30.9599
381.7254,149.4705,26.9874,32.2107
380.4359,149.5040,27.5271,32.8549
382.3777,149.8185,28.6392,34.1823
382.6844,152.1367,27.5271,32.8549
383.7790,154.3334,28.0777,33.5120
384.5512,154.4459,28.6392,34.1823
384.8537,154.0326,29.7962,35.5632
384.5112,155.5165,29.2120,34.8659
382.8667,156.6941,30.3922,36.2745
384.3038,156.5090,31.6200,37.7400
384.8767,159.8810,30.3922,36.2745
387.5017,160.9118,29.7962,35.5632
388.4484,162.4367,29.2120,34.8659
386.5526,160.2108,29.7962,35.5632
388.2383,161.4944,29.2120,34.8659
389.1361,162.2128,30.3922,36.2745
386.9376,162.9157,29.7962,35.5632
388.0628,165.5039,29.2120,34.8659
389.1063,165.4009,30.3922,36.2745
390.6297,167.3399,29.7962,35.5632
392.7665,169.8002,29.2120,34.8659
391.8277,171.0488,28.6392,34.1823
392.0920,170.4911,29.7962,35.5632
392.2154,172.9826,28.6392,34.1823
393.7178,174.3416,29.7962,35.5632
392.7357,174.5044,31.0000,37.0000
392.5791,175.3465,30.3922,36.2745
393.0770,177.2095,29.7962,35.5632
393.8215,176.5847,30.3922,36.2745
392.8745,175.9969,29.7962,35.5632
390.8981,177.8161,28.6392,34.1823
390.6170,178.4943,29.2120,34.8659
390.2239,179.6425,28.6392,34.1823
391.2595,181.3283,28.0777,33.5120
391.0713,182.0017,27.5271,32.8549
391.4680,183.8214,26.4582,31.5791
392.4722,186.2757,25.4308,30.3529
391.4913,186.7278,24.4433,29.1742
391.4094,187.1007,25.4308,30.3529
390.4800,187.3960,24.9322,29.7577
389.8123,187.6090,25.9394,30.9599
389.9575,187.9836,26.9874,32.2107
389.0341,187.2544,27.5271,32.8549
388.0607,186.8448,28.6392,34.1823
388.0308,188.3035,28.0777,33.5120
386.9674,187.7495,29.2120,34.8659
385.9370,187.9715,29.2120,34.8659
384.2106,186.7724,29.7962,35.5632
383.4106,188.3038,28.6392,34.1823
383.4149,189.1820,28.0777,33.5120
382.5626,189.4891,27.5271,32.8549
382.1126,190.6223,26.4582,31.5791
381.2054,191.1259,25.9394,30.9599
380.5303,191.0875,26.4582,31.5791
379.2874,190.5666,27.5271,32.8549
378.5504,191.5328,27.5271,32.8549
378.2283,191.4413,28.0777,33.5120
377.5649,190.7734,29.2120,34.8659
376.3555,190.2869,30.3922,36.2745
375.3118,189.6564,29.7962,35.5632
374.3504,189.3009,29.7962,35.5632
373.1693,188.8376,29.7962,35.5632
373.1680,189.2216,29.2120,34.8659
371.8479,188.5500,30.3922,36.2745
371.4776,189.1091,29.2120,34.8659
370.8896,189.6513,28.0777,33.5120
369.2531,189.0588,28.6392,34.1823
369.0014,189.7955,27.5271,32.8549
368.2184,190.0612,28.0777,33.5120
367.9862,190.5815,26.9874,32.2107
366.6699,189.8153,26.9874,32.2107
366.1962,189.5411,25.9394,30.9599
366.1147,188.1821,26.9874,32.2107
364.6831,187.7683,25.9394,30.9599
364.4234,187.4633,25.4308,30.3529
364.5992,187.1532,25.4308,30.3529
362.9638,187.7072,25.4308,30.3529
361.4933,186.8449,26.4582,31.5791
359.7319,185.4869,27.5271,32.8549
359.2492,185.8253,26.4582,31.5791
359.3759,184.7630,26.4582,31.5791
360.0704,184.6863,25.4308,30.3529
358.2010,183.9266,24.4433,29.1742
358.1896,184.3057,23.4941,28.0414
356.6590,183.3591,23.4941,28.0414
347.5022,176.0517,22.5818,26.9525
358.6012,176.2542,23.0335,27.4915
355.8629,178.8169,23.0335,27.4915
355.4771,172.0105,22.1390,26.4240
356.8134,177.9134,22.5818,26.9525
360.0031,176.7632,23.4941,28.0414
353.7642,171.7402,22.5818,26.9525
355.8735,175.9854,21.7049,25.9059
359.1669,175.4000,20.8621,24.8999
358.4911,174.0362,20.0520,23.9330
360.7027,169.4422,20.4531,24.4117
372.0381,165.3025,21.2794,25.3979
372.5377,164.6524,22.1390,26.4240
372.6179,164.8471,22.5818,26.9525
371.9740,157.7497,23.4941,28.0414
381.5509,165.1332,23.4941,28.0414
374.1932,183.8619,23.4941,28.0414
373.5376,179.6180,22.5818,26.9525
372.5315,182.5842,21.7049,25.9059
393.4568,183.3910,21.2794,25.3979
383.9469,171.8660,21.7049,25.9059
385.1842,179.1952,21.7049,25.9059
407.3273,202.9850,21.2794,25.3979
420.3764,198.5532,21.7049,25.9059
419.6426,221.1225,22.5818,26.9525
419.5840,221.2226,22.5818,26.9525
428.4864,237.2687,22.1390,26.4240
418.9682,245.0012,22.5818,26.9525
421.1390,237.3413,23.4941,28.0414
412.0752,261.0012,24.4433,29.1742
406.9411,265.2026,23.9640,28.6022
402.3699,266.3440,24.4433,29.1742
410.2856,268.8364,23.4941,28.0414
409.5206,280.4778,22.5818,26.9525
405.0195,284.3613,21.7049,25.9059
401.3913,275.6026,22.5818,26.9525
407.9116,268.8987,21.7049,25.9059
408.3850,266.9994,21.2794,25.3979
407.0501,267.1833,21.7049,25.9059
406.0339,266.6205,22.1390,26.4240
406.2221,266.7943,22.5818,26.9525
406.8616,283.7145,23.0335,27.4915
412.1240,293.1777,23.0335,27.4915
414.7656,299.3831,23.4941,28.0414
414.4971,304.7688,22.5818,26.9525
408.3811,295.9732,23.0335,27.4915
413.0715,295.4065,22.5818,26.9525
417.0012,298.0243,21.7049,25.9059
426.7603,290.8329,22.5818,26.9525
427.2701,291.7157,23.4941,28.0414
438.7032,311.5712,24.4433,29.1742
451.7609,308.9529,25.4308,30.3529
467.0850,296.2046,26.4582,31.5791
453.1590,319.1826,26.4582,31.5791
450.4057,310.2456,27.5271,32.8549
451.6169,297.2842,27.5271,32.8549
462.2845,261.5503,27.5271,32.8549
461.5370,262.6902,26.9874,32.2107
460.7106,262.3366,25.9394,30.9599
461.4171,262.2687,26.4582,31.5791
462.5482,263.3070,27.5271,32.8549
464.5299,264.5802,28.0777,33.5120
466.5431,266.4671,26.9874,32.2107
466.2694,265.5711,27.5271,32.8549
466.9313,267.6011,26.9874,32.2107
467.9072,268.2796,27.5271,32.8549
468.3410,267.8899,28.6392,34.1823
469.2675,269.7313,28.0777,33.5120
470.2093,269.8289,28.6392,34.1823
470.1834,269.6007,29.7962,35.5632
471.9122,270.1023,30.3922,36.2745
472.4148,271.0529,29.7962,35.5632
473.5296,271.9850,30.3922,36.2745
474.1341,270.8881,31.6200,37.7400
474.7312,270.8417,31.6200,37.7400
476.8963,272.7710,31.0000,37.0000
477.8935,272.9661,32.2524,38.4948
478.5487,273.0615,32.8974,39.2647
479.7316,273.5537,31.6200,37.7400
481.5157,275.4091,31.0000,37.0000
482.8380,274.9368,32.2524,38.4948
482.7803,274.2417,33.5554,40.0500
484.7914,275.7476,32.2524,38.4948
485.6357,275.7378,32.8974,39.2647
485.8586,275.4046,34.2265,40.8510
487.4476,275.6188,34.2265,40.8510
489.0487,276.1098,34.2265,40.8510
489.9373,276.4769,35.6093,42.5014
491.5906,276.7726,35.6093,42.5014
492.8266,277.4138,35.6093,42.5014
494.6984,277.7885,35.6093,42.5014
495.5144,277.1713,37.0479,44.2184
496.4605,276.9639,37.7888,45.1028
498.0709,277.2894,37.7888,45.1028
498.7063,277.3356,38.5446,46.0048
500.4023,277.7419,38.5446,46.0048
502.1093,278.2268,38.5446,46.0048
503.5018,278.1917,39.3155,46.9249
504.8169,278.4282,39.3155,46.9249
506.5737,278.7731,40.1018,47.8634
507.9167,278.4246,40.9038,48.8207
509.5471,278.8338,40.9038,48.8207
510.5084,278.2144,41.7219,49.7971
513.0766,279.6500,40.9038,48.8207
514.1334,279.3860,41.7219,49.7971
515.4806,279.2559,42.5564,50.7931
517.3380,279.9435,42.5564,50.7931
519.5958,280.4746,42.5564,50.7931
521.4049,280.8449,44.2756,52.8451
523.6282,281.2620,44.2756,52.8451
524.7621,280.7492,45.1611,53.9020
526.8383,281.3311,46.0644,54.9801
528.7157,281.5706,46.9857,56.0797
529.8686,280.8757,48.8839,58.3453
533.2674,282.4598,46.9857,56.0797
535.6171,283.3223,46.9857,56.0797
537.0012,282.5295,47.9254,57.2012
539.0646,282.6804,47.9254,57.2012
541.4984,282.4999,49.8616,59.5122
543.3919,281.9633,51.8760,61.9165
545.1909,281.4826,52.9135,63.1548
547.2868,280.1860,55.0512,65.7063
549.6420,280.8761,55.0512,65.7063
552.8194,281.3367,55.0512,65.7063
555.0359,281.1951,56.1522,67.0204
557.3360,280.6411,57.2753,68.3608
560.6646,281.0468,57.2753,68.3608
564.0728,281.5636,57.2753,68.3608
566.8065,281.7631,58.4208,69.7280
569.3750,281.5727,59.5892,71.1226
573.0442,282.1113,59.5892,71.1226
575.7393,281.9382,61.9966,73.9959
579.6369,283.3417,60.7810,72.5450
581.7585,282.4098,63.2365,75.4758
585.9974,282.1355,65.7913,78.5251
589.4227,281.4671,68.4492,81.6975
592.4498,281.5682,69.8182,83.3314
597.2871,283.4898,68.4492,81.6975
600.3346,282.2661,71.2146,84.9980
604.8374,282.8464,71.2146,84.9980
608.5655,283.2400,74.0916,88.4320
612.9941,284.0946,75.5735,90.2006
617.0401,285.3375,75.5735,90.2006
621.6054,284.9657,78.6266,93.8447
625.9106,284.8915,80.1992,95.7216
631.5041,288.4928,77.0849,92.0046
637.8550,289.3673,78.6266,93.8447
643.6764,290.3834,78.6266,93.8447
647.1237,289.3188,81.8032,97.6360
651.6060,291.1780,83.4392,99.5888
656.8925,291.7727,83.4392,99.5888
663.4851,293.7730,80.1992,95.7216
668.4617,292.0435,83.4392,99.5888
676.3129,294.7578,86.8102,103.6121
678.1385,293.4636,90.3173,107.7981
684.8582,292.8034,93.9661,112.1531
689.7256,292.1778,93.9661,112.1531
696.3176,295.8265,90.3173,107.7981
711.2278,299.5537,93.9661,112.1531
712.7017,297.4425,97.7624,116.6841
714.3450,298.6161,93.9661,112.1531
718.8170,298.0642,92.1237,109.9540
718.9674,294.1541,90.3173,107.7981
719.6576,303.2397,90.3173,107.7981
721.1924,305.8453,86.8102,103.6121
721.0888,304.2908,86.8102,103.6121
724.7524,305.0536,85.1080,101.5805
656.4776,301.9015,88.5464,105.6844
658.3961,301.1637,88.5464,105.6844
663.9157,289.0588,92.1237,109.9540
672.2040,277.8307,90.3173,107.7981
678.3049,288.2599,88.5464,105.6844
683.5196,294.3449,85.1080,101.5805
691.4778,292.0486,83.4392,99.5888
698.2164,298.0414,80.1992,95.7216
709.1139,304.0235,81.8032,97.6360
714.6278,309.0463,78.6266,93.8447
711.5181,312.4397,80.1992,95.7216
718.5623,307.2356,81.8032,97.6360
719.9096,309.9587,85.1080,101.5805
703.9089,313.8250,88.5464,105.6844
710.6664,316.8195,92.1237,109.9540
712.5999,313.2697,88.5464,105.6844
720.7470,319.4437,88.5464,105.6844
724.8970,324.0449,85.1080,101.5805
673.9773,331.3526,85.1080,101.5805
666.8295,284.5190,88.5464,105.6844
673.9433,281.5150,92.1237,109.9540
662.0033,284.3717,90.3173,107.7981
671.2349,282.5086,93.9661,112.1531
667.0144,283.9498,90.3173,107.7981
665.4619,288.3454,93.9661,112.1531
676.7575,289.9274,90.3173,107.7981
663.6965,288.6289,93.9661,112.1531
673.2225,288.3542,95.8454,114.3962
672.4350,291.2151,92.1237,109.9540
674.1614,292.0477,90.3173,107.7981
675.6265,293.4043,86.8102,103.6121
674.8389,297.6459,90.3173,107.7981
677.0870,299.9195,86.8102,103.6121
681.1886,301.0512,86.8102,103.6121
676.3337,305.8875,83.4392,99.5888
679.2654,309.6293,81.8032,97.6360
677.0645,312.8327,78.6266,93.8447
680.0219,316.3012,78.6266,93.8447
681.2201,318.3199,78.6266,93.8447
679.5098,317.7160,80.1992,95.7216
678.5507,324.3429,78.6266,93.8447
679.5262,325.0495,77.0849,92.0046
685.8513,328.8054,75.5735,90.2006
682.3121,332.9513,75.5735,90.2006
684.2312,337.0676,75.5735,90.2006
687.8566,336.6071,75.5735,90.2006
684.3586,342.5636,74.0916,88.4320
687.4030,347.3693,71.2146,84.9980
686.8411,350.5529,74.0916,88.4320
682.8675,355.3592,75.5735,90.2006
683.4658,357.8341,74.0916,88.4320
676.8354,313.4048,77.0849,92.0046
679.8569,309.4372,78.6266,93.8447
679.3666,307.9611,81.8032,97.6360
681.1612,311.4734,78.6266,93.8447
681.2672,322.3066,78.6266,93.8447
689.0057,323.3669,75.5735,90.2006
681.8202,310.7745,77.0849,92.0046
675.0967,306.9713,77.0849,92.0046
676.0054,313.2474,74.0916,88.4320
678.7573,317.5173,75.5735,90.2006
679.5333,319.2058,74.0916,88.4320
683.8840,316.0583,75.5735,90.2006
685.0660,317.0743,75.5735,90.2006
682.4917,322.1339,72.6389,86.6980
686.1721,325.9760,69.8182,83.3314
688.0448,325.7078,67.1071,80.0956
678.3525,334.4638,69.8182,83.3314
685.0931,332.4986,68.4492,81.6975
685.8531,331.0833,67.1071,80.0956
682.3061,331.6236,67.1071,80.0956
681.1499,332.8706,68.4492,81.6975
685.6747,330.9028,65.7913,78.5251
687.9812,327.4718,67.1071,80.0956
688.6219,345.9276,64.5012,76.9853
685.2617,340.0463,61.9966,73.9959
688.5629,340.6664,61.9966,73.9959
682.1008,334.6173,64.5012,76.9853
683.0077,334.9173,63.2365,75.4758
692.4385,330.9324,60.7810,72.5450
688.0196,344.8007,58.4208,69.7280
681.1228,337.1485,60.7810,72.5450
687.0869,321.5850,63.2365,75.4758
682.3030,329.2176,65.7913,78.5251
684.2504,333.2276,65.7913,78.5251
687.9537,335.3726,63.2365,75.4758
685.5394,334.1104,60.7810,72.5450
683.4504,336.3825,60.7810,72.5450
686.9341,335.0391,63.2365,75.4758
690.0797,336.5165,60.7810,72.5450
687.7087,333.9332,61.9966,73.9959
684.5752,329.6112,63.2365,75.4758
679.1084,325.8651,64.5012,76.9853
679.0945,324.2801,65.7913,78.5251
677.7230,321.0544,68.4492,81.6975
681.6956,319.9412,71.2146,84.9980
680.4268,322.7585,72.6389,86.6980
682.4451,305.3892,75.5735,90.2006
680.0640,312.0091,78.6266,93.8447
682.5142,317.4352,77.0849,92.0046
680.6537,321.3120,74.0916,88.4320
679.5355,322.9299,77.0849,92.0046
675.0760,321.0936,80.1992,95.7216
669.6113,323.2915,77.0849,92.0046
675.3944,317.5760,78.6266,93.8447
671.2390,314.3171,81.8032,97.6360
674.9470,310.2195,81.8032,97.6360
677.3497,311.6474,81.8032,97.6360
678.5502,312.7476,81.8032,97.6360
681.3907,320.6380,78.6266,93.8447
677.8504,321.7882,81.8032,97.6360
