227.0000,207.0000,122.0000,99.0000
239.8999,207.2563,122.0000,99.0000
255.4603,210.9560,122.0000,99.0000
260.0034,221.9309,119.6078,97.0588
258.8612,229.8709,122.0000,99.0000
256.3666,236.8859,122.0000,99.0000
246.9742,245.4032,122.0000,99.0000
241.3672,249.7695,124.4400,100.9800
249.1412,251.4159,124.4400,100.9800
259.8309,257.9041,126.9288,102.9996
258.1778,268.6644,122.0000,99.0000
247.3789,266.9639,126.9288,102.9996
246.5657,265.4982,129.4674,105.0596
255.3634,273.2883,129.4674,105.0596
264.4228,289.3666,126.9288,102.9996
271.9280,302.0020,126.9288,102.9996
279.3515,308.3174,122.0000,99.0000
263.3343,308.2009,122.0000,99.0000
240.7288,295.5226,126.9288,102.9996
239.0319,279.4506,126.9288,102.9996
246.2910,265.4847,126.9288,102.9996
262.2854,255.2921,126.9288,102.9996
274.1693,261.2811,126.9288,102.9996
258.7575,280.7827,129.4674,105.0596
229.0578,299.1963,129.4674,105.0596
214.0314,298.2809,129.4674,105.0596
232.1818,272.5558,134.6979,109.3040
259.5703,251.9054,132.0567,107.1608
276.3125,251.4393,129.4674,105.0596
285.1793,261.7255,129.4674,105.0596
276.4387,265.3082,132.0567,107.1608
251.1721,262.9793,126.9288,102.9996
219.7676,257.5906,124.4400,100.9800
201.3873,249.7153,129.4674,105.0596
207.0365,248.1887,129.4674,105.0596
214.2167,249.8544,129.4674,105.0596
221.1175,252.1349,124.4400,100.9800
221.2855,257.0111,126.9288,102.9996
213.1775,261.8318,126.9288,102.9996
208.8370,254.5808,126.9288,102.9996
204.9664,239.0082,129.4674,105.0596
206.4244,222.9075,129.4674,105.0596
221.2932,205.1574,132.0567,107.1608
230.0616,207.9865,132.0567,107.1608
219.7531,229.0679,132.0567,107.1608
213.9010,249.8892,129.4674,105.0596
221.2189,262.6234,129.4674,105.0596
235.0166,270.5215,132.0567,107.1608
228.1166,282.5913,129.4674,105.0596
218.2819,286.9601,129.4674,105.0596
214.7386,274.4611,134.6979,109.3040
203.9272,253.3567,132.0567,107.1608
197.9680,228.8337,132.0567,107.1608
205.4973,216.4234,137.3918,111.4901
218.7032,221.0889,132.0567,107.1608
227.4462,223.3932,132.0567,107.1608
235.7376,216.6327,132.0567,107.1608
242.5794,206.9657,129.4674,105.0596
232.8189,206.3217,134.6979,109.3040
212.1046,220.9645,134.6979,109.3040
194.4622,242.9298,132.0567,107.1608
192.6752,248.0722,132.0567,107.1608
209.5989,237.2780,137.3918,111.4901
233.4265,231.0204,134.6979,109.3040
246.2308,220.0673,132.0567,107.1608
243.5519,206.2388,137.3918,111.4901
239.9266,201.0563,134.6979,109.3040
220.3279,205.8587,134.6979,109.3040
191.1601,213.2065,140.1397,113.7199
175.1695,211.7877,140.1397,113.7199
170.3787,194.8263,142.9424,115.9943
172.7034,167.5426,140.1397,113.7199
167.3722,159.1701,142.9424,115.9943
171.2597,176.3759,137.3918,111.4901
197.1715,173.6568,142.9424,115.9943
232.7332,170.8010,137.3918,111.4901
226.0292,195.6098,142.9424,115.9943
207.2478,249.1945,148.7173,120.6804
221.4233,305.5052,145.8013,118.3142
270.8999,327.0608,145.8013,118.3142
296.3373,313.6638,148.7173,120.6804
277.1305,282.5398,142.9424,115.9943
233.4285,244.3290,148.7173,120.6804
195.9659,217.9628,142.9424,115.9943
184.0080,215.0717,137.3918,111.4901
186.0730,229.3886,142.9424,115.9943
190.1864,244.2086,148.7173,120.6804
189.1479,243.4964,148.7173,120.6804
194.9787,224.4520,148.7173,120.6804
201.0881,201.1447,148.7173,120.6804
204.2009,186.3748,142.9424,115.9943
200.5366,190.5593,140.1397,113.7199
192.7156,204.9239,145.8013,118.3142
205.0372,218.9592,145.8013,118.3142
232.8872,214.4780,142.9424,115.9943
250.0863,201.9312,145.8013,118.3142
263.9768,207.8686,142.9424,115.9943
293.4853,221.6612,145.8013,118.3142
328.3221,230.6912,145.8013,118.3142
349.2709,230.3348,148.7173,120.6804
351.5053,219.5194,142.9424,115.9943
332.2490,201.3248,145.8013,118.3142
303.2937,196.4143,145.8013,118.3142
284.7921,199.2369,145.8013,118.3142
284.7088,200.9568,145.8013,118.3142
286.2235,201.9875,145.8013,118.3142
278.3297,210.5772,148.7173,120.6804
269.3404,225.1096,145.8013,118.3142
261.5684,232.1887,148.7173,120.6804
265.4237,232.4962,151.6917,123.0941
274.6523,235.6749,145.8013,118.3142
251.9734,246.6134,148.7173,120.6804
219.0513,257.8328,145.8013,118.3142
205.0946,245.0557,151.6917,123.0941
226.1247,224.4289,145.8013,118.3142
251.8552,204.0361,148.7173,120.6804
264.4234,195.8618,142.9424,115.9943
251.4802,206.1139,148.7173,120.6804
234.4433,222.1231,151.6917,123.0941
233.6458,235.4533,145.8013,118.3142
238.8953,238.6123,145.8013,118.3142
257.1359,237.5486,148.7173,120.6804
271.7283,234.3342,145.8013,118.3142
260.1695,224.7192,151.6917,123.0941
252.5394,221.3646,148.7173,120.6804
259.4580,223.2164,151.6917,123.0941
278.5217,226.2546,148.7173,120.6804
276.7949,213.6315,151.6917,123.0941
262.2354,199.5273,148.7173,120.6804
247.7739,190.7741,145.8013,118.3142
250.7081,186.8684,148.7173,120.6804
252.9185,183.9808,154.7255,125.5559
239.1996,186.1477,151.6917,123.0941
211.5669,183.2877,148.7173,120.6804
195.4318,177.8306,148.7173,120.6804
202.4803,172.9878,154.7255,125.5559
216.6653,174.0366,151.6917,123.0941
198.3075,173.7696,148.7173,120.6804
153.3242,179.0582,148.7173,120.6804
131.9236,184.8567,154.7255,125.5559
176.5373,184.8491,157.8200,128.0671
241.3945,186.6339,154.7255,125.5559
278.7819,192.3114,148.7173,120.6804
279.7738,192.3942,151.6917,123.0941
272.0475,191.5215,154.7255,125.5559
256.8800,188.3122,148.7173,120.6804
216.4125,181.5551,148.7173,120.6804
188.7251,181.0296,148.7173,120.6804
190.2907,182.4535,148.7173,120.6804
201.0968,181.9270,151.6917,123.0941
207.4328,181.3945,145.8013,118.3142
193.9922,174.9577,151.6917,123.0941
192.3898,172.8800,151.6917,123.0941
198.8880,174.0517,145.8013,118.3142
214.2049,168.8408,151.6917,123.0941
242.2917,156.7635,154.7255,125.5559
262.2150,145.2525,148.7173,120.6804
247.3027,143.2923,148.7173,120.6804
235.9409,150.7803,151.6917,123.0941
252.7990,149.4898,148.7173,120.6804
278.9976,142.2176,148.7173,120.6804
292.0239,146.2236,145.8013,118.3142
277.9778,174.3355,151.6917,123.0941
258.8439,213.3697,154.7255,125.5559
252.4489,232.6290,154.7255,125.5559
258.4158,226.1320,148.7173,120.6804
250.3615,201.8115,151.6917,123.0941
244.0943,187.7438,145.8013,118.3142
228.3297,187.4529,145.8013,118.3142
219.1365,192.4766,145.8013,118.3142
211.6048,190.9116,148.7173,120.6804
217.4272,189.3331,142.9424,115.9943
240.6710,184.4993,137.3918,111.4901
260.4050,172.1686,142.9424,115.9943
268.4786,173.0098,142.9424,115.9943
267.3981,179.2152,140.1397,113.7199
267.6832,184.8850,145.8013,118.3142
270.3811,199.8862,145.8013,118.3142
264.2846,217.3478,145.8013,118.3142
258.9736,230.0683,142.9424,115.9943
258.7189,228.7122,140.1397,113.7199
262.1348,214.4873,140.1397,113.7199
267.1192,197.4892,145.8013,118.3142
266.2788,184.6980,142.9424,115.9943
248.3594,173.2892,142.9424,115.9943
235.9275,171.2354,148.7173,120.6804
228.3813,179.9197,148.7173,120.6804
216.6808,195.3256,148.7173,120.6804
217.7311,217.0182,142.9424,115.9943
242.4880,228.5507,140.1397,113.7199
275.1070,217.3214,145.8013,118.3142
305.0356,202.6584,140.1397,113.7199
300.0976,185.5017,145.8013,118.3142
299.7039,181.1204,140.1397,113.7199
317.6899,180.3267,140.1397,113.7199
339.2044,179.4105,134.6979,109.3040
346.3101,170.3022,140.1397,113.7199
345.4365,165.2151,137.3918,111.4901
319.2541,170.5041,142.9424,115.9943
306.2586,185.7339,137.3918,111.4901
324.8852,185.5638,140.1397,113.7199
366.4222,179.8041,145.8013,118.3142
400.8759,179.0879,140.1397,113.7199
407.6951,180.5063,142.9424,115.9943
415.8458,192.2684,137.3918,111.4901
427.1094,194.9221,140.1397,113.7199
441.8311,188.4059,137.3918,111.4901
439.1131,177.7593,134.6979,109.3040
409.3022,174.8664,140.1397,113.7199
369.1277,183.4540,145.8013,118.3142
331.8987,194.4732,140.1397,113.7199
317.6649,200.1718,134.6979,109.3040
326.8118,197.5238,132.0567,107.1608
336.0557,188.0258,137.3918,111.4901
348.1608,176.2244,140.1397,113.7199
360.8397,172.9565,134.6979,109.3040
354.4189,179.5787,132.0567,107.1608
344.7791,192.9392,134.6979,109.3040
337.5412,203.3408,134.6979,109.3040
311.7168,197.9020,137.3918,111.4901
272.0816,188.4229,132.0567,107.1608
224.3537,184.5263,137.3918,111.4901
203.6920,189.4413,132.0567,107.1608
209.3353,193.3813,129.4674,105.0596
225.4036,193.0565,126.9288,102.9996
225.3099,187.3007,126.9288,102.9996
205.5002,186.1521,132.0567,107.1608
198.4449,203.9485,126.9288,102.9996
209.5129,217.4435,132.0567,107.1608
248.8590,230.2049,126.9288,102.9996
269.6732,235.6629,122.0000,99.0000
246.9233,231.2623,126.9288,102.9996
208.3354,223.1950,132.0567,107.1608
182.7055,217.4847,132.0567,107.1608
179.7171,214.4102,132.0567,107.1608
206.8445,210.6384,134.6979,109.3040
256.6031,211.1407,129.4674,105.0596
286.6784,213.5111,129.4674,105.0596
282.4353,218.8836,129.4674,105.0596
247.1179,220.4389,129.4674,105.0596
190.1849,218.3476,129.4674,105.0596
143.9027,214.9192,132.0567,107.1608
130.9254,209.9943,129.4674,105.0596
148.2673,199.7402,126.9288,102.9996
177.4913,190.7836,124.4400,100.9800
190.8505,185.9216,126.9288,102.9996
199.4017,187.7690,122.0000,99.0000
213.9012,189.3313,122.0000,99.0000
236.1705,188.6104,126.9288,102.9996
255.1375,195.0584,122.0000,99.0000
257.2589,200.6849,122.0000,99.0000
248.2904,206.6392,122.0000,99.0000
236.3495,213.3171,124.4400,100.9800
232.5284,225.5680,122.0000,99.0000
231.5804,238.3114,124.4400,100.9800
234.8700,239.8979,122.0000,99.0000
240.3939,216.5886,126.9288,102.9996
247.5588,193.8428,124.4400,100.9800
247.9218,197.4668,122.0000,99.0000
244.2012,218.8558,119.6078,97.0588
235.6787,236.5119,119.6078,97.0588
224.3491,247.7445,117.2626,95.1557
208.7282,242.9048,122.0000,99.0000
209.1940,228.2236,122.0000,99.0000
213.4589,206.2003,124.4400,100.9800
216.9826,194.5274,119.6078,97.0588
223.5774,199.4049,124.4400,100.9800
242.9968,218.9452,122.0000,99.0000
254.5708,236.4882,122.0000,99.0000
250.8166,240.6074,122.0000,99.0000
244.6214,230.5508,119.6078,97.0588
244.7193,215.1288,119.6078,97.0588
252.5451,204.8808,119.6078,97.0588
257.5157,205.8190,117.2626,95.1557
260.9595,210.5826,117.2626,95.1557
262.4366,206.7498,119.6078,97.0588
267.0605,204.0570,114.9633,93.2899
272.6749,199.3973,117.2626,95.1557
282.9122,196.6209,119.6078,97.0588
287.2425,187.0510,122.0000,99.0000
288.5531,175.5812,117.2626,95.1557
278.7508,172.3333,117.2626,95.1557
268.5873,184.8194,112.7091,91.4607
275.0004,208.4230,114.9633,93.2899
298.0051,228.2736,117.2626,95.1557
314.4374,223.7339,112.7091,91.4607
300.9815,194.0692,114.9633,93.2899
278.3653,179.8758,117.2626,95.1557
263.4611,189.8856,112.7091,91.4607
263.9052,201.0029,117.2626,95.1557
281.9094,211.9439,114.9633,93.2899
287.2591,217.4533,112.7091,91.4607
282.9046,211.1921,114.9633,93.2899
282.3969,192.0090,112.7091,91.4607
268.7898,168.6213,117.2626,95.1557
273.1548,163.4527,122.0000,99.0000
300.2111,178.1432,117.2626,95.1557
311.7800,191.2928,112.7091,91.4607
285.0885,180.5821,117.2626,95.1557
247.0245,171.9804,119.6078,97.0588
223.3243,174.4929,114.9633,93.2899
227.6785,174.2691,114.9633,93.2899
246.3942,167.7229,114.9633,93.2899
265.3342,164.5166,110.4992,89.6674
269.3207,161.8288,108.3325,87.9092
247.2285,157.8107,112.7091,91.4607
218.0259,163.2142,110.4992,89.6674
202.6245,175.6755,110.4992,89.6674
198.8275,186.7302,110.4992,89.6674
183.2588,192.7348,110.4992,89.6674
162.3194,202.9324,110.4992,89.6674
156.6892,211.6518,112.7091,91.4607
171.0560,208.6239,110.4992,89.6674
191.1195,192.6093,108.3325,87.9092
199.3962,183.8511,112.7091,91.4607
190.3023,187.8997,110.4992,89.6674
174.5278,198.8002,112.7091,91.4607
180.4830,208.5311,110.4992,89.6674
196.3087,201.7416,110.4992,89.6674
206.4789,181.9955,110.4992,89.6674
214.3550,163.7667,110.4992,89.6674
235.5176,155.6563,108.3325,87.9092
249.9748,159.0140,112.7091,91.4607
252.1124,180.1922,108.3325,87.9092
246.9491,196.4674,108.3325,87.9092
242.5832,195.1452,110.4992,89.6674
233.3673,168.7484,114.9633,93.2899
224.1622,145.4754,110.4992,89.6674
211.7251,142.3900,108.3325,87.9092
216.2689,156.4519,110.4992,89.6674
232.3974,177.8908,110.4992,89.6674
244.8972,187.3315,108.3325,87.9092
254.5519,177.7812,108.3325,87.9092
269.0387,162.9895,108.3325,87.9092
282.7525,159.3777,104.1258,84.4955
284.3331,168.7553,108.3325,87.9092
280.7948,183.9466,106.2083,86.1855
253.0478,188.1840,104.1258,84.4955
203.7309,176.5915,108.3325,87.9092
172.3620,167.7152,106.2083,86.1855
160.0981,166.4550,106.2083,86.1855
162.3454,174.2223,102.0841,82.8388
164.7959,180.2686,104.1258,84.4955
172.8267,177.3070,108.3325,87.9092
196.1284,171.2483,108.3325,87.9092
227.3081,163.8201,108.3325,87.9092
243.4903,160.9803,110.4992,89.6674
248.3818,159.5621,108.3325,87.9092
249.6811,159.5446,106.2083,86.1855
241.8002,166.5034,106.2083,86.1855
233.5834,180.9969,104.1258,84.4955
223.6763,192.3116,108.3325,87.9092
203.8696,203.1249,106.2083,86.1855
172.9643,207.1419,106.2083,86.1855
141.7144,205.5786,106.2083,86.1855
119.0133,200.5979,106.2083,86.1855
113.3835,192.7979,110.4992,89.6674
129.3359,193.8758,106.2083,86.1855
156.8493,193.0123,102.0841,82.8388
181.1656,183.4514,100.0825,81.2145
197.4261,178.1297,102.0841,82.8388
214.0862,174.6455,104.1258,84.4955
234.5241,174.3162,102.0841,82.8388
239.5000,163.9842,104.1258,84.4955
228.0985,147.7969,106.2083,86.1855
207.8871,149.4123,104.1258,84.4955
198.3536,159.6522,100.0825,81.2145
210.2863,160.6611,102.0841,82.8388
229.5889,160.6529,104.1258,84.4955
244.1638,156.8079,102.0841,82.8388
255.9755,145.0197,102.0841,82.8388
263.2145,141.4567,106.2083,86.1855
258.5918,142.3069,108.3325,87.9092
252.4607,153.8493,106.2083,86.1855
244.2413,173.3449,106.2083,86.1855
241.0941,187.4036,106.2083,86.1855
241.1472,189.2394,104.1258,84.4955
246.3039,186.4025,106.2083,86.1855
255.6380,180.9763,106.2083,86.1855
261.6276,165.9831,108.3325,87.9092
279.0635,158.4149,106.2083,86.1855
305.3087,167.0875,102.0841,82.8388
329.5205,187.5013,98.1201,79.6220
329.2309,207.2851,102.0841,82.8388
301.9270,224.6216,104.1258,84.4955
269.4286,233.6181,106.2083,86.1855
255.4505,220.9305,102.0841,82.8388
257.7461,193.5119,104.1258,84.4955
251.2501,176.7192,102.0841,82.8388
239.9644,179.0480,102.0841,82.8388
252.1670,196.8648,104.1258,84.4955
274.5722,219.1295,100.0825,81.2145
270.7516,224.0215,98.1201,79.6220
266.2342,204.9525,102.0841,82.8388
272.4882,180.4617,100.0825,81.2145
271.2387,180.2709,100.0825,81.2145
275.6252,205.0676,102.0841,82.8388
281.6749,223.9791,102.0841,82.8388
287.8564,211.6501,104.1258,84.4955
299.0755,190.9127,100.0825,81.2145
298.1742,191.2608,100.0825,81.2145
293.0113,208.7045,102.0841,82.8388
295.0853,219.0397,98.1201,79.6220
293.0391,210.7933,98.1201,79.6220
269.2881,192.2061,102.0841,82.8388
244.8704,181.2762,104.1258,84.4955
246.0212,191.4254,102.0841,82.8388
262.0277,211.8795,102.0841,82.8388
272.5636,222.1099,98.1201,79.6220
280.3408,212.4667,102.0841,82.8388
282.0644,191.7262,106.2083,86.1855
289.8211,186.2604,102.0841,82.8388
308.3457,196.6890,102.0841,82.8388
320.3978,204.5139,98.1201,79.6220
298.2294,199.0788,102.0841,82.8388
258.3101,183.2016,104.1258,84.4955
234.3718,172.4150,100.0825,81.2145
233.3257,177.2947,100.0825,81.2145
222.3678,187.4339,102.0841,82.8388
204.9298,195.3944,102.0841,82.8388
214.8761,197.9631,98.1201,79.6220
247.1882,193.1667,100.0825,81.2145
259.4668,190.5396,104.1258,84.4955
240.5943,195.5083,106.2083,86.1855
214.4913,204.1150,102.0841,82.8388
214.7632,207.7321,102.0841,82.8388
253.5513,200.4920,104.1258,84.4955
282.2376,189.1262,102.0841,82.8388
274.6498,181.6066,102.0841,82.8388
257.6435,180.3218,104.1258,84.4955
243.5680,187.7842,102.0841,82.8388
248.0303,193.3815,104.1258,84.4955
297.9712,198.2389,102.0841,82.8388
346.1096,194.3908,100.0825,81.2145
351.6683,186.1316,104.1258,84.4955
335.2963,178.8796,106.2083,86.1855
303.3562,171.1194,108.3325,87.9092
259.4243,177.3644,106.2083,86.1855
237.5791,194.5537,102.0841,82.8388
256.7599,207.0709,102.0841,82.8388
289.0042,213.3215,104.1258,84.4955
307.7990,210.0472,102.0841,82.8388
293.4204,195.3702,102.0841,82.8388
259.5709,189.7874,104.1258,84.4955
238.6406,203.3528,102.0841,82.8388
244.9064,215.9503,104.1258,84.4955
266.2299,216.0091,102.0841,82.8388
274.1275,196.9479,104.1258,84.4955
268.9945,184.0028,104.1258,84.4955
256.5655,189.9433,104.1258,84.4955
255.8578,205.0785,104.1258,84.4955
270.7065,208.0742,106.2083,86.1855
290.3870,197.9965,104.1258,84.4955
306.2166,181.3869,104.1258,84.4955
321.0137,173.8932,108.3325,87.9092
342.1879,195.7760,108.3325,87.9092
356.2938,217.3835,104.1258,84.4955
358.0241,215.8660,104.1258,84.4955
354.7228,195.3202,108.3325,87.9092
351.9625,176.3576,106.2083,86.1855
352.3654,168.7441,106.2083,86.1855
357.8263,172.7530,108.3325,87.9092
357.8686,178.5691,104.1258,84.4955
343.4999,181.6815,106.2083,86.1855
309.1894,189.1372,110.4992,89.6674
277.6702,194.8237,106.2083,86.1855
262.2187,190.8553,110.4992,89.6674
247.4762,181.3455,108.3325,87.9092
217.6029,160.9621,112.7091,91.4607
186.9001,156.3661,110.4992,89.6674
165.5990,169.6980,110.4992,89.6674
173.6623,184.8047,110.4992,89.6674
212.4014,182.5986,112.7091,91.4607
256.2595,165.6355,110.4992,89.6674
275.7819,142.9694,112.7091,91.4607
273.1719,140.8221,112.7091,91.4607
270.9649,160.7463,112.7091,91.4607
284.5831,181.8709,112.7091,91.4607
301.0236,177.7080,117.2626,95.1557
299.7422,164.4002,117.2626,95.1557
269.6236,167.1026,117.2626,95.1557
219.9013,190.6609,122.0000,99.0000
195.0041,217.4802,117.2626,95.1557
208.4596,224.0700,114.9633,93.2899
228.7031,217.9038,114.9633,93.2899
223.5237,205.2315,114.9633,93.2899
202.8874,201.7085,112.7091,91.4607
191.8650,215.1297,117.2626,95.1557
199.4139,242.6416,122.0000,99.0000
216.2460,264.4902,119.6078,97.0588
230.2663,264.5390,119.6078,97.0588
236.3378,246.8826,124.4400,100.9800
253.6592,221.8881,119.6078,97.0588
268.8182,207.6976,122.0000,99.0000
272.2841,217.4556,119.6078,97.0588
283.8403,234.3462,117.2626,95.1557
313.7479,230.9276,122.0000,99.0000
341.6191,217.1440,122.0000,99.0000
333.3222,189.0024,126.9288,102.9996
294.6655,175.9071,122.0000,99.0000
241.3830,192.0017,124.4400,100.9800
222.1704,228.7276,122.0000,99.0000
231.6462,244.1966,122.0000,99.0000
252.2326,220.8117,126.9288,102.9996
268.3887,194.7590,122.0000,99.0000
269.3437,195.4783,124.4400,100.9800
276.8363,202.0329,126.9288,102.9996
312.7698,198.0008,132.0567,107.1608
354.3081,197.4012,126.9288,102.9996
365.1123,200.1574,126.9288,102.9996
329.7700,206.8030,132.0567,107.1608
275.3108,215.4976,129.4674,105.0596
229.7833,212.6798,132.0567,107.1608
206.7757,197.8189,132.0567,107.1608
201.8100,180.6120,129.4674,105.0596
213.3637,172.9877,134.6979,109.3040
229.9463,172.2702,137.3918,111.4901
247.5528,175.5632,137.3918,111.4901
268.3995,175.4293,140.1397,113.7199
291.0565,174.6223,142.9424,115.9943
298.2224,171.3871,137.3918,111.4901
277.9154,167.0167,137.3918,111.4901
261.0119,169.5195,134.6979,109.3040
244.7158,173.0870,134.6979,109.3040
236.9513,178.8182,129.4674,105.0596
241.1454,177.8279,132.0567,107.1608
249.2961,172.3873,137.3918,111.4901
244.3344,170.1495,142.9424,115.9943
233.8269,174.4586,142.9424,115.9943
250.3174,188.8673,140.1397,113.7199
294.1157,202.8547,142.9424,115.9943
330.2513,207.7636,140.1397,113.7199
318.9152,197.3150,145.8013,118.3142
285.7073,189.9296,145.8013,118.3142
250.4462,188.7400,145.8013,118.3142
215.5783,187.1113,148.7173,120.6804
194.4513,185.5694,154.7255,125.5559
201.0617,186.7926,154.7255,125.5559
216.4580,186.9617,154.7255,125.5559
226.0864,183.8528,148.7173,120.6804
235.5999,170.3284,154.7255,125.5559
246.5023,168.8984,148.7173,120.6804
237.6036,163.6487,154.7255,125.5559
235.0863,167.8059,148.7173,120.6804
234.5316,168.0855,151.6917,123.0941
227.0628,162.1879,154.7255,125.5559
201.9878,157.5228,160.9764,130.6284
174.0149,165.7454,160.9764,130.6284
165.8893,176.0894,167.4799,135.9058
179.6449,180.5787,167.4799,135.9058
183.6567,175.4429,167.4799,135.9058
168.2914,169.5207,164.1959,133.2410
148.2149,177.7568,164.1959,133.2410
138.7272,202.6099,157.8200,128.0671
131.4998,220.0726,164.1959,133.2410
125.4204,220.2852,167.4799,135.9058
123.2920,214.1075,167.4799,135.9058
129.5895,199.7268,174.2460,141.3964
140.6576,190.0793,181.2856,147.1088
155.8652,192.2508,177.7310,144.2243
164.7672,198.7988,174.2460,141.3964
166.0190,197.1278,181.2856,147.1088
177.0993,194.3828,174.2460,141.3964
168.2289,185.5171,177.7310,144.2243
155.3793,188.4078,177.7310,144.2243
141.7297,198.9999,181.2856,147.1088
137.5776,198.7898,184.9113,150.0510
130.3402,186.4539,192.3817,156.1130
116.9792,180.6290,192.3817,156.1130
112.7817,185.4002,196.2293,159.2353
124.2308,205.0252,188.6095,153.0520
125.5940,213.0557,192.3817,156.1130
119.3570,209.2995,200.1539,162.4200
104.5105,201.2066,204.1570,165.6684
98.9570,193.3422,204.1570,165.6684
102.6665,192.9120,200.1539,162.4200
103.9868,201.2923,200.1539,162.4200
103.5694,211.1729,200.1539,162.4200
96.9815,210.2492,208.2402,168.9818
99.3633,208.9574,200.1539,162.4200
99.1132,201.3554,208.2402,168.9818
97.4430,195.6769,204.1570,165.6684
78.4762,189.2780,208.2402,168.9818
51.3970,196.3692,204.1570,165.6684
40.7124,205.4469,204.1570,165.6684
