246.0000,226.0000,94.0000,114.0000
245.2783,232.8521,94.0000,114.0000
245.2604,233.9230,95.8800,116.2800
247.1383,237.1556,94.0000,114.0000
248.1922,238.7466,94.0000,114.0000
251.7182,241.6149,92.1569,111.7647
251.7876,240.8985,95.8800,116.2800
253.8109,242.6839,94.0000,114.0000
253.6376,242.7304,94.0000,114.0000
253.8662,243.0755,94.0000,114.0000
255.2224,242.6826,94.0000,114.0000
257.5749,242.5416,94.0000,114.0000
259.2007,239.6246,95.8800,116.2800
262.3006,238.5842,95.8800,116.2800
267.1104,238.1494,94.0000,114.0000
268.8236,235.6172,95.8800,116.2800
269.2541,235.1685,95.8800,116.2800
269.5986,231.2235,95.8800,116.2800
275.9351,227.6042,95.8800,116.2800
282.9828,228.7576,95.8800,116.2800
277.4493,229.9381,94.0000,114.0000
269.0043,220.9713,97.7976,118.6056
270.8102,209.9638,99.7536,120.9777
279.1822,204.7950,97.7976,118.6056
293.4764,200.1419,95.8800,116.2800
312.7783,197.8785,95.8800,116.2800
324.9404,202.0767,94.0000,114.0000
320.6379,205.6535,95.8800,116.2800
310.5011,208.5781,97.7976,118.6056
297.8752,213.4891,97.7976,118.6056
281.0480,218.7130,95.8800,116.2800
259.9526,215.0640,97.7976,118.6056
258.2233,208.7806,97.7976,118.6056
270.8446,201.8246,99.7536,120.9777
291.0197,200.7807,95.8800,116.2800
312.3020,198.6099,97.7976,118.6056
331.5094,201.8871,97.7976,118.6056
336.4562,208.4101,99.7536,120.9777
325.4493,221.3639,99.7536,120.9777
298.2056,230.4080,101.7486,123.3973
269.9562,238.0395,97.7976,118.6056
245.5869,227.7579,97.7976,118.6056
238.2565,212.2780,99.7536,120.9777
256.8936,202.7653,99.7536,120.9777
279.7193,197.6729,97.7976,118.6056
296.7865,194.4722,101.7486,123.3973
320.8704,201.4716,97.7976,118.6056
325.9355,207.3168,99.7536,120.9777
308.4888,216.0341,99.7536,120.9777
289.0645,216.2461,99.7536,120.9777
276.1787,211.0236,97.7976,118.6056
274.6796,200.6476,99.7536,120.9777
289.7117,197.0555,99.7536,120.9777
314.1484,199.5794,99.7536,120.9777
328.9788,205.5530,97.7976,118.6056
332.1921,207.6938,97.7976,118.6056
314.8021,209.5710,97.7976,118.6056
278.8099,209.1255,99.7536,120.9777
239.4300,200.4182,101.7486,123.3973
213.9406,191.3472,101.7486,123.3973
215.0532,179.2921,103.7836,125.8652
237.4420,165.5901,101.7486,123.3973
257.9414,157.0445,103.7836,125.8652
272.2572,164.8140,103.7836,125.8652
287.2374,184.8682,103.7836,125.8652
289.0697,212.6956,99.7536,120.9777
276.0320,232.4981,101.7486,123.3973
266.2586,237.2027,99.7536,120.9777
257.4709,220.4968,101.7486,123.3973
254.9459,197.8327,105.8593,128.3825
263.1963,194.4313,101.7486,123.3973
275.1817,202.2642,103.7836,125.8652
278.9026,227.2513,101.7486,123.3973
266.0472,256.0567,101.7486,123.3973
256.9799,269.5935,99.7536,120.9777
241.5545,254.1427,103.7836,125.8652
233.6151,216.6601,103.7836,125.8652
246.7888,175.5021,103.7836,125.8652
258.8215,157.1386,105.8593,128.3825
279.5755,174.9051,103.7836,125.8652
294.1968,205.1254,103.7836,125.8652
286.6646,246.3202,101.7486,123.3973
268.0317,271.2360,101.7486,123.3973
239.9026,272.3763,103.7836,125.8652
217.4817,244.9238,107.9765,130.9502
219.1927,206.8441,105.8593,128.3825
236.2286,193.8233,103.7836,125.8652
261.1765,209.0878,105.8593,128.3825
290.5076,239.6610,103.7836,125.8652
298.5138,269.5989,103.7836,125.8652
283.6123,288.8834,101.7486,123.3973
255.1043,285.8185,103.7836,125.8652
231.4221,260.9525,101.7486,123.3973
231.7230,224.7857,105.8593,128.3825
263.1330,215.6294,103.7836,125.8652
295.9029,225.7497,101.7486,123.3973
325.3847,240.6826,101.7486,123.3973
341.9866,250.1344,101.7486,123.3973
336.4000,256.2207,101.7486,123.3973
304.7442,255.4366,103.7836,125.8652
260.8901,252.4923,105.8593,128.3825
221.0975,242.2631,107.9765,130.9502
178.2776,232.4365,107.9765,130.9502
160.5890,223.3702,107.9765,130.9502
187.3922,208.0902,107.9765,130.9502
226.6197,190.2045,105.8593,128.3825
255.9242,178.2537,105.8593,128.3825
291.3645,164.7673,105.8593,128.3825
300.2655,154.6417,107.9765,130.9502
284.1892,151.8352,105.8593,128.3825
265.1992,150.5352,105.8593,128.3825
247.9854,147.1290,107.9765,130.9502
253.2827,144.1055,105.8593,128.3825
273.4899,150.7550,107.9765,130.9502
308.8834,167.0368,105.8593,128.3825
331.2968,181.8668,107.9765,130.9502
340.2882,185.9840,107.9765,130.9502
324.3719,187.2500,105.8593,128.3825
282.0387,184.0132,107.9765,130.9502
226.1837,175.2692,112.3387,136.2406
180.1025,165.3738,110.1360,133.5692
163.5166,165.5463,107.9765,130.9502
187.2677,172.6010,107.9765,130.9502
233.1287,178.1771,110.1360,133.5692
273.3618,190.5477,110.1360,133.5692
316.1923,198.6516,105.8593,128.3825
338.7787,194.6289,110.1360,133.5692
325.0572,194.3247,107.9765,130.9502
294.3735,185.5199,110.1360,133.5692
255.7729,169.2975,107.9765,130.9502
221.2659,145.2203,107.9765,130.9502
225.6115,128.2083,105.8593,128.3825
246.5961,125.0519,107.9765,130.9502
262.2885,147.4221,105.8593,128.3825
278.7458,178.0595,107.9765,130.9502
287.7627,207.6181,107.9765,130.9502
270.3894,232.1666,107.9765,130.9502
251.5310,239.9153,103.7836,125.8652
229.2568,227.2637,107.9765,130.9502
222.4981,198.5890,110.1360,133.5692
244.6714,176.6406,105.8593,128.3825
266.2328,169.6186,107.9765,130.9502
279.5934,184.3679,107.9765,130.9502
289.1727,212.4434,105.8593,128.3825
287.8390,254.7805,103.7836,125.8652
279.7828,283.9259,105.8593,128.3825
282.6633,294.3097,103.7836,125.8652
280.5579,277.6976,103.7836,125.8652
285.9237,231.1866,103.7836,125.8652
292.7792,170.1923,107.9765,130.9502
289.3242,131.2588,110.1360,133.5692
284.2734,127.3659,110.1360,133.5692
276.6233,166.8752,105.8593,128.3825
279.8890,233.0501,105.8593,128.3825
296.8689,294.4400,105.8593,128.3825
306.9991,324.9517,105.8593,128.3825
315.1144,310.5977,103.7836,125.8652
313.8049,255.5159,107.9765,130.9502
302.7746,191.9284,110.1360,133.5692
295.2847,148.9882,110.1360,133.5692
295.1417,148.9646,107.9765,130.9502
289.3948,191.7965,105.8593,128.3825
292.6341,254.7587,107.9765,130.9502
311.4086,296.9900,107.9765,130.9502
315.8476,307.3762,105.8593,128.3825
305.8750,278.3963,107.9765,130.9502
304.3308,228.1726,107.9765,130.9502
304.6580,180.1485,107.9765,130.9502
300.3579,163.1263,105.8593,128.3825
290.7662,177.6524,110.1360,133.5692
290.0655,225.4148,107.9765,130.9502
292.8010,281.1791,103.7836,125.8652
285.3549,303.7823,107.9765,130.9502
276.8906,305.4884,105.8593,128.3825
281.1213,284.4196,107.9765,130.9502
274.3300,262.4764,107.9765,130.9502
268.6172,246.8029,110.1360,133.5692
272.0306,247.7231,107.9765,130.9502
253.8850,259.1186,107.9765,130.9502
231.8904,277.0857,105.8593,128.3825
210.1033,292.6769,105.8593,128.3825
190.8739,300.1036,110.1360,133.5692
190.2833,301.8677,110.1360,133.5692
215.7261,295.3062,110.1360,133.5692
246.7028,291.0660,107.9765,130.9502
272.5376,284.9468,110.1360,133.5692
305.2371,279.3109,110.1360,133.5692
323.5498,277.1930,107.9765,130.9502
316.4905,272.7236,107.9765,130.9502
291.9155,262.7803,110.1360,133.5692
255.5932,251.6720,110.1360,133.5692
220.3274,242.9271,107.9765,130.9502
190.9366,235.6776,112.3387,136.2406
179.9238,231.9748,110.1360,133.5692
194.4783,225.6827,110.1360,133.5692
225.3759,217.4130,112.3387,136.2406
264.1954,209.5350,112.3387,136.2406
309.7735,202.9205,110.1360,133.5692
337.5009,197.9333,112.3387,136.2406
351.3459,198.5249,107.9765,130.9502
340.4851,194.8416,110.1360,133.5692
312.5066,193.9941,107.9765,130.9502
274.8306,190.0644,105.8593,128.3825
232.8527,176.6067,110.1360,133.5692
217.2638,158.0651,110.1360,133.5692
236.9064,143.4867,110.1360,133.5692
270.4494,144.1451,112.3387,136.2406
299.8305,151.8588,112.3387,136.2406
327.1163,155.0457,114.5855,138.9654
330.2114,154.7953,114.5855,138.9654
302.4873,155.5041,110.1360,133.5692
267.2665,150.0123,110.1360,133.5692
237.5310,140.1933,112.3387,136.2406
222.8374,138.8702,110.1360,133.5692
242.0531,150.0256,107.9765,130.9502
281.9882,166.5274,107.9765,130.9502
307.9025,182.7219,110.1360,133.5692
330.0740,196.6547,107.9765,130.9502
336.1132,204.2411,110.1360,133.5692
317.8251,214.3101,110.1360,133.5692
287.3103,226.8309,112.3387,136.2406
261.8456,238.5182,107.9765,130.9502
242.3247,228.7089,110.1360,133.5692
241.0658,206.6653,110.1360,133.5692
269.0019,188.0206,112.3387,136.2406
307.8924,193.9376,107.9765,130.9502
337.1868,204.8909,110.1360,133.5692
367.2339,212.2330,107.9765,130.9502
360.1216,208.1784,110.1360,133.5692
317.4399,196.7108,112.3387,136.2406
269.1438,180.4477,112.3387,136.2406
242.4699,164.4021,110.1360,133.5692
239.7984,151.6758,107.9765,130.9502
264.9455,142.6091,110.1360,133.5692
289.2921,150.9094,114.5855,138.9654
316.0553,174.3539,110.1360,133.5692
341.2617,189.1117,110.1360,133.5692
338.4842,199.3011,110.1360,133.5692
305.4736,199.4733,110.1360,133.5692
260.0898,188.2209,112.3387,136.2406
213.8045,167.3841,112.3387,136.2406
169.0668,149.7302,114.5855,138.9654
147.3164,141.1301,114.5855,138.9654
156.5163,134.2041,112.3387,136.2406
184.5446,125.7225,114.5855,138.9654
219.3072,137.3918,110.1360,133.5692
252.0830,157.3677,110.1360,133.5692
285.6995,182.4867,114.5855,138.9654
309.6675,216.7502,110.1360,133.5692
317.5897,238.9681,112.3387,136.2406
293.2044,259.0357,110.1360,133.5692
245.6670,265.2030,114.5855,138.9654
206.4405,258.9249,114.5855,138.9654
177.1957,234.0058,114.5855,138.9654
187.9173,200.5497,114.5855,138.9654
225.4697,177.1150,112.3387,136.2406
253.1190,175.2375,114.5855,138.9654
277.4568,200.4786,112.3387,136.2406
298.1217,224.5034,110.1360,133.5692
298.9611,244.1542,112.3387,136.2406
279.5334,254.5795,110.1360,133.5692
246.3061,247.7041,107.9765,130.9502
208.3027,207.0661,112.3387,136.2406
204.9539,161.8739,112.3387,136.2406
233.4790,135.5726,112.3387,136.2406
269.1764,144.3359,110.1360,133.5692
299.1527,177.6504,112.3387,136.2406
326.8099,212.9033,110.1360,133.5692
335.3046,237.3237,110.1360,133.5692
308.8356,245.6428,110.1360,133.5692
254.4874,239.5403,112.3387,136.2406
198.8191,218.4901,112.3387,136.2406
168.2086,189.3568,114.5855,138.9654
183.8421,160.0800,114.5855,138.9654
227.4161,143.0764,112.3387,136.2406
263.7312,144.8187,114.5855,138.9654
294.5064,161.3420,112.3387,136.2406
313.4904,175.0327,114.5855,138.9654
311.0812,188.7148,112.3387,136.2406
295.7839,201.3286,112.3387,136.2406
273.2559,198.8374,112.3387,136.2406
224.5678,174.8967,114.5855,138.9654
210.0329,155.4501,112.3387,136.2406
238.2891,144.6259,114.5855,138.9654
287.7541,147.4427,114.5855,138.9654
330.3700,164.3148,112.3387,136.2406
358.6317,180.3918,114.5855,138.9654
362.1128,184.7105,110.1360,133.5692
333.3939,174.6416,114.5855,138.9654
300.6203,167.4680,112.3387,136.2406
250.7460,152.6087,114.5855,138.9654
202.1892,144.0852,119.2147,144.5796
195.0402,145.5943,114.5855,138.9654
211.9721,144.9077,114.5855,138.9654
247.3498,148.4191,114.5855,138.9654
287.8953,158.9504,114.5855,138.9654
332.6570,168.5786,114.5855,138.9654
376.1517,172.0165,116.8772,141.7447
394.5504,179.8614,112.3387,136.2406
383.2166,176.7423,114.5855,138.9654
351.7762,169.0680,114.5855,138.9654
296.4890,154.0214,116.8772,141.7447
234.8017,141.3469,114.5855,138.9654
171.5801,131.3398,116.8772,141.7447
123.8058,129.8655,116.8772,141.7447
104.1523,137.2172,114.5855,138.9654
118.1775,144.7266,112.3387,136.2406
156.8821,145.6894,114.5855,138.9654
204.3260,146.3338,116.8772,141.7447
262.0122,155.6497,112.3387,136.2406
320.2525,166.8761,110.1360,133.5692
361.0123,175.8806,112.3387,136.2406
379.2645,180.5218,114.5855,138.9654
372.9713,179.8435,114.5855,138.9654
345.2882,174.9636,114.5855,138.9654
304.7640,164.7944,114.5855,138.9654
264.6753,150.6566,114.5855,138.9654
246.1617,141.2202,114.5855,138.9654
251.4389,144.0985,116.8772,141.7447
283.1471,158.4330,112.3387,136.2406
320.5436,170.8341,114.5855,138.9654
350.5918,182.1089,116.8772,141.7447
373.7875,190.2666,114.5855,138.9654
378.7682,198.0235,114.5855,138.9654
364.9920,212.1128,116.8772,141.7447
354.5621,236.7496,112.3387,136.2406
347.2143,258.2773,112.3387,136.2406
335.6353,261.6150,112.3387,136.2406
327.6504,238.1775,110.1360,133.5692
309.3869,187.6438,114.5855,138.9654
289.8835,133.7611,116.8772,141.7447
292.5982,94.1581,119.2147,144.5796
288.5033,82.5418,119.2147,144.5796
281.4271,106.4728,114.5855,138.9654
277.9045,152.2551,114.5855,138.9654
277.1848,210.5240,112.3387,136.2406
283.3154,250.9129,114.5855,138.9654
289.0696,272.2438,110.1360,133.5692
286.0525,261.6386,110.1360,133.5692
284.1473,225.3980,110.1360,133.5692
288.3534,169.6909,112.3387,136.2406
296.8567,123.4078,114.5855,138.9654
290.9201,104.5264,116.8772,141.7447
279.5194,116.8299,116.8772,141.7447
270.6687,165.5325,114.5855,138.9654
268.6048,224.3863,110.1360,133.5692
266.3577,261.1827,110.1360,133.5692
263.7300,265.7245,112.3387,136.2406
275.0192,226.6338,112.3387,136.2406
289.3020,177.8050,112.3387,136.2406
285.4688,147.7064,116.8772,141.7447
305.7010,143.8297,112.3387,136.2406
308.3574,150.8618,114.5855,138.9654
289.3219,169.6607,110.1360,133.5692
271.5937,175.7609,112.3387,136.2406
261.0598,158.0978,114.5855,138.9654
268.7337,134.4251,114.5855,138.9654
281.2534,134.0104,116.8772,141.7447
296.2353,165.0355,114.5855,138.9654
326.9023,200.2398,112.3387,136.2406
334.8011,225.5124,112.3387,136.2406
319.0895,237.6919,112.3387,136.2406
295.2452,222.7488,112.3387,136.2406
271.5257,170.4904,114.5855,138.9654
253.0267,121.6998,119.2147,144.5796
266.4377,122.8265,116.8772,141.7447
298.5015,163.7814,114.5855,138.9654
327.0362,202.7481,114.5855,138.9654
336.1248,224.0812,114.5855,138.9654
311.8152,220.9817,114.5855,138.9654
278.3603,188.0681,114.5855,138.9654
258.7502,132.6013,116.8772,141.7447
266.3062,106.9490,116.8772,141.7447
289.5659,129.2571,116.8772,141.7447
318.0907,170.0339,114.5855,138.9654
337.0333,199.9633,112.3387,136.2406
329.0772,213.3414,112.3387,136.2406
294.8637,208.9124,112.3387,136.2406
253.8605,188.4885,114.5855,138.9654
227.6358,166.0362,114.5855,138.9654
225.1926,154.3418,112.3387,136.2406
242.1426,158.5767,112.3387,136.2406
267.5940,176.7590,114.5855,138.9654
291.8625,200.7558,114.5855,138.9654
312.1102,217.6583,112.3387,136.2406
312.2678,223.2720,114.5855,138.9654
294.5254,224.1278,114.5855,138.9654
266.5738,211.9201,114.5855,138.9654
255.0337,195.3276,112.3387,136.2406
272.0773,194.9182,112.3387,136.2406
310.1865,207.0748,110.1360,133.5692
328.0508,218.7210,114.5855,138.9654
338.7035,220.6273,114.5855,138.9654
332.5511,212.9314,114.5855,138.9654
305.3645,205.6247,112.3387,136.2406
278.7117,190.1562,110.1360,133.5692
260.1520,172.8625,114.5855,138.9654
272.5570,164.8446,112.3387,136.2406
302.6873,161.1791,114.5855,138.9654
310.9230,171.7644,114.5855,138.9654
320.3256,179.8823,114.5855,138.9654
321.1386,186.0011,112.3387,136.2406
285.3859,184.1562,114.5855,138.9654
247.8184,174.0210,114.5855,138.9654
216.8738,157.1360,114.5855,138.9654
206.1525,148.2909,114.5855,138.9654
231.7861,153.4956,114.5855,138.9654
263.8296,169.5417,114.5855,138.9654
281.1191,190.3125,112.3387,136.2406
303.5370,201.7249,112.3387,136.2406
306.7273,208.3780,110.1360,133.5692
285.9703,204.5015,112.3387,136.2406
263.2160,186.5579,114.5855,138.9654
251.1584,177.0329,112.3387,136.2406
274.6438,179.5336,114.5855,138.9654
311.1815,197.8317,110.1360,133.5692
324.6220,210.5079,112.3387,136.2406
333.1592,212.0691,112.3387,136.2406
317.8587,202.4303,116.8772,141.7447
297.5693,192.1379,112.3387,136.2406
263.0479,174.0391,116.8772,141.7447
248.4531,170.4058,112.3387,136.2406
265.8290,172.9402,112.3387,136.2406
289.3042,183.2752,114.5855,138.9654
304.7723,198.7264,112.3387,136.2406
325.6109,200.5924,110.1360,133.5692
320.4831,189.9245,114.5855,138.9654
297.3989,172.8993,116.8772,141.7447
275.2759,149.7438,116.8772,141.7447
261.3420,128.5209,116.8772,141.7447
260.7252,132.6045,112.3387,136.2406
264.7915,150.2055,116.8772,141.7447
266.1878,172.7793,121.5990,147.4712
271.6557,189.2525,116.8772,141.7447
255.6067,191.5376,121.5990,147.4712
238.5003,191.7970,116.8772,141.7447
222.2024,176.5677,119.2147,144.5796
214.2433,172.2616,119.2147,144.5796
233.3507,180.8385,124.0310,150.4206
270.0416,201.6722,121.5990,147.4712
297.6700,217.9526,126.5116,153.4290
323.3828,229.8049,121.5990,147.4712
327.9960,229.8200,121.5990,147.4712
317.9389,225.4921,124.0310,150.4206
303.9914,217.8726,121.5990,147.4712
293.9638,208.3161,121.5990,147.4712
284.0434,208.6051,121.5990,147.4712
281.0262,216.1680,121.5990,147.4712
280.8228,219.9770,126.5116,153.4290
279.4381,223.6421,124.0310,150.4206
271.5892,221.2435,119.2147,144.5796
253.9942,205.9085,124.0310,150.4206
247.4092,195.2783,124.0310,150.4206
253.7907,201.1964,121.5990,147.4712
275.6248,216.0827,119.2147,144.5796
295.5193,222.2682,119.2147,144.5796
310.5600,222.6670,114.5855,138.9654
307.9986,214.7199,114.5855,138.9654
297.4144,191.3219,119.2147,144.5796
291.0012,165.9697,119.2147,144.5796
296.9565,161.7211,119.2147,144.5796
306.7171,175.1710,124.0310,150.4206
320.6981,198.1533,119.2147,144.5796
329.8964,211.8464,116.8772,141.7447
324.2056,214.1011,121.5990,147.4712
306.3173,209.1798,116.8772,141.7447
285.3132,185.0281,121.5990,147.4712
268.1141,149.8116,119.2147,144.5796
256.5677,127.9385,124.0310,150.4206
261.5297,142.5392,121.5990,147.4712
265.6046,173.3037,121.5990,147.4712
271.3686,200.8582,116.8772,141.7447
259.0097,214.4670,119.2147,144.5796
265.0595,207.1827,116.8772,141.7447
286.7376,200.2391,114.5855,138.9654
310.4263,210.8013,116.8772,141.7447
331.4687,221.2322,112.3387,136.2406
334.3369,213.4849,116.8772,141.7447
313.5957,203.5173,114.5855,138.9654
282.6039,189.8384,112.3387,136.2406
255.3814,169.2248,116.8772,141.7447
251.6277,167.1744,116.8772,141.7447
273.2067,176.6907,116.8772,141.7447
297.1013,195.2495,114.5855,138.9654
310.1082,209.0815,114.5855,138.9654
327.6907,215.3055,112.3387,136.2406
330.8646,214.6005,114.5855,138.9654
325.0106,210.8103,112.3387,136.2406
310.0838,204.6613,114.5855,138.9654
300.0642,204.9293,114.5855,138.9654
301.1725,208.4157,112.3387,136.2406
303.8694,213.6560,112.3387,136.2406
301.1127,218.2168,114.5855,138.9654
