400.0000,48.0000,87.0000,319.0000
394.2456,48.6953,87.0000,319.0000
376.7448,52.3467,87.0000,319.0000
344.2467,50.4190,90.5148,331.8876
304.7957,61.2541,88.7400,325.3800
262.6511,69.9842,87.0000,319.0000
224.4820,69.5308,90.5148,331.8876
194.9727,86.2354,88.7400,325.3800
173.3691,97.9356,90.5148,331.8876
168.8767,117.5333,87.0000,319.0000
171.0528,125.9233,87.0000,319.0000
177.5233,131.1449,85.2941,312.7451
190.5981,131.7008,85.2941,312.7451
211.6263,125.0392,88.7400,325.3800
246.2095,118.6951,88.7400,325.3800
281.6615,111.1809,85.2941,312.7451
302.3584,100.8910,88.7400,325.3800
324.9119,96.2760,88.7400,325.3800
351.8823,96.5708,85.2941,312.7451
375.7412,96.0605,83.6217,306.6128
391.3046,89.2975,87.0000,319.0000
400.1794,85.3815,90.5148,331.8876
401.5904,81.2579,94.1716,345.2959
399.6182,78.3052,96.0550,352.2018
398.7061,76.8234,92.3251,338.5254
399.1723,79.3285,88.7400,325.3800
397.1312,74.2046,92.3251,338.5254
392.4089,76.1852,94.1716,345.2959
384.8514,83.6318,96.0550,352.2018
381.0903,91.2657,96.0550,352.2018
379.6550,105.1103,92.3251,338.5254
378.7016,117.6359,90.5148,331.8876
368.2811,116.6203,92.3251,338.5254
363.8474,103.9726,94.1716,345.2959
379.3641,94.8692,97.9761,359.2458
406.4162,92.6103,101.9344,373.7593
437.4883,95.4141,101.9344,373.7593
494.8807,99.0020,101.9344,373.7593
529.0439,98.3270,101.9344,373.7593
518.5192,94.5862,106.0525,388.8592
496.3468,107.9779,101.9344,373.7593
460.9414,107.9317,101.9344,373.7593
432.3286,98.6894,101.9344,373.7593
416.9250,93.6845,101.9344,373.7593
402.9313,101.0620,97.9761,359.2458
392.6735,123.4382,96.0550,352.2018
378.5061,134.2285,96.0550,352.2018
376.4722,136.3680,94.1716,345.2959
376.0919,135.0962,94.1716,345.2959
381.9620,132.4551,97.9761,359.2458
399.5770,129.3466,96.0550,352.2018
440.7682,115.0051,99.9357,366.4307
475.7008,106.2171,101.9344,373.7593
486.9548,114.8952,97.9761,359.2458
482.5585,108.8221,96.0550,352.2018
476.3748,82.3248,99.9357,366.4307
473.5172,51.6729,101.9344,373.7593
446.1151,46.3403,97.9761,359.2458
411.1521,44.4000,96.0550,352.2018
386.6769,41.2696,96.0550,352.2018
378.0769,52.2531,97.9761,359.2458
374.1324,60.4380,101.9344,373.7593
361.5245,65.0293,99.9357,366.4307
346.2634,75.5096,96.0550,352.2018
347.4811,79.7886,94.1716,345.2959
339.3436,74.4053,94.1716,345.2959
306.6441,75.2308,94.1716,345.2959
264.9168,65.1790,97.9761,359.2458
241.9524,60.5009,94.1716,345.2959
252.0258,60.3225,90.5148,331.8876
277.8065,42.4062,92.3251,338.5254
294.3491,41.2648,88.7400,325.3800
285.2552,45.1945,88.7400,325.3800
280.8144,54.4852,88.7400,325.3800
296.7887,61.1038,85.2941,312.7451
299.5764,67.2507,83.6217,306.6128
278.6453,73.1999,85.2941,312.7451
260.3347,77.3781,85.2941,312.7451
259.0438,81.3269,85.2941,312.7451
270.4943,86.8519,83.6217,306.6128
277.8043,89.5267,80.3746,294.7067
275.4786,81.4716,83.6217,306.6128
271.3922,70.2286,85.2941,312.7451
262.9348,62.5196,83.6217,306.6128
243.8492,67.0260,81.9820,300.6008
224.7838,72.0299,81.9820,300.6008
227.9161,67.6627,81.9820,300.6008
224.8052,52.1195,85.2941,312.7451
209.5723,55.3131,81.9820,300.6008
217.1646,64.7461,85.2941,312.7451
252.7635,83.4867,81.9820,300.6008
291.3670,98.1265,78.7986,288.9281
294.5841,105.8121,77.2535,283.2629
272.2230,110.3611,77.2535,283.2629
241.1358,116.6865,77.2535,283.2629
218.9891,121.3330,80.3746,294.7067
209.9266,127.8713,83.6217,306.6128
209.9127,142.0725,81.9820,300.6008
228.3576,151.4227,78.7986,288.9281
268.6926,145.7674,78.7986,288.9281
297.6131,128.1962,78.7986,288.9281
317.2141,121.5177,77.2535,283.2629
333.6422,106.2017,74.2537,272.2634
330.5279,77.9250,75.7387,277.7087
307.3885,58.9851,75.7387,277.7087
264.1259,42.5371,78.7986,288.9281
216.4522,37.0309,78.7986,288.9281
170.8525,38.3431,78.7986,288.9281
163.0013,46.9142,75.7387,277.7087
194.9351,60.5153,74.2537,272.2634
236.3790,65.7015,77.2535,283.2629
256.6529,70.0358,77.2535,283.2629
257.3898,75.3393,80.3746,294.7067
267.8532,73.8722,80.3746,294.7067
276.9133,78.3869,77.2535,283.2629
258.4939,90.1206,74.2537,272.2634
232.2291,92.9734,75.7387,277.7087
236.3930,96.5457,78.7986,288.9281
283.4880,104.5969,80.3746,294.7067
318.3670,107.6063,77.2535,283.2629
314.3274,108.8467,75.7387,277.7087
317.2136,113.3068,74.2537,272.2634
333.5016,107.8338,75.7387,277.7087
331.2219,103.9459,77.2535,283.2629
301.2301,104.3229,75.7387,277.7087
281.4505,110.7935,72.7977,266.9249
304.2220,110.9926,74.2537,272.2634
331.3316,112.8010,77.2535,283.2629
328.3686,117.0170,77.2535,283.2629
311.6801,123.4931,74.2537,272.2634
302.5820,123.9979,74.2537,272.2634
283.8688,124.3131,75.7387,277.7087
249.7748,130.6289,75.7387,277.7087
216.7390,137.0088,75.7387,277.7087
194.2049,142.5666,72.7977,266.9249
177.7343,142.0108,74.2537,272.2634
181.4963,135.4585,77.2535,283.2629
209.1789,127.4274,77.2535,283.2629
245.5510,128.1881,74.2537,272.2634
273.7724,123.8380,75.7387,277.7087
300.2601,114.0852,78.7986,288.9281
327.0796,105.1646,80.3746,294.7067
340.2721,100.2301,77.2535,283.2629
328.7846,91.5834,75.7387,277.7087
297.8337,83.9973,75.7387,277.7087
253.9839,73.9584,77.2535,283.2629
205.5048,70.7347,75.7387,277.7087
170.0577,70.0827,77.2535,283.2629
157.3053,80.1900,74.2537,272.2634
161.7846,85.0241,74.2537,272.2634
183.0711,94.3153,72.7977,266.9249
203.7802,102.4327,72.7977,266.9249
225.4145,103.3873,74.2537,272.2634
251.2725,105.5217,74.2537,272.2634
264.2456,110.5239,72.7977,266.9249
261.9987,109.9239,74.2537,272.2634
258.9079,111.1259,72.7977,266.9249
260.6730,117.0195,69.9709,256.5599
282.2033,113.6067,71.3703,261.6911
321.9007,108.4217,71.3703,261.6911
348.2140,95.2866,74.2537,272.2634
358.6445,85.7714,77.2535,283.2629
368.0277,86.1222,74.2537,272.2634
358.0305,86.6369,71.3703,261.6911
331.8875,80.5982,72.7977,266.9249
297.1364,79.0515,72.7977,266.9249
253.1560,80.8319,71.3703,261.6911
213.4128,88.2457,68.5989,251.5293
210.2647,93.1185,69.9709,256.5599
224.3367,97.5211,72.7977,266.9249
220.5390,104.8352,74.2537,272.2634
218.2226,111.2878,75.7387,277.7087
223.9038,116.7245,74.2537,272.2634
218.7902,120.5667,71.3703,261.6911
193.8282,120.2403,68.5989,251.5293
160.8969,115.8877,71.3703,261.6911
157.6342,113.6646,74.2537,272.2634
172.3837,119.5992,72.7977,266.9249
202.5828,119.4120,71.3703,261.6911
227.3545,108.8095,74.2537,272.2634
244.5890,113.8160,71.3703,261.6911
251.5049,116.3979,71.3703,261.6911
267.6749,115.1275,71.3703,261.6911
273.5460,111.1926,72.7977,266.9249
257.2541,112.2561,71.3703,261.6911
233.7841,117.9910,68.5989,251.5293
224.9718,125.8491,68.5989,251.5293
225.7024,142.9751,65.9351,241.7621
261.4113,148.9386,64.6423,237.0217
301.1417,147.8195,64.6423,237.0217
314.7343,150.0553,63.3748,232.3742
325.0722,140.5037,62.1321,227.8179
338.0681,129.6987,64.6423,237.0217
324.1420,122.0931,65.9351,241.7621
269.3005,107.0463,67.2538,246.5974
215.2595,98.7094,69.9709,256.5599
198.6695,104.8569,67.2538,246.5974
188.9776,122.4961,65.9351,241.7621
202.5900,135.1619,65.9351,241.7621
243.0989,143.6382,65.9351,241.7621
288.5384,145.1126,63.3748,232.3742
302.7144,146.2859,64.6423,237.0217
323.0938,146.5922,67.2538,246.5974
354.3728,146.7856,68.5989,251.5293
366.9112,154.8218,65.9351,241.7621
352.9537,155.0852,68.5989,251.5293
332.4230,154.6825,68.5989,251.5293
306.3173,149.7692,71.3703,261.6911
277.0002,146.2570,68.5989,251.5293
253.0747,139.6326,69.9709,256.5599
249.9980,129.9664,71.3703,261.6911
288.1619,124.3674,68.5989,251.5293
335.4275,117.8839,67.2538,246.5974
372.5470,122.0058,65.9351,241.7621
408.1841,126.7108,65.9351,241.7621
448.8235,131.4377,65.9351,241.7621
480.1127,133.3735,68.5989,251.5293
485.4853,126.2592,71.3703,261.6911
478.1918,121.5494,71.3703,261.6911
457.9336,113.9899,72.7977,266.9249
418.3860,109.7773,71.3703,261.6911
372.1440,113.0208,68.5989,251.5293
320.1170,118.1248,68.5989,251.5293
279.1065,122.2520,68.5989,251.5293
256.2599,122.3563,68.5989,251.5293
238.4526,130.1045,65.9351,241.7621
233.2538,138.0599,68.5989,251.5293
254.6430,147.6805,67.2538,246.5974
285.0408,145.7048,69.9709,256.5599
310.0855,136.1566,71.3703,261.6911
310.3898,132.1768,72.7977,266.9249
291.7721,131.3079,71.3703,261.6911
263.3160,126.3708,69.9709,256.5599
222.3249,126.3414,67.2538,246.5974
163.0646,122.7375,68.5989,251.5293
118.2145,118.2754,71.3703,261.6911
97.0737,109.6620,74.2537,272.2634
94.8329,107.1288,75.7387,277.7087
107.1166,106.6106,77.2535,283.2629
141.3582,109.8441,74.2537,272.2634
173.2867,116.1234,71.3703,261.6911
197.8314,115.9553,71.3703,261.6911
230.3648,110.5754,72.7977,266.9249
259.2472,105.9431,74.2537,272.2634
277.0327,101.6010,75.7387,277.7087
290.1101,100.2923,75.7387,277.7087
292.4451,97.1853,75.7387,277.7087
282.0292,89.0717,75.7387,277.7087
250.9226,85.7503,74.2537,272.2634
222.3247,83.1695,74.2537,272.2634
195.6189,83.3215,74.2537,272.2634
162.6524,86.5128,74.2537,272.2634
151.9989,95.5858,72.7977,266.9249
161.4912,103.4888,71.3703,261.6911
191.4151,113.3202,69.9709,256.5599
227.8952,122.8882,67.2538,246.5974
253.9206,130.2089,68.5989,251.5293
271.5307,135.1438,71.3703,261.6911
276.9015,137.1528,71.3703,261.6911
278.2201,133.5003,74.2537,272.2634
266.5652,135.2564,72.7977,266.9249
239.5423,129.6214,72.7977,266.9249
225.4615,131.4824,72.7977,266.9249
233.4022,132.3638,71.3703,261.6911
263.1176,121.0997,74.2537,272.2634
272.9942,114.6901,75.7387,277.7087
252.6171,117.2992,72.7977,266.9249
234.8798,117.5417,74.2537,272.2634
235.4009,116.0531,75.7387,277.7087
224.6783,119.0215,72.7977,266.9249
181.0362,119.6339,75.7387,277.7087
127.8422,120.9571,78.7986,288.9281
109.7319,126.6445,77.2535,283.2629
99.7413,133.9495,74.2537,272.2634
78.1015,140.3008,74.2537,272.2634
81.0342,139.4679,77.2535,283.2629
107.2144,127.2396,80.3746,294.7067
141.9996,120.5611,77.2535,283.2629
173.0426,116.5686,78.7986,288.9281
188.5175,110.3183,78.7986,288.9281
205.6701,98.5159,77.2535,283.2629
209.8598,90.7156,77.2535,283.2629
195.6226,89.4629,74.2537,272.2634
162.4795,86.7083,75.7387,277.7087
135.9337,83.9341,78.7986,288.9281
137.5992,88.3929,80.3746,294.7067
155.2164,94.1659,80.3746,294.7067
198.1342,100.2363,77.2535,283.2629
239.4443,101.5866,75.7387,277.7087
250.3889,107.7647,74.2537,272.2634
258.2725,112.4065,74.2537,272.2634
284.5004,114.1688,74.2537,272.2634
286.1488,112.7643,75.7387,277.7087
256.9583,111.4849,78.7986,288.9281
267.0613,115.4153,78.7986,288.9281
309.0772,114.9275,80.3746,294.7067
333.0473,110.7117,80.3746,294.7067
335.9720,106.2868,81.9820,300.6008
341.3972,95.1739,85.2941,312.7451
341.9358,85.3801,81.9820,300.6008
296.4653,81.3807,81.9820,300.6008
222.7405,81.6734,81.9820,300.6008
174.4220,82.8179,81.9820,300.6008
155.4492,95.3980,78.7986,288.9281
131.4649,105.3524,81.9820,300.6008
103.5441,116.2731,83.6217,306.6128
92.7885,128.5810,83.6217,306.6128
94.6080,134.5989,81.9820,300.6008
117.8306,143.0570,78.7986,288.9281
160.1486,146.8970,77.2535,283.2629
193.1690,142.6550,75.7387,277.7087
217.6259,133.5997,78.7986,288.9281
245.0799,134.5293,77.2535,283.2629
263.1605,127.8068,77.2535,283.2629
262.5190,118.5144,74.2537,272.2634
245.2164,107.2211,77.2535,283.2629
217.9459,104.1740,75.7387,277.7087
193.0239,101.7844,77.2535,283.2629
184.5262,103.9820,77.2535,283.2629
194.2237,104.9517,80.3746,294.7067
224.9174,111.3283,78.7986,288.9281
256.5248,118.9642,77.2535,283.2629
283.1201,126.7356,74.2537,272.2634
304.9416,128.9936,74.2537,272.2634
313.3877,135.5717,71.3703,261.6911
312.1349,133.9519,71.3703,261.6911
309.3609,120.9779,74.2537,272.2634
306.2561,110.0466,77.2535,283.2629
302.6876,107.5536,77.2535,283.2629
311.8231,109.1302,75.7387,277.7087
343.8239,95.4455,77.2535,283.2629
363.2752,92.7347,77.2535,283.2629
346.7061,93.8610,77.2535,283.2629
336.5106,93.6908,77.2535,283.2629
