352.0000,197.0000,56.0000,100.0000
353.5797,196.2423,54.9020,98.0392
354.0676,193.0060,56.0000,100.0000
356.3966,194.3069,53.8255,96.1169
357.2624,194.2543,53.8255,96.1169
357.2913,194.8773,53.8255,96.1169
355.9209,192.8549,56.0000,100.0000
357.2876,194.2096,53.8255,96.1169
358.2955,195.2425,52.7701,94.2322
355.9876,191.9494,54.9020,98.0392
355.1435,190.4115,54.9020,98.0392
355.1407,188.5576,54.9020,98.0392
354.9216,187.2116,54.9020,98.0392
354.8177,185.5713,54.9020,98.0392
356.3986,185.2319,52.7701,94.2322
356.3429,180.8883,54.9020,98.0392
357.7557,177.2601,54.9020,98.0392
359.1430,171.3779,56.0000,100.0000
361.9325,167.5042,57.1200,102.0000
363.9918,169.2266,56.0000,100.0000
366.0131,177.7383,57.1200,102.0000
366.8354,192.4884,59.4276,106.1208
366.5059,216.3852,61.8285,110.4081
368.2768,243.6095,59.4276,106.1208
368.6431,260.4354,58.2624,104.0400
367.9075,264.4409,56.0000,100.0000
365.9703,251.2377,53.8255,96.1169
365.1481,226.2185,53.8255,96.1169
364.4789,201.9758,56.0000,100.0000
361.7222,181.7390,58.2624,104.0400
360.2894,168.7559,57.1200,102.0000
357.3203,159.7526,57.1200,102.0000
355.7877,163.1870,56.0000,100.0000
350.8916,175.9274,56.0000,100.0000
339.8112,193.5733,58.2624,104.0400
322.2844,206.5208,60.6162,108.2432
304.1032,214.0199,58.2624,104.0400
297.5087,210.4170,57.1200,102.0000
303.6728,201.8289,59.4276,106.1208
323.1300,194.0114,58.2624,104.0400
340.2598,162.8337,60.6162,108.2432
342.9070,130.5982,61.8285,110.4081
329.0592,105.8161,59.4276,106.1208
324.2091,109.4661,58.2624,104.0400
327.4460,134.0688,58.2624,104.0400
337.4279,173.3927,60.6162,108.2432
361.3314,241.8408,60.6162,108.2432
374.7565,275.4025,60.6162,108.2432
384.2710,288.5437,58.2624,104.0400
382.0911,267.3383,60.6162,108.2432
371.2836,211.0827,61.8285,110.4081
376.3885,172.9710,59.4276,106.1208
387.6956,156.0017,58.2624,104.0400
388.9973,164.1923,60.6162,108.2432
375.0083,194.5003,63.0651,112.6162
346.5818,243.3589,63.0651,112.6162
333.8785,259.5032,60.6162,108.2432
336.1815,251.8795,58.2624,104.0400
345.6204,217.7866,60.6162,108.2432
349.7699,164.7561,63.0651,112.6162
345.6863,135.3550,65.6129,117.1659
332.6742,135.8666,63.0651,112.6162
319.3637,167.0634,60.6162,108.2432
305.9842,222.1431,63.0651,112.6162
306.9883,261.8161,60.6162,108.2432
310.3807,269.2861,58.2624,104.0400
310.2752,238.7294,60.6162,108.2432
302.5926,164.3439,63.0651,112.6162
301.4199,126.6774,63.0651,112.6162
304.3414,131.4793,60.6162,108.2432
296.3421,162.1199,63.0651,112.6162
291.6187,218.9284,60.6162,108.2432
302.3517,244.8601,60.6162,108.2432
338.0614,246.3625,58.2624,104.0400
347.2712,223.9180,60.6162,108.2432
325.6829,193.4462,61.8285,110.4081
276.8760,152.4954,64.3264,114.8686
278.6711,159.0963,64.3264,114.8686
297.6287,198.9385,64.3264,114.8686
304.2978,236.9705,64.3264,114.8686
316.1811,265.7041,61.8285,110.4081
329.5173,264.4581,59.4276,106.1208
330.7123,226.1998,61.8285,110.4081
312.9239,168.5912,63.0651,112.6162
292.2165,141.6910,60.6162,108.2432
282.6727,150.0331,63.0651,112.6162
271.5945,192.2138,63.0651,112.6162
266.2641,237.2109,60.6162,108.2432
272.5298,249.8622,61.8285,110.4081
285.3924,234.1585,60.6162,108.2432
290.4441,194.8121,59.4276,106.1208
272.2357,122.6201,61.8285,110.4081
264.8025,103.1651,60.6162,108.2432
262.9893,122.8224,61.8285,110.4081
258.8329,176.3986,63.0651,112.6162
258.8800,237.4502,63.0651,112.6162
265.8077,258.5373,60.6162,108.2432
268.1094,244.6342,60.6162,108.2432
263.7411,202.1805,63.0651,112.6162
257.6857,156.8703,60.6162,108.2432
255.9104,143.6231,60.6162,108.2432
242.6557,156.1884,63.0651,112.6162
230.7045,190.8124,64.3264,114.8686
245.6176,221.3159,66.9252,119.5093
290.5970,236.6095,68.2637,121.8994
328.2596,226.8262,68.2637,121.8994
342.7724,205.6351,65.6129,117.1659
340.6427,192.0209,63.0651,112.6162
339.6017,194.1269,60.6162,108.2432
342.4193,196.9755,63.0651,112.6162
353.8610,204.5375,64.3264,114.8686
364.5772,220.1941,61.8285,110.4081
367.3411,227.5869,63.0651,112.6162
359.0350,219.6763,65.6129,117.1659
342.3243,198.5926,65.6129,117.1659
303.0032,170.4138,68.2637,121.8994
247.5484,158.3545,65.6129,117.1659
226.8250,169.4660,64.3264,114.8686
232.2666,187.9853,61.8285,110.4081
248.5810,201.8312,64.3264,114.8686
275.6869,213.4891,63.0651,112.6162
301.5236,212.8158,63.0651,112.6162
323.5951,206.2589,63.0651,112.6162
338.6783,191.0264,64.3264,114.8686
338.9092,182.0446,63.0651,112.6162
330.6039,187.3926,61.8285,110.4081
319.8530,187.9124,64.3264,114.8686
311.3258,186.6883,64.3264,114.8686
313.5918,187.3249,63.0651,112.6162
323.7475,194.3185,63.0651,112.6162
322.1606,200.3032,61.8285,110.4081
297.4958,196.1375,63.0651,112.6162
278.1372,188.1407,65.6129,117.1659
275.8868,179.3375,65.6129,117.1659
284.5144,169.4805,65.6129,117.1659
279.3284,161.2689,68.2637,121.8994
281.1520,154.4029,65.6129,117.1659
288.5662,144.8192,64.3264,114.8686
292.7032,139.7000,63.0651,112.6162
292.2740,138.7239,63.0651,112.6162
299.4657,145.5340,65.6129,117.1659
300.0514,151.6200,65.6129,117.1659
295.8287,149.8065,63.0651,112.6162
305.2932,139.6661,64.3264,114.8686
333.0816,131.8388,64.3264,114.8686
334.8956,134.6687,63.0651,112.6162
334.9397,149.2445,60.6162,108.2432
331.7759,155.0702,63.0651,112.6162
306.0087,153.6877,65.6129,117.1659
240.8086,143.3195,68.2637,121.8994
213.4336,150.3611,65.6129,117.1659
203.7792,161.5403,63.0651,112.6162
216.0231,167.7075,63.0651,112.6162
255.7754,169.0699,65.6129,117.1659
321.5941,159.2665,68.2637,121.8994
390.7582,152.4386,65.6129,117.1659
403.3043,150.9710,64.3264,114.8686
412.3557,161.9629,64.3264,114.8686
405.1913,168.8124,64.3264,114.8686
372.5440,172.7475,63.0651,112.6162
318.4677,169.3707,65.6129,117.1659
272.9777,174.3956,64.3264,114.8686
267.5527,182.7768,63.0651,112.6162
253.3384,189.7127,63.0651,112.6162
253.1138,184.6723,64.3264,114.8686
277.7535,172.1961,64.3264,114.8686
312.8601,165.9214,61.8285,110.4081
348.4664,158.1166,64.3264,114.8686
392.9196,160.4736,63.0651,112.6162
428.4814,164.6218,65.6129,117.1659
443.7986,170.1729,64.3264,114.8686
429.9965,170.4789,64.3264,114.8686
411.2516,166.1109,64.3264,114.8686
412.9965,167.8917,64.3264,114.8686
435.1665,171.1185,64.3264,114.8686
455.6033,169.7264,64.3264,114.8686
476.8587,166.9141,65.6129,117.1659
507.3154,164.8758,66.9252,119.5093
522.3410,167.3537,64.3264,114.8686
522.1630,171.7520,65.6129,117.1659
521.1456,182.5251,63.0651,112.6162
508.4686,183.6569,65.6129,117.1659
479.3489,183.7974,63.0651,112.6162
457.1978,182.7663,61.8285,110.4081
445.4607,183.6128,61.8285,110.4081
446.0019,185.5732,61.8285,110.4081
464.5175,182.6864,64.3264,114.8686
492.9221,179.3636,64.3264,114.8686
476.9549,179.6864,65.6129,117.1659
428.6731,181.9787,66.9252,119.5093
388.8546,185.0194,65.6129,117.1659
377.4203,185.8681,63.0651,112.6162
370.9956,184.0015,63.0651,112.6162
361.4573,187.7130,63.0651,112.6162
350.2575,192.2217,65.6129,117.1659
353.9445,197.6072,64.3264,114.8686
373.8418,198.9323,63.0651,112.6162
397.9436,191.6621,63.0651,112.6162
394.3269,179.8383,64.3264,114.8686
365.7368,171.4544,66.9252,119.5093
344.4121,172.6663,64.3264,114.8686
329.8414,175.0216,61.8285,110.4081
315.4481,173.1084,64.3264,114.8686
305.4224,180.2093,63.0651,112.6162
304.3843,185.9959,63.0651,112.6162
312.3122,188.6374,64.3264,114.8686
326.5499,189.2741,61.8285,110.4081
330.7180,180.0151,63.0651,112.6162
322.2441,173.7595,64.3264,114.8686
310.5216,179.5554,61.8285,110.4081
290.0853,179.6033,61.8285,110.4081
269.0333,173.8706,63.0651,112.6162
257.1364,172.3912,60.6162,108.2432
253.0093,172.3026,63.0651,112.6162
259.1373,176.7916,63.0651,112.6162
273.0797,179.9950,64.3264,114.8686
299.3165,178.9664,64.3264,114.8686
325.9570,170.6058,65.6129,117.1659
333.0866,170.0962,64.3264,114.8686
319.4364,176.3484,63.0651,112.6162
296.3584,179.7358,65.6129,117.1659
277.8418,180.6062,65.6129,117.1659
252.4575,177.3226,64.3264,114.8686
237.9413,171.0516,65.6129,117.1659
236.0942,170.6540,63.0651,112.6162
229.1155,153.2619,65.6129,117.1659
215.1888,125.6447,65.6129,117.1659
225.4480,114.1348,68.2637,121.8994
247.5121,132.6525,69.6290,124.3374
259.0102,176.2795,68.2637,121.8994
279.3714,232.9218,65.6129,117.1659
293.2306,267.3893,63.0651,112.6162
291.2250,263.8557,64.3264,114.8686
287.4922,234.1946,63.0651,112.6162
300.4947,187.8122,64.3264,114.8686
312.7241,159.7796,65.6129,117.1659
323.2580,152.6776,66.9252,119.5093
337.3907,181.7354,64.3264,114.8686
337.6857,230.2825,64.3264,114.8686
339.5230,280.2941,66.9252,119.5093
355.3650,316.7572,66.9252,119.5093
360.5115,321.8507,64.3264,114.8686
350.7923,290.6143,66.9252,119.5093
343.4637,240.5122,65.6129,117.1659
337.4924,195.3025,68.2637,121.8994
318.5314,176.0768,66.9252,119.5093
307.5205,189.0067,65.6129,117.1659
315.9658,223.6198,63.0651,112.6162
336.9783,273.4372,64.3264,114.8686
349.2350,302.3757,65.6129,117.1659
348.8415,305.5498,65.6129,117.1659
336.6038,280.1206,65.6129,117.1659
310.0113,223.8645,68.2637,121.8994
295.7272,182.8607,65.6129,117.1659
297.8231,150.8301,68.2637,121.8994
305.4438,153.4711,69.6290,124.3374
311.0416,197.9317,66.9252,119.5093
310.4108,256.7777,68.2637,121.8994
319.7207,298.7210,65.6129,117.1659
319.5341,312.3405,63.0651,112.6162
307.0661,294.9142,60.6162,108.2432
291.4765,237.0509,58.2624,104.0400
295.4387,187.1340,60.6162,108.2432
314.8804,157.0969,63.0651,112.6162
323.8559,171.2023,61.8285,110.4081
321.7818,217.1275,59.4276,106.1208
316.5000,272.1565,59.4276,106.1208
308.1138,307.0461,60.6162,108.2432
297.2443,300.0911,63.0651,112.6162
294.2293,261.5619,65.6129,117.1659
301.8123,210.1008,68.2637,121.8994
321.5862,186.4707,66.9252,119.5093
335.9523,204.6440,64.3264,114.8686
340.2722,257.6709,63.0651,112.6162
333.2726,311.8672,64.3264,114.8686
330.6147,334.0893,61.8285,110.4081
322.1752,306.7470,64.3264,114.8686
304.1374,239.8924,66.9252,119.5093
292.1220,181.7772,65.6129,117.1659
294.9432,159.2692,64.3264,114.8686
303.8596,173.4734,66.9252,119.5093
312.9510,225.6795,65.6129,117.1659
323.7611,284.1025,63.0651,112.6162
328.3315,315.5180,63.0651,112.6162
322.8539,310.9201,61.8285,110.4081
309.7964,268.4266,63.0651,112.6162
303.6874,200.0325,65.6129,117.1659
303.9874,146.9321,68.2637,121.8994
300.3248,128.2582,66.9252,119.5093
296.0648,143.9059,64.3264,114.8686
294.5582,185.7510,61.8285,110.4081
302.5433,245.9407,63.0651,112.6162
324.7488,289.2773,63.0651,112.6162
329.9227,297.3839,64.3264,114.8686
318.5561,273.4154,64.3264,114.8686
302.5242,219.7891,64.3264,114.8686
288.4672,164.0584,66.9252,119.5093
293.0718,134.5235,65.6129,117.1659
301.3656,135.5740,65.6129,117.1659
299.3046,169.4960,65.6129,117.1659
289.6659,229.2199,64.3264,114.8686
294.3480,280.9660,65.6129,117.1659
305.8216,304.7471,63.0651,112.6162
315.0122,295.3967,60.6162,108.2432
319.5048,251.5420,63.0651,112.6162
320.0244,201.4641,64.3264,114.8686
307.7890,155.2304,66.9252,119.5093
304.2855,143.2947,66.9252,119.5093
301.3576,157.7543,68.2637,121.8994
296.9970,195.4564,68.2637,121.8994
302.3281,246.5639,66.9252,119.5093
310.5333,280.3859,64.3264,114.8686
315.7247,281.8550,63.0651,112.6162
323.4420,247.9208,65.6129,117.1659
328.5848,195.4794,68.2637,121.8994
321.5445,158.6836,66.9252,119.5093
312.4936,140.4741,64.3264,114.8686
313.1597,145.0234,65.6129,117.1659
313.3527,173.8062,65.6129,117.1659
307.2297,212.0767,68.2637,121.8994
313.1600,256.0834,65.6129,117.1659
322.8146,284.2268,63.0651,112.6162
325.3177,280.8111,64.3264,114.8686
327.4605,255.4420,61.8285,110.4081
326.7992,207.5830,64.3264,114.8686
320.7427,158.7490,66.9252,119.5093
313.9869,132.0306,66.9252,119.5093
313.1646,132.9040,66.9252,119.5093
310.8184,147.9518,66.9252,119.5093
308.2638,178.2302,69.6290,124.3374
320.8258,233.0667,66.9252,119.5093
319.3038,267.4073,68.2637,121.8994
309.3837,276.4998,65.6129,117.1659
308.7093,255.2676,63.0651,112.6162
313.3364,209.9890,65.6129,117.1659
314.4237,172.8126,65.6129,117.1659
309.8298,147.3956,65.6129,117.1659
307.5848,144.7918,64.3264,114.8686
304.1640,162.7280,66.9252,119.5093
292.2701,194.8520,66.9252,119.5093
281.6067,228.1792,66.9252,119.5093
277.2849,257.5653,64.3264,114.8686
276.5923,273.3601,61.8285,110.4081
288.4853,274.2091,59.4276,106.1208
319.5814,255.7637,61.8285,110.4081
346.9357,238.2133,63.0651,112.6162
380.2757,235.5305,64.3264,114.8686
405.6879,240.1796,65.6129,117.1659
430.6863,246.3200,66.9252,119.5093
441.3189,251.6489,65.6129,117.1659
423.0062,250.3369,66.9252,119.5093
383.5869,248.9628,66.9252,119.5093
335.9952,245.0203,68.2637,121.8994
305.4854,247.5964,65.6129,117.1659
293.2869,247.8649,63.0651,112.6162
295.2322,241.3416,65.6129,117.1659
312.7611,237.6601,63.0651,112.6162
350.2556,221.8037,64.3264,114.8686
374.2635,206.2989,65.6129,117.1659
378.5865,200.1825,63.0651,112.6162
380.9228,196.2141,61.8285,110.4081
380.0350,187.0421,64.3264,114.8686
367.3829,190.2913,65.6129,117.1659
332.2559,204.8472,63.0651,112.6162
291.3562,218.9472,64.3264,114.8686
261.7935,230.9402,63.0651,112.6162
256.8098,234.3442,65.6129,117.1659
278.1167,236.1653,64.3264,114.8686
316.4730,230.6665,61.8285,110.4081
371.4030,201.7011,64.3264,114.8686
404.5165,174.7144,66.9252,119.5093
417.4522,159.0694,68.2637,121.8994
417.0755,149.8011,68.2637,121.8994
395.4243,139.1730,71.0215,126.8242
355.9517,138.4708,68.2637,121.8994
320.7790,150.9090,65.6129,117.1659
280.5027,166.0062,68.2637,121.8994
233.0600,187.9509,65.6129,117.1659
186.4191,197.1503,68.2637,121.8994
153.5770,201.8731,65.6129,117.1659
149.2612,198.6062,65.6129,117.1659
180.8346,194.8907,68.2637,121.8994
239.7318,186.9139,69.6290,124.3374
316.6377,155.7592,69.6290,124.3374
349.9895,137.4105,68.2637,121.8994
360.3840,133.9452,68.2637,121.8994
377.8052,147.3147,68.2637,121.8994
386.9339,150.4927,71.0215,126.8242
373.3209,141.3222,71.0215,126.8242
338.0444,129.4802,68.2637,121.8994
284.0953,113.6060,71.0215,126.8242
229.9149,104.4172,73.8908,131.9479
192.6945,105.2241,73.8908,131.9479
162.8239,107.0023,71.0215,126.8242
152.9349,107.3933,68.2637,121.8994
167.6809,99.5842,68.2637,121.8994
200.3823,86.8107,69.6290,124.3374
233.0955,84.7893,66.9252,119.5093
252.3788,82.6798,69.6290,124.3374
263.8296,91.6413,69.6290,124.3374
256.4388,97.8799,71.0215,126.8242
233.4633,103.9206,69.6290,124.3374
221.3545,111.1009,66.9252,119.5093
221.9437,115.0222,69.6290,124.3374
240.8768,125.5657,69.6290,124.3374
261.7134,131.2367,71.0215,126.8242
290.0869,128.5904,68.2637,121.8994
316.3622,116.0081,68.2637,121.8994
326.0914,108.9428,69.6290,124.3374
331.3723,109.5938,71.0215,126.8242
327.5822,116.6193,69.6290,124.3374
314.5116,125.1834,68.2637,121.8994
288.0052,125.6436,69.6290,124.3374
261.9464,129.6507,66.9252,119.5093
250.7720,134.5825,65.6129,117.1659
252.4063,133.7015,63.0651,112.6162
259.8087,115.6400,65.6129,117.1659
283.4008,90.0602,65.6129,117.1659
324.1537,73.7669,68.2637,121.8994
352.1998,75.9749,71.0215,126.8242
369.0653,90.0464,68.2637,121.8994
378.8863,108.1032,71.0215,126.8242
371.5575,122.0330,68.2637,121.8994
348.2767,129.3519,68.2637,121.8994
318.7095,134.0869,71.0215,126.8242
305.4715,137.8734,68.2637,121.8994
309.2074,131.6594,69.6290,124.3374
320.2270,117.6996,68.2637,121.8994
322.6276,93.6301,68.2637,121.8994
328.9400,88.2015,66.9252,119.5093
344.8986,100.0905,69.6290,124.3374
370.5255,129.6180,71.0215,126.8242
379.3481,157.2994,71.0215,126.8242
353.9174,174.7898,68.2637,121.8994
306.2423,178.3433,66.9252,119.5093
247.4295,166.4742,69.6290,124.3374
227.2600,153.9032,66.9252,119.5093
226.4273,139.1644,68.2637,121.8994
217.7838,121.7835,69.6290,124.3374
207.7972,107.6028,69.6290,124.3374
206.7096,99.2840,71.0215,126.8242
229.6111,108.9093,69.6290,124.3374
273.4334,137.2661,72.4420,129.3607
316.3352,175.8301,69.6290,124.3374
335.8472,204.1399,69.6290,124.3374
332.0464,219.0972,66.9252,119.5093
303.5158,209.4429,68.2637,121.8994
284.5677,185.9575,65.6129,117.1659
288.4505,150.3013,68.2637,121.8994
314.6904,112.2469,71.0215,126.8242
343.2383,77.5645,73.8908,131.9479
371.0427,68.2674,71.0215,126.8242
383.3988,80.9227,72.4420,129.3607
394.2130,117.9882,71.0215,126.8242
397.3446,153.6320,72.4420,129.3607
393.7768,184.3257,71.0215,126.8242
362.6463,191.8820,73.8908,131.9479
314.8476,186.8428,73.8908,131.9479
287.2968,170.3727,71.0215,126.8242
279.7254,144.7860,69.6290,124.3374
282.8577,107.9047,72.4420,129.3607
295.8502,83.6675,69.6290,124.3374
317.7896,79.1480,68.2637,121.8994
342.8109,94.3976,71.0215,126.8242
367.1159,127.0775,71.0215,126.8242
386.7257,164.0325,72.4420,129.3607
383.7476,193.8801,69.6290,124.3374
348.1835,199.7739,71.0215,126.8242
311.4863,183.6200,68.2637,121.8994
274.2175,143.4945,71.0215,126.8242
232.7296,95.1935,73.8908,131.9479
226.8846,61.8391,71.0215,126.8242
248.4942,39.1563,72.4420,129.3607
279.5902,50.1263,73.8908,131.9479
299.1629,82.3990,72.4420,129.3607
322.4584,119.7177,72.4420,129.3607
342.0468,150.7383,75.3686,134.5868
330.8602,172.2066,72.4420,129.3607
307.2404,174.1847,69.6290,124.3374
296.4051,156.2060,69.6290,124.3374
298.8579,132.6790,66.9252,119.5093
302.2573,106.1751,69.6290,124.3374
311.5101,100.6644,69.6290,124.3374
326.7871,110.7602,72.4420,129.3607
334.5687,133.3498,72.4420,129.3607
323.8558,154.8484,71.0215,126.8242
309.9711,165.6585,72.4420,129.3607
307.2552,173.7323,71.0215,126.8242
311.6610,171.5578,68.2637,121.8994
319.7734,149.4574,68.2637,121.8994
324.2604,117.5545,71.0215,126.8242
302.8226,97.1625,72.4420,129.3607
275.4335,104.7860,72.4420,129.3607
269.1975,134.6705,72.4420,129.3607
286.2719,171.2757,72.4420,129.3607
300.4976,190.2899,69.6290,124.3374
306.1175,182.6437,66.9252,119.5093
322.0485,153.3216,69.6290,124.3374
338.5429,119.5602,69.6290,124.3374
334.2688,101.5886,69.6290,124.3374
322.4882,111.5759,68.2637,121.8994
309.9035,138.2147,69.6290,124.3374
316.7827,175.1635,69.6290,124.3374
305.5275,197.2340,69.6290,124.3374
274.3201,195.6566,71.0215,126.8242
268.6262,170.0242,72.4420,129.3607
289.2816,137.9168,71.0215,126.8242
298.9355,117.8128,71.0215,126.8242
291.7582,119.8244,71.0215,126.8242
294.8158,148.6168,69.6290,124.3374
319.5576,187.6791,72.4420,129.3607
322.3349,206.5314,72.4420,129.3607
311.5432,199.7257,69.6290,124.3374
313.9664,171.1975,69.6290,124.3374
319.7942,166.4306,66.9252,119.5093
314.8440,188.8008,69.6290,124.3374
289.7755,231.9917,69.6290,124.3374
280.6698,254.2690,68.2637,121.8994
285.0970,235.7725,68.2637,121.8994
287.3820,187.5811,66.9252,119.5093
295.4158,150.4389,68.2637,121.8994
313.8158,145.1852,69.6290,124.3374
323.6178,179.8067,66.9252,119.5093
314.7683,242.2375,69.6290,124.3374
304.3506,288.7194,68.2637,121.8994
293.0247,287.6143,65.6129,117.1659
283.9930,238.3881,68.2637,121.8994
289.1683,177.6791,71.0215,126.8242
305.0407,157.5282,69.6290,124.3374
318.5279,177.2589,69.6290,124.3374
319.1438,230.3821,68.2637,121.8994
306.1468,274.3393,66.9252,119.5093
289.8750,270.5775,68.2637,121.8994
278.1619,232.6020,68.2637,121.8994
284.8073,180.6101,69.6290,124.3374
312.4761,165.8291,68.2637,121.8994
327.9673,186.1421,68.2637,121.8994
329.1638,239.3649,65.6129,117.1659
320.0327,278.1201,66.9252,119.5093
295.0214,274.6492,68.2637,121.8994
269.6939,226.3512,71.0215,126.8242
269.9380,172.1668,71.0215,126.8242
291.0678,158.8448,72.4420,129.3607
302.7766,190.4058,73.8908,131.9479
293.4204,260.7314,72.4420,129.3607
294.0248,315.0817,72.4420,129.3607
305.9227,317.3591,69.6290,124.3374
313.1724,280.5001,69.6290,124.3374
314.9617,234.2110,71.0215,126.8242
315.2413,213.0924,71.0215,126.8242
308.3812,234.4811,68.2637,121.8994
300.0769,275.1391,69.6290,124.3374
305.7434,308.7286,69.6290,124.3374
310.0971,295.9727,69.6290,124.3374
308.5951,248.1855,69.6290,124.3374
297.4389,198.3812,72.4420,129.3607
290.0329,186.8055,69.6290,124.3374
285.6118,209.4439,71.0215,126.8242
274.8117,254.5456,68.2637,121.8994
262.1830,265.8618,68.2637,121.8994
255.2166,239.0171,68.2637,121.8994
263.8835,186.8769,71.0215,126.8242
287.0153,160.6764,72.4420,129.3607
305.2971,178.6923,69.6290,124.3374
300.8383,229.0663,71.0215,126.8242
278.4012,274.7507,69.6290,124.3374
270.0198,274.9869,66.9252,119.5093
273.2304,232.8036,65.6129,117.1659
278.7032,157.1017,68.2637,121.8994
279.6647,119.7190,71.0215,126.8242
272.4439,117.6507,69.6290,124.3374
263.5973,154.4426,69.6290,124.3374
265.6209,215.2717,68.2637,121.8994
260.4660,244.6722,69.6290,124.3374
248.6475,225.5249,69.6290,124.3374
259.2573,177.7164,71.0215,126.8242
284.9659,148.7899,68.2637,121.8994
294.3706,145.2227,68.2637,121.8994
282.3449,165.3716,71.0215,126.8242
267.3029,199.0813,69.6290,124.3374
252.8160,222.5082,68.2637,121.8994
235.1930,228.9828,68.2637,121.8994
218.9568,220.5049,71.0215,126.8242
222.8049,215.6579,69.6290,124.3374
247.4855,216.8369,68.2637,121.8994
263.1599,219.4127,68.2637,121.8994
267.3226,219.3966,68.2637,121.8994
277.6884,210.6728,69.6290,124.3374
286.2865,197.0556,68.2637,121.8994
289.8528,182.2647,69.6290,124.3374
298.9069,184.3345,66.9252,119.5093
295.7421,188.3054,68.2637,121.8994
289.3631,195.2115,65.6129,117.1659
279.0272,193.0027,68.2637,121.8994
264.0807,190.8417,68.2637,121.8994
259.4566,190.9109,66.9252,119.5093
273.9308,183.0897,68.2637,121.8994
294.5032,166.3084,68.2637,121.8994
305.7838,145.8846,71.0215,126.8242
321.8563,141.2560,69.6290,124.3374
343.6649,143.7899,71.0215,126.8242
338.7373,150.6628,68.2637,121.8994
315.4713,151.2224,66.9252,119.5093
293.9325,149.1811,68.2637,121.8994
289.3147,147.4588,71.0215,126.8242
282.7928,147.3281,71.0215,126.8242
270.6131,141.5429,71.0215,126.8242
266.8528,128.0716,73.8908,131.9479
276.0328,118.6179,72.4420,129.3607
286.4689,113.6105,72.4420,129.3607
293.0002,114.5898,73.8908,131.9479
298.3005,123.8782,71.0215,126.8242
298.2777,126.3058,73.8908,131.9479
306.9965,130.2776,72.4420,129.3607
319.1170,138.6730,71.0215,126.8242
313.1330,141.5133,73.8908,131.9479
299.9553,148.2901,72.4420,129.3607
291.3039,152.0795,73.8908,131.9479
292.5624,158.5469,71.0215,126.8242
301.9385,163.8846,71.0215,126.8242
313.1275,175.3606,69.6290,124.3374
319.1933,187.4752,68.2637,121.8994
313.9064,194.0030,71.0215,126.8242
311.0382,204.4954,68.2637,121.8994
310.6248,207.7930,71.0215,126.8242
314.9471,213.2453,68.2637,121.8994
312.6774,212.1900,69.6290,124.3374
304.5170,214.3708,71.0215,126.8242
299.1366,214.4866,73.8908,131.9479
301.5544,220.3215,71.0215,126.8242
301.7096,223.2992,71.0215,126.8242
