336.0000,165.0000,26.0000,61.0000
335.8578,163.6764,26.0000,61.0000
334.9370,162.6720,26.5200,62.2200
332.4277,161.8245,27.5914,64.7337
333.7664,163.5671,27.0504,63.4644
315.7886,160.0383,27.0504,63.4644
311.1231,160.1862,26.5200,62.2200
309.5462,160.5085,26.0000,61.0000
303.4756,161.3595,26.0000,61.0000
294.2421,160.3266,27.0504,63.4644
290.3430,157.7323,26.0000,61.0000
288.5481,156.7691,26.0000,61.0000
280.0573,156.4905,27.0504,63.4644
272.4760,152.3175,28.1432,66.0284
267.8354,152.3986,27.0504,63.4644
265.1387,151.0723,26.5200,62.2200
255.5117,149.7335,27.5914,64.7337
250.2647,149.6760,26.5200,62.2200
243.0695,147.7051,27.0504,63.4644
239.1139,145.0351,27.5914,64.7337
235.0858,143.1194,27.0504,63.4644
229.1285,141.5633,26.0000,61.0000
222.8815,138.8898,26.0000,61.0000
218.1457,136.7312,25.4902,59.8039
212.6229,135.2344,24.9904,58.6313
205.9318,132.1651,26.0000,61.0000
200.1620,130.0227,25.4902,59.8039
194.5566,128.0407,24.9904,58.6313
182.1633,123.8969,25.4902,59.8039
177.0957,122.4298,24.5004,57.4817
173.5883,120.7079,25.4902,59.8039
167.6757,118.9748,24.9904,58.6313
158.5240,114.9388,25.4902,59.8039
152.8814,113.3249,24.9904,58.6313
150.1938,112.7691,24.5004,57.4817
143.5775,110.6200,24.5004,57.4817
134.9022,109.0985,23.5490,55.2496
128.4038,107.0478,23.5490,55.2496
124.0534,104.9143,24.5004,57.4817
114.3325,101.7218,24.5004,57.4817
107.1972,99.3624,24.5004,57.4817
100.6610,98.3209,23.5490,55.2496
92.5656,95.4725,24.0200,56.3546
84.2989,93.4628,24.0200,56.3546
76.6866,91.7840,23.5490,55.2496
68.7319,89.9752,23.5490,55.2496
60.3908,87.6663,24.0200,56.3546
52.5776,86.6475,23.5490,55.2496
44.9781,84.5697,23.5490,55.2496
37.0811,82.3921,23.5490,55.2496
29.6547,80.1023,23.5490,55.2496
14.6594,75.2885,23.5490,55.2496
7.8289,73.6268,22.6346,53.1042
4.0891,72.1311,23.0873,54.1663
-3.1403,70.3239,23.0873,54.1663
-13.7958,68.4217,22.1907,52.0629
-19.4268,66.6572,22.6346,53.1042
18.0392,63.2588,21.7556,51.0421
9.1810,61.2618,21.7556,51.0421
-4.3222,58.4302,21.3291,50.0412
-14.8241,54.7141,21.7556,51.0421
-18.1456,52.2280,22.6346,53.1042
4.6520,61.1895,23.5490,55.2496
7.1991,45.9041,22.6346,53.1042
-1.3694,44.1251,22.1907,52.0629
4.9817,48.1870,23.0873,54.1663
7.4523,52.3520,23.0873,54.1663
10.4119,33.6502,22.1907,52.0629
0.8308,31.2954,21.7556,51.0421
8.3948,49.2299,21.3291,50.0412
-2.9601,51.3371,20.9108,49.0600
15.5674,24.9150,20.9108,49.0600
9.5350,18.9623,21.7556,51.0421
7.5498,15.1419,22.1907,52.0629
25.1124,11.2681,22.6346,53.1042
11.9416,10.2131,21.7556,51.0421
9.4971,8.5401,21.3291,50.0412
4.0225,3.5977,22.1907,52.0629
35.9956,-2.5783,23.0873,54.1663
17.1492,-1.4171,23.5490,55.2496
9.9201,-3.0287,23.0873,54.1663
4.5641,-3.3335,22.6346,53.1042
3.7378,-2.2750,22.1907,52.0629
4.5692,-2.5622,22.6346,53.1042
4.8905,-3.4742,23.5490,55.2496
9.2387,18.0743,23.5490,55.2496
-3.7531,12.1943,23.5490,55.2496
3.6627,3.9035,24.5004,57.4817
0.2701,8.4099,23.5490,55.2496
6.9200,6.8794,24.0200,56.3546
8.8542,-13.6568,24.0200,56.3546
6.8333,-1.3039,24.9904,58.6313
5.6396,-2.2770,26.0000,61.0000
4.6921,-4.3649,26.5200,62.2200
-4.2333,-8.1356,26.0000,61.0000
-0.4807,-14.4779,26.0000,61.0000
4.6071,-0.9257,25.4902,59.8039
6.0847,-1.6607,24.5004,57.4817
6.0553,-2.7978,24.9904,58.6313
4.7233,-6.5043,24.9904,58.6313
3.9331,-4.1452,24.0200,56.3546
3.3152,12.2034,23.0873,54.1663
4.4632,26.2566,22.6346,53.1042
-2.7161,25.8601,22.6346,53.1042
4.2194,50.3271,21.7556,51.0421
4.1324,54.5164,22.1907,52.0629
2.8866,51.6052,23.0873,54.1663
2.9929,51.4377,22.6346,53.1042
3.7777,19.0335,21.7556,51.0421
4.0133,15.3300,21.7556,51.0421
3.4589,28.4080,20.9108,49.0600
3.8365,26.9912,20.0988,47.1550
2.4752,22.6742,20.0988,47.1550
3.1706,25.8864,19.3184,45.3239
3.7462,16.6605,19.3184,45.3239
4.5227,13.2933,19.7048,46.2304
3.4977,2.2337,20.5008,48.0981
4.3177,0.8438,20.9108,49.0600
4.6655,-0.8172,21.7556,51.0421
4.5184,-0.6916,22.1907,52.0629
5.2164,-1.9730,22.1907,52.0629
4.2600,-2.1981,23.0873,54.1663
4.2700,-2.6203,24.0200,56.3546
4.2139,-2.9546,24.9904,58.6313
4.8187,-3.1670,26.0000,61.0000
5.1345,-2.5510,26.5200,62.2200
4.3594,-3.1411,27.0504,63.4644
4.3148,-4.0602,27.0504,63.4644
4.7871,-3.8987,26.5200,62.2200
4.4622,-4.0155,26.5200,62.2200
4.9256,-3.0068,26.5200,62.2200
4.5945,-3.8854,26.5200,62.2200
4.1613,-4.4122,26.5200,62.2200
4.2540,-2.6113,26.0000,61.0000
3.9470,-3.9287,26.5200,62.2200
4.0961,-5.1664,27.5914,64.7337
4.2564,-4.0067,26.5200,62.2200
4.0720,-4.1980,26.5200,62.2200
3.3790,-3.9979,26.0000,61.0000
3.4132,-4.3970,24.9904,58.6313
3.5157,-4.2967,24.9904,58.6313
3.5733,-3.7873,24.9904,58.6313
3.5758,-3.5273,24.9904,58.6313
3.6923,-3.4893,24.9904,58.6313
3.7121,-3.3623,24.9904,58.6313
3.8009,-3.2846,24.9904,58.6313
3.8062,-3.1402,24.9904,58.6313
3.7383,-3.1311,24.9904,58.6313
3.6688,-3.0885,24.9904,58.6313
3.5633,-3.1441,24.9904,58.6313
3.5358,-3.1434,24.9904,58.6313
3.9409,-3.3111,24.9904,58.6313
3.9591,-3.3111,24.9904,58.6313
3.8088,-3.1049,24.9904,58.6313
3.9301,-3.3635,24.9904,58.6313
3.8588,-3.5442,24.9904,58.6313
4.2423,-3.4371,24.5004,57.4817
4.6510,-3.1771,23.5490,55.2496
4.5722,-2.5394,24.0200,56.3546
3.7801,-4.1313,24.9904,58.6313
3.9099,-4.0297,25.4902,59.8039
3.5743,-4.0215,26.0000,61.0000
3.5935,-4.0847,26.0000,61.0000
3.8103,-3.5839,25.4902,59.8039
3.5323,-3.9510,26.0000,61.0000
4.2036,-4.4877,27.0504,63.4644
3.9093,-4.0175,26.5200,62.2200
3.7384,-4.1201,26.0000,61.0000
3.6119,-4.3118,26.0000,61.0000
3.7740,-4.5343,26.0000,61.0000
3.7269,-4.2111,26.0000,61.0000
3.6820,-4.2755,26.0000,61.0000
3.8894,-4.1443,26.0000,61.0000
3.9667,-4.1779,26.0000,61.0000
3.8788,-3.8210,25.4902,59.8039
4.1994,-3.4890,24.9904,58.6313
4.1897,-4.0784,26.0000,61.0000
4.6014,-4.0035,26.0000,61.0000
4.5219,-3.8831,26.0000,61.0000
4.8619,-4.1975,26.5200,62.2200
4.8101,-4.4390,27.0504,63.4644
5.0158,-4.1939,27.0504,63.4644
3.5562,-5.3164,28.1432,66.0284
4.1990,-4.2708,27.0504,63.4644
3.8944,-3.9850,26.5200,62.2200
3.7481,-5.1953,27.5914,64.7337
4.3202,-4.4622,26.5200,62.2200
4.4282,-4.2960,26.5200,62.2200
4.4858,-3.6884,26.5200,62.2200
4.4832,-3.6935,26.5200,62.2200
4.4887,-3.9048,26.5200,62.2200
3.9658,-4.3695,26.5200,62.2200
3.6782,-4.1637,26.0000,61.0000
3.6435,-4.4879,26.0000,61.0000
3.6215,-4.3918,26.0000,61.0000
3.8440,-4.3548,26.0000,61.0000
4.1250,-3.8563,26.0000,61.0000
4.1734,-3.8256,26.0000,61.0000
4.2472,-3.8738,26.5200,62.2200
4.3083,-4.0998,26.5200,62.2200
4.3159,-4.0889,26.5200,62.2200
3.9715,-4.7234,27.0504,63.4644
4.1405,-4.0117,26.5200,62.2200
3.9227,-5.2958,27.5914,64.7337
4.3761,-3.9655,26.5200,62.2200
4.1804,-4.1840,26.5200,62.2200
3.5778,-5.0455,27.5914,64.7337
3.7780,-4.9078,27.5914,64.7337
4.0653,-4.6541,27.0504,63.4644
4.2424,-4.6890,27.0504,63.4644
4.1622,-4.6967,27.0504,63.4644
4.1933,-5.0209,27.0504,63.4644
4.2240,-4.8200,27.0504,63.4644
4.4332,-4.4235,27.0504,63.4644
4.0591,-4.8196,27.5914,64.7337
3.9857,-4.7279,27.5914,64.7337
4.5869,-3.9187,26.5200,62.2200
4.2567,-4.4493,27.0504,63.4644
4.3214,-4.3471,27.0504,63.4644
3.9597,-4.4081,27.0504,63.4644
4.2765,-4.3281,27.0504,63.4644
5.3134,-4.4682,26.5200,62.2200
4.3834,-5.2275,27.0504,63.4644
4.3969,-5.2734,27.0504,63.4644
4.4337,-4.9077,27.5914,64.7337
3.7003,-4.9610,27.5914,64.7337
3.4708,-4.8646,27.5914,64.7337
3.9425,-4.7930,27.5914,64.7337
3.8710,-4.3869,26.5200,62.2200
3.2380,-5.5226,27.5914,64.7337
3.9507,-5.0501,27.5914,64.7337
3.3500,-5.1359,27.5914,64.7337
2.9536,-5.5335,27.5914,64.7337
2.1205,-6.1356,27.5914,64.7337
2.5296,-5.5972,28.7061,67.3489
2.4904,-6.2941,28.7061,67.3489
2.0271,-6.2267,28.1432,66.0284
2.3945,-6.5623,28.7061,67.3489
3.5436,-5.4598,27.5914,64.7337
3.7400,-4.7881,27.0504,63.4644
3.6257,-4.7674,27.0504,63.4644
3.1772,-5.2245,27.5914,64.7337
3.1438,-5.2338,27.5914,64.7337
3.3435,-4.1237,26.5200,62.2200
4.0391,-5.5095,27.5914,64.7337
2.0243,-5.3771,27.5914,64.7337
4.2643,-6.2007,28.1432,66.0284
3.8355,-4.5002,27.0504,63.4644
3.5064,-4.8409,27.5914,64.7337
3.1998,-4.5778,27.5914,64.7337
2.7001,-5.7830,28.1432,66.0284
3.3543,-4.8390,27.5914,64.7337
3.6343,-4.4248,27.5914,64.7337
2.7246,-5.9063,28.1432,66.0284
3.9652,-4.4251,27.0504,63.4644
3.7371,-4.6032,27.0504,63.4644
3.8194,-4.5098,27.0504,63.4644
3.7265,-4.6253,27.0504,63.4644
3.5413,-5.8504,27.5914,64.7337
3.4382,-5.6842,27.5914,64.7337
3.6988,-4.3895,26.5200,62.2200
3.6948,-4.1001,27.0504,63.4644
2.0931,-4.5691,27.5914,64.7337
2.4928,-6.1271,28.7061,67.3489
2.1922,-7.2498,29.2802,68.6959
2.5608,-6.6824,28.7061,67.3489
3.7277,-6.6683,27.5914,64.7337
3.5340,-5.7229,28.1432,66.0284
3.7640,-5.3517,28.1432,66.0284
2.2524,-6.5487,29.2802,68.6959
2.2722,-4.2771,28.1432,66.0284
2.4019,-5.0562,29.2802,68.6959
3.4821,-5.7249,30.4631,71.4712
4.1379,-7.8368,29.2802,68.6959
3.4524,-5.4576,28.7061,67.3489
4.7354,-5.4055,27.5914,64.7337
3.7877,-5.3131,26.5200,62.2200
5.0667,-4.0363,27.5914,64.7337
3.9379,-4.3808,27.5914,64.7337
3.3511,-5.5422,28.1432,66.0284
4.2071,-4.6401,27.0504,63.4644
3.7858,-4.2858,27.0504,63.4644
4.2047,-4.2749,27.0504,63.4644
4.1416,-4.6256,27.0504,63.4644
2.9224,-3.5267,26.0000,61.0000
4.3007,-2.9163,27.0504,63.4644
4.9106,-3.8710,27.0504,63.4644
4.4588,-5.3486,28.1432,66.0284
4.0335,-5.3725,29.2802,68.6959
4.2269,-5.1129,29.2802,68.6959
3.0972,-7.4565,29.2802,68.6959
2.5853,-6.6429,28.1432,66.0284
3.8738,-5.6400,27.0504,63.4644
3.6555,-5.0805,26.0000,61.0000
3.4656,-4.7007,24.9904,58.6313
3.9122,-4.6636,25.4902,59.8039
3.8044,-4.0824,24.9904,58.6313
3.9993,-4.8144,25.4902,59.8039
3.6604,-5.0150,26.0000,61.0000
4.5327,-5.0032,27.0504,63.4644
3.1280,-6.1818,28.1432,66.0284
4.6357,-5.6380,27.5914,64.7337
3.3098,-5.9979,28.1432,66.0284
3.8728,-4.2262,27.0504,63.4644
2.4341,-3.8176,28.1432,66.0284
2.7842,-1.9355,28.1432,66.0284
3.5275,-4.0428,27.0504,63.4644
3.9646,-6.3469,26.5200,62.2200
4.2652,-5.3613,27.5914,64.7337
3.6288,-4.1862,27.5914,64.7337
4.1992,-4.2945,27.5914,64.7337
3.0483,-4.5605,28.1432,66.0284
3.7571,-3.4798,27.0504,63.4644
3.2809,-2.7602,27.0504,63.4644
2.5459,-4.8459,28.1432,66.0284
3.3892,-4.5323,27.5914,64.7337
4.7427,-4.1888,27.0504,63.4644
3.8513,-6.2537,28.1432,66.0284
3.7909,-6.2924,28.1432,66.0284
4.2062,-6.0692,27.5914,64.7337
3.2928,-5.5858,28.7061,67.3489
3.7629,-5.5342,28.1432,66.0284
3.8028,-6.3133,28.1432,66.0284
3.4706,-6.0438,29.2802,68.6959
3.1519,-6.2384,30.4631,71.4712
3.0398,-6.9704,29.8658,70.0698
3.2848,-6.8834,30.4631,71.4712
3.3831,-8.1796,31.0724,72.9006
3.4378,-7.3801,31.0724,72.9006
2.8998,-7.6217,29.8658,70.0698
2.5948,-7.8637,29.8658,70.0698
2.7744,-7.5642,29.8658,70.0698
2.3051,-6.8707,30.4631,71.4712
3.2658,-6.8347,29.2802,68.6959
2.9836,-5.8128,28.7061,67.3489
3.8372,-4.7907,28.1432,66.0284
3.5407,-4.9923,28.1432,66.0284
3.9610,-5.0819,28.1432,66.0284
5.3595,-4.9916,27.0504,63.4644
4.3998,-6.9249,28.1432,66.0284
4.8462,-4.9140,27.5914,64.7337
3.0828,-6.1942,28.7061,67.3489
3.8514,-5.5693,28.1432,66.0284
2.9405,-6.2103,29.2802,68.6959
2.7923,-7.5451,29.8658,70.0698
3.1592,-6.4192,28.7061,67.3489
3.5324,-6.9316,28.7061,67.3489
3.2661,-6.4079,28.1432,66.0284
3.0415,-6.4735,28.1432,66.0284
3.1137,-6.4117,28.1432,66.0284
