478.0000,143.0000,80.0000,111.0000
476.0545,140.3709,81.6000,113.2200
475.0054,138.6720,81.6000,113.2200
473.9861,136.3794,81.6000,113.2200
471.0985,132.6538,83.2320,115.4844
471.0495,132.2420,81.6000,113.2200
471.0808,132.6151,78.4314,108.8235
468.7665,131.6960,78.4314,108.8235
466.2060,127.6023,81.6000,113.2200
465.5029,126.6415,80.0000,111.0000
464.0502,125.4903,80.0000,111.0000
461.6518,122.3428,83.2320,115.4844
460.8549,122.0764,83.2320,115.4844
460.4559,122.1731,83.2320,115.4844
459.2908,120.0520,84.8966,117.7941
458.4192,118.4796,84.8966,117.7941
456.8140,116.8435,86.5946,120.1500
456.9825,120.0244,83.2320,115.4844
455.2117,121.1667,83.2320,115.4844
454.2194,122.1368,83.2320,115.4844
452.1464,121.7018,84.8966,117.7941
450.2226,122.4480,84.8966,117.7941
446.6541,121.8921,86.5946,120.1500
443.4298,122.9061,86.5946,120.1500
441.0630,126.7379,83.2320,115.4844
433.9672,126.8698,86.5946,120.1500
425.3984,128.3230,88.3265,122.5530
419.3418,131.1179,88.3265,122.5530
413.7214,136.5870,86.5946,120.1500
404.3167,139.4253,88.3265,122.5530
395.6060,146.7422,86.5946,120.1500
386.6436,151.2144,86.5946,120.1500
374.4119,153.5769,88.3265,122.5530
362.6724,155.2662,91.8949,127.5041
351.3091,160.5207,90.0930,125.0040
340.6953,165.2697,88.3265,122.5530
327.9136,167.4819,88.3265,122.5530
316.1654,168.2745,90.0930,125.0040
303.1932,168.0541,93.7328,130.0542
290.6563,169.8495,93.7328,130.0542
280.5307,171.4910,91.8949,127.5041
270.9532,171.1271,93.7328,130.0542
263.8881,172.5920,93.7328,130.0542
255.8023,169.9765,97.5196,135.3084
251.4364,170.9119,97.5196,135.3084
247.7917,169.4380,101.4593,140.7748
245.6126,168.5296,105.5583,146.4621
247.3602,171.0043,103.4885,143.5903
249.9708,172.3277,101.4593,140.7748
252.2188,171.2594,103.4885,143.5903
257.6680,173.6745,99.4699,138.0145
259.0728,170.0222,101.4593,140.7748
263.4456,169.9301,99.4699,138.0145
264.9598,164.0220,101.4593,140.7748
267.1361,157.4892,103.4885,143.5903
268.8693,147.9706,103.4885,143.5903
269.1143,134.4829,107.6695,149.3914
268.6545,120.5295,112.0193,155.4268
267.8199,103.2934,116.5449,161.7060
269.5814,93.4927,114.2597,158.5353
271.4519,85.6736,109.8229,152.3792
272.2952,76.4936,107.6695,149.3914
272.1086,68.0183,105.5583,146.4621
272.8786,61.9450,101.4593,140.7748
273.7106,57.5299,97.5196,135.3084
275.5159,53.9782,93.7328,130.0542
275.1719,48.0668,93.7328,130.0542
276.0572,45.2742,90.0930,125.0040
276.8234,42.0092,88.3265,122.5530
278.3740,40.8600,86.5946,120.1500
278.4173,36.5354,88.3265,122.5530
282.6817,37.9594,84.8966,117.7941
286.1704,39.5826,81.6000,113.2200
288.9609,39.1654,81.6000,113.2200
292.5049,39.5790,81.6000,113.2200
296.8654,40.2784,81.6000,113.2200
303.3749,43.4400,78.4314,108.8235
309.8428,46.2126,75.3858,104.5978
315.2461,47.0217,76.8935,106.6897
322.2362,48.6776,78.4314,108.8235
330.2595,52.1003,75.3858,104.5978
337.7050,51.6708,76.8935,106.6897
344.9667,49.5085,80.0000,111.0000
355.4604,51.4059,78.4314,108.8235
365.9005,51.2159,78.4314,108.8235
375.3990,50.1734,80.0000,111.0000
388.5521,53.3183,78.4314,108.8235
400.5472,54.5652,78.4314,108.8235
413.0159,55.0509,80.0000,111.0000
425.4959,56.8545,81.6000,113.2200
438.3038,58.0891,83.2320,115.4844
451.6058,60.6981,83.2320,115.4844
467.2794,66.5570,80.0000,111.0000
477.5227,68.8427,83.2320,115.4844
489.6200,73.0968,83.2320,115.4844
501.2042,79.0192,81.6000,113.2200
509.8001,83.5294,80.0000,111.0000
513.8395,85.6442,83.2320,115.4844
517.1028,89.5586,84.8966,117.7941
516.6580,91.0128,88.3265,122.5530
515.4989,94.3017,90.0930,125.0040
515.0863,99.5667,88.3265,122.5530
511.3483,103.0676,88.3265,122.5530
508.7129,108.9799,84.8966,117.7941
500.4488,110.3873,88.3265,122.5530
495.4906,116.1631,86.5946,120.1500
488.1859,119.1070,86.5946,120.1500
477.0543,120.3261,90.0930,125.0040
469.0279,125.6153,88.3265,122.5530
461.4864,128.6824,88.3265,122.5530
451.9889,128.8410,91.8949,127.5041
444.6618,132.7398,90.0930,125.0040
438.5481,139.1430,86.5946,120.1500
429.5558,140.5064,88.3265,122.5530
421.8996,143.2298,90.0930,125.0040
413.3293,146.4384,93.7328,130.0542
406.7236,150.8675,93.7328,130.0542
400.0131,155.9839,91.8949,127.5041
392.8985,159.6036,93.7328,130.0542
385.0707,163.7407,95.6074,132.6553
376.2082,167.8283,97.5196,135.3084
370.9107,175.6597,93.7328,130.0542
360.7831,176.5264,97.5196,135.3084
353.6029,182.1890,95.6074,132.6553
345.5912,187.3517,93.7328,130.0542
335.1141,187.2530,97.5196,135.3084
327.1941,190.0650,97.5196,135.3084
322.1555,195.0155,93.7328,130.0542
313.8689,193.2401,97.5196,135.3084
310.7035,194.8477,95.6074,132.6553
306.4530,191.3417,99.4699,138.0145
305.4231,192.4938,97.5196,135.3084
306.7837,191.9143,97.5196,135.3084
311.7754,194.2705,93.7328,130.0542
316.4957,194.0422,93.7328,130.0542
325.1010,197.5419,90.0930,125.0040
333.7711,199.8179,88.3265,122.5530
343.2875,201.3038,88.3265,122.5530
352.4700,202.1905,90.0930,125.0040
364.8505,206.2763,90.0930,125.0040
377.8526,210.8616,88.3265,122.5530
390.6184,212.9149,90.0930,125.0040
402.5153,216.6171,90.0930,125.0040
416.8157,223.6513,86.5946,120.1500
429.4621,229.0675,83.2320,115.4844
439.6504,233.2235,83.2320,115.4844
446.8072,238.4849,83.2320,115.4844
452.1571,243.8222,84.8966,117.7941
456.1854,251.2745,81.6000,113.2200
455.7165,251.9479,83.2320,115.4844
459.0326,254.0455,81.6000,113.2200
458.9027,250.5496,84.8966,117.7941
458.1074,249.0980,84.8966,117.7941
455.2353,244.6705,86.5946,120.1500
452.7933,238.3427,86.5946,120.1500
448.1038,228.3508,90.0930,125.0040
443.7701,222.9343,93.7328,130.0542
440.3969,223.2866,91.8949,127.5041
437.7439,220.7803,93.7328,130.0542
437.8014,219.6175,91.8949,127.5041
437.8966,217.1053,91.8949,127.5041
440.3203,213.1913,93.7328,130.0542
440.7676,208.0435,95.6074,132.6553
440.2059,202.7485,99.4699,138.0145
439.4175,199.7908,103.4885,143.5903
438.1864,199.3644,105.5583,146.4621
436.2042,200.4975,105.5583,146.4621
432.8392,200.4046,105.5583,146.4621
426.4584,197.5068,107.6695,149.3914
420.1561,197.3832,105.5583,146.4621
410.0418,193.5431,107.6695,149.3914
397.9150,191.1071,109.8229,152.3792
387.3677,192.8216,107.6695,149.3914
374.6474,192.5895,107.6695,149.3914
358.7678,188.1876,112.0193,155.4268
344.9810,189.6287,107.6695,149.3914
330.6207,189.9381,103.4885,143.5903
317.7132,189.5262,99.4699,138.0145
302.9963,185.9599,99.4699,138.0145
289.5318,182.7654,97.5196,135.3084
278.1484,181.6395,93.7328,130.0542
264.9978,179.2128,93.7328,130.0542
253.9678,177.6185,93.7328,130.0542
243.9230,176.6496,93.7328,130.0542
234.4536,174.2661,95.6074,132.6553
227.7030,176.8281,91.8949,127.5041
221.0366,179.3192,90.0930,125.0040
212.9692,178.8827,93.7328,130.0542
205.9393,182.8603,91.8949,127.5041
199.0105,185.8351,93.7328,130.0542
192.4145,190.5320,91.8949,127.5041
185.3224,192.0154,95.6074,132.6553
178.9227,193.8841,97.5196,135.3084
174.0936,198.2618,95.6074,132.6553
168.6154,200.7643,95.6074,132.6553
163.4799,202.7429,95.6074,132.6553
159.2310,204.6719,95.6074,132.6553
155.1845,203.5837,99.4699,138.0145
152.4135,204.6129,99.4699,138.0145
150.1227,205.6474,99.4699,138.0145
148.8403,206.7949,97.5196,135.3084
148.1300,207.4216,97.5196,135.3084
144.9870,204.0781,101.4593,140.7748
145.4916,205.9979,97.5196,135.3084
144.6268,205.9183,95.6074,132.6553
140.4175,199.2644,99.4699,138.0145
137.6737,193.7886,99.4699,138.0145
135.5170,188.3282,97.5196,135.3084
133.0979,183.6914,95.6074,132.6553
127.9906,171.2640,99.4699,138.0145
124.5310,162.4104,97.5196,135.3084
121.4495,153.2388,97.5196,135.3084
117.7617,142.9969,97.5196,135.3084
114.7454,131.0253,97.5196,135.3084
114.1971,120.1020,95.6074,132.6553
112.3537,106.4294,97.5196,135.3084
111.6410,95.0710,97.5196,135.3084
111.9849,83.6838,97.5196,135.3084
114.1121,72.6112,97.5196,135.3084
117.4307,63.6042,95.6074,132.6553
119.3598,49.7477,97.5196,135.3084
123.7648,37.2839,99.4699,138.0145
133.0501,31.3175,95.6074,132.6553
141.8608,25.1448,91.8949,127.5041
151.8397,21.4289,88.3265,122.5530
165.2661,19.2293,84.8966,117.7941
175.3058,16.4247,83.2320,115.4844
188.8370,15.8531,80.0000,111.0000
200.2084,14.2088,80.0000,111.0000
212.2072,13.4768,78.4314,108.8235
223.7278,14.5183,75.3858,104.5978
232.2673,11.6843,76.8935,106.6897
240.1326,10.4743,78.4314,108.8235
247.6110,10.1670,76.8935,106.6897
255.0284,12.8858,73.9076,102.5468
258.8611,13.8998,73.9076,102.5468
261.7380,15.5406,73.9076,102.5468
265.4991,18.3101,72.4585,100.5361
266.5175,19.5722,73.9076,102.5468
267.8498,24.5760,71.0377,98.5648
267.6792,27.0581,71.0377,98.5648
266.1032,26.9613,72.4585,100.5361
265.2701,29.4706,71.0377,98.5648
262.0269,30.9579,72.4585,100.5361
258.7960,32.1979,73.9076,102.5468
256.7876,33.6770,73.9076,102.5468
256.5409,36.7816,72.4585,100.5361
255.9923,40.9028,71.0377,98.5648
255.9440,45.2254,69.6448,96.6322
256.7366,47.9613,69.6448,96.6322
257.4919,50.1992,69.6448,96.6322
261.6710,53.6165,66.9404,92.8798
265.0600,55.1964,66.9404,92.8798
266.9854,55.2854,68.2792,94.7374
269.8884,56.8596,68.2792,94.7374
274.5158,59.7777,66.9404,92.8798
275.4945,60.3824,68.2792,94.7374
278.9330,61.2762,65.6279,91.0587
281.7154,56.6854,68.2792,94.7374
287.8912,57.1240,65.6279,91.0587
288.4490,54.1919,68.2792,94.7374
291.4144,57.9856,65.6279,91.0587
291.3611,58.7919,66.9404,92.8798
291.0181,57.5798,68.2792,94.7374
290.4246,56.5792,69.6448,96.6322
289.4772,55.7782,71.0377,98.5648
289.6112,57.2842,69.6448,96.6322
290.4934,61.6584,66.9404,92.8798
289.7877,64.2897,66.9404,92.8798
287.5149,65.8248,68.2792,94.7374
285.8051,68.5398,68.2792,94.7374
285.7990,71.9474,66.9404,92.8798
284.4736,73.8607,66.9404,92.8798
283.5620,75.1122,66.9404,92.8798
284.0947,78.3003,65.6279,91.0587
285.4175,82.3183,63.0795,87.5227
285.0845,84.1623,65.6279,91.0587
286.9251,89.4955,63.0795,87.5227
287.9195,92.2875,63.0795,87.5227
289.0217,94.4801,63.0795,87.5227
289.8619,96.6914,63.0795,87.5227
290.0421,99.1678,63.0795,87.5227
289.7779,101.9206,63.0795,87.5227
289.9584,104.2506,63.0795,87.5227
289.5872,106.7325,63.0795,87.5227
290.1978,109.3604,63.0795,87.5227
290.0618,112.4530,63.0795,87.5227
289.7108,115.7464,61.8426,85.8066
290.0483,117.9544,63.0795,87.5227
290.7806,121.6155,63.0795,87.5227
292.0598,125.3363,61.8426,85.8066
293.6051,128.7904,61.8426,85.8066
296.2566,132.7663,60.6300,84.1241
296.3253,134.4268,61.8426,85.8066
298.2736,136.8900,63.0795,87.5227
299.9135,139.3576,63.0795,87.5227
301.4318,142.8046,61.8426,85.8066
302.9359,146.5341,61.8426,85.8066
304.2777,149.9783,61.8426,85.8066
305.1095,153.4986,61.8426,85.8066
306.1703,157.1179,63.0795,87.5227
308.1792,159.3366,63.0795,87.5227
311.8940,162.6275,60.6300,84.1241
313.6367,165.5175,59.4412,82.4746
313.1778,165.1669,61.8426,85.8066
315.3009,168.2170,59.4412,82.4746
315.7933,169.4905,59.4412,82.4746
314.1697,170.1624,60.6300,84.1241
312.2236,170.3517,63.0795,87.5227
312.5425,172.8795,60.6300,84.1241
312.7302,174.4327,58.2757,80.8575
312.3885,174.1981,60.6300,84.1241
312.4822,174.8808,60.6300,84.1241
313.6937,174.6659,59.4412,82.4746
313.7414,172.9969,60.6300,84.1241
314.4861,171.4749,59.4412,82.4746
314.9385,168.5951,59.4412,82.4746
313.7073,163.8809,61.8426,85.8066
313.2730,161.2680,61.8426,85.8066
312.8936,158.5093,61.8426,85.8066
310.9584,152.6478,64.3410,89.2732
310.6546,146.1667,64.3410,89.2732
310.8371,140.9174,63.0795,87.5227
310.5337,135.0512,63.0795,87.5227
312.1066,128.4486,61.8426,85.8066
313.3282,122.0194,61.8426,85.8066
313.1369,113.5571,64.3410,89.2732
315.6574,108.3878,61.8426,85.8066
318.0423,103.7864,60.6300,84.1241
319.1569,96.9727,63.0795,87.5227
321.4639,91.6471,63.0795,87.5227
323.2266,84.9870,64.3410,89.2732
325.2392,78.7069,66.9404,92.8798
327.8618,72.9205,68.2792,94.7374
332.2079,69.9230,65.6279,91.0587
335.0925,63.9386,65.6279,91.0587
338.7729,58.2140,65.6279,91.0587
342.5862,52.6910,66.9404,92.8798
347.2273,48.2066,66.9404,92.8798
352.4040,42.8492,68.2792,94.7374
360.1393,40.0244,66.9404,92.8798
367.6968,36.7080,65.6279,91.0587
375.6888,32.7243,65.6279,91.0587
383.0341,28.0320,66.9404,92.8798
391.0969,21.7582,68.2792,94.7374
399.5644,19.1646,68.2792,94.7374
407.6285,18.1525,69.6448,96.6322
416.1516,19.0300,69.6448,96.6322
425.8317,20.8634,69.6448,96.6322
435.2571,25.0846,69.6448,96.6322
446.4493,31.0475,66.9404,92.8798
454.5380,33.8316,68.2792,94.7374
460.8368,37.6147,71.0377,98.5648
466.4505,42.6288,73.9076,102.5468
475.0467,50.9515,71.0377,98.5648
481.7754,59.7265,68.2792,94.7374
487.1819,69.3297,66.9404,92.8798
487.3713,76.8606,66.9404,92.8798
484.3369,82.7869,68.2792,94.7374
483.5850,92.4058,65.6279,91.0587
480.2055,97.9175,64.3410,89.2732
477.0026,102.0940,64.3410,89.2732
471.6724,105.8863,66.9404,92.8798
468.1449,113.3593,65.6279,91.0587
465.0645,119.1205,64.3410,89.2732
461.5313,124.4598,64.3410,89.2732
459.9341,130.8791,63.0795,87.5227
458.4460,133.1217,64.3410,89.2732
458.0768,137.9434,64.3410,89.2732
459.1627,145.3622,61.8426,85.8066
459.2359,151.1959,61.8426,85.8066
461.8747,159.7445,59.4412,82.4746
460.8918,164.0964,61.8426,85.8066
463.1829,170.3619,60.6300,84.1241
465.5728,174.3428,60.6300,84.1241
467.1581,177.0386,61.8426,85.8066
470.4926,180.1583,63.0795,87.5227
473.7140,184.1081,60.6300,84.1241
474.9495,184.1071,63.0795,87.5227
475.7425,184.5159,64.3410,89.2732
478.3812,185.9478,63.0795,87.5227
478.6601,183.8156,65.6279,91.0587
480.3791,185.4683,63.0795,87.5227
479.0609,184.0146,64.3410,89.2732
478.6632,182.6141,65.6279,91.0587
478.1878,181.0938,65.6279,91.0587
478.1703,179.0557,64.3410,89.2732
476.9696,175.6669,65.6279,91.0587
476.5454,171.6019,65.6279,91.0587
478.4815,168.6449,63.0795,87.5227
479.3552,162.6003,63.0795,87.5227
480.9045,156.3013,63.0795,87.5227
482.3216,151.0288,61.8426,85.8066
483.0286,145.2333,63.0795,87.5227
483.4587,137.7986,64.3410,89.2732
484.2987,130.7301,66.9404,92.8798
486.0425,126.8007,65.6279,91.0587
485.1447,119.9227,68.2792,94.7374
487.2836,116.9484,66.9404,92.8798
485.5754,110.8318,69.6448,96.6322
486.4427,107.5581,68.2792,94.7374
485.2622,101.2077,71.0377,98.5648
484.4002,94.9496,72.4585,100.5361
483.7574,89.2246,72.4585,100.5361
482.9748,84.0764,71.0377,98.5648
478.7301,76.9868,73.9076,102.5468
473.6694,72.3224,75.3858,104.5978
468.6412,67.7744,75.3858,104.5978
461.5375,61.0676,76.8935,106.6897
455.8096,57.6874,73.9076,102.5468
450.0343,56.2340,71.0377,98.5648
439.6948,50.7525,73.9076,102.5468
429.8800,45.8823,75.3858,104.5978
421.8014,44.8682,72.4585,100.5361
413.5501,43.4123,69.6448,96.6322
404.1920,39.8478,69.6448,96.6322
394.4583,36.2110,69.6448,96.6322
384.5897,32.5879,69.6448,96.6322
373.9148,29.5530,69.6448,96.6322
364.2147,27.5828,68.2792,94.7374
353.9789,25.2747,68.2792,94.7374
344.5391,24.1146,66.9404,92.8798
332.5638,19.5144,69.6448,96.6322
324.9229,20.0689,66.9404,92.8798
316.9788,20.1395,65.6279,91.0587
309.6154,19.4450,65.6279,91.0587
302.9661,18.9955,65.6279,91.0587
295.2824,16.6057,68.2792,94.7374
289.2878,16.0747,69.6448,96.6322
283.4121,17.0887,68.2792,94.7374
277.5646,14.8537,69.6448,96.6322
273.1751,15.1978,68.2792,94.7374
267.6791,13.6694,71.0377,98.5648
265.2618,16.3816,68.2792,94.7374
261.6488,17.0363,68.2792,94.7374
257.8986,16.5371,71.0377,98.5648
256.7511,20.3637,68.2792,94.7374
256.4283,25.1871,65.6279,91.0587
254.6037,27.0984,66.9404,92.8798
251.5236,30.7664,66.9404,92.8798
249.3560,34.6638,65.6279,91.0587
245.1925,36.2873,66.9404,92.8798
242.0011,40.4508,64.3410,89.2732
237.4043,44.9306,63.0795,87.5227
231.1589,45.8586,65.6279,91.0587
225.9588,49.4898,64.3410,89.2732
221.8750,55.0305,63.0795,87.5227
220.3093,56.4864,64.3410,89.2732
221.2459,61.2236,63.0795,87.5227
217.7023,65.1672,63.0795,87.5227
210.8106,69.9628,61.8426,85.8066
207.9212,76.1104,60.6300,84.1241
204.5276,82.3426,58.2757,80.8575
201.3141,90.6319,57.1330,79.2720
199.0867,95.4436,59.4412,82.4746
200.5239,102.0272,57.1330,79.2720
202.1085,107.1360,59.4412,82.4746
204.2299,111.8184,57.1330,79.2720
206.9511,118.2324,54.9145,76.1938
207.4454,124.7278,57.1330,79.2720
209.6744,132.8586,59.4412,82.4746
209.3593,136.0032,61.8426,85.8066
203.6492,145.8491,60.6300,84.1241
205.0749,144.8733,61.8426,85.8066
201.7062,111.0364,61.8426,85.8066
201.8407,112.2177,59.4412,82.4746
201.6807,111.8998,58.2757,80.8575
201.1136,106.8590,59.4412,82.4746
199.4800,114.8072,60.6300,84.1241
200.3406,112.4901,60.6300,84.1241
201.1668,111.0676,60.6300,84.1241
200.8545,110.0522,60.6300,84.1241
202.1512,114.7902,58.2757,80.8575
207.3082,142.8754,58.2757,80.8575
205.6526,138.7058,60.6300,84.1241
203.8738,137.5461,60.6300,84.1241
203.4114,134.3364,60.6300,84.1241
201.5899,111.2328,60.6300,84.1241
204.1793,114.1070,60.6300,84.1241
204.8859,115.2653,58.2757,80.8575
236.1454,113.2200,56.0127,77.7177
240.4862,111.4039,54.9145,76.1938
241.8498,106.2034,56.0127,77.7177
244.5749,102.3013,56.0127,77.7177
246.1485,97.1141,56.0127,77.7177
247.3843,90.2677,58.2757,80.8575
249.7045,84.3450,60.6300,84.1241
252.6142,82.8371,58.2757,80.8575
255.9205,81.5362,56.0127,77.7177
257.3287,77.2733,56.0127,77.7177
256.9528,72.3306,57.1330,79.2720
255.7676,66.9542,59.4412,82.4746
254.0327,60.4753,61.8426,85.8066
255.7426,55.9285,63.0795,87.5227
259.4395,53.1798,63.0795,87.5227
264.8323,51.9013,63.0795,87.5227
270.0495,48.8219,65.6279,91.0587
278.3870,48.5057,64.3410,89.2732
283.5925,46.6570,65.6279,91.0587
287.2108,42.5656,68.2792,94.7374
291.0127,38.5630,71.0377,98.5648
298.3096,36.5272,72.4585,100.5361
303.0663,34.2783,75.3858,104.5978
309.8205,33.8746,76.8935,106.6897
314.7428,32.6900,80.0000,111.0000
326.6994,36.8795,76.8935,106.6897
334.0957,39.6185,78.4314,108.8235
340.7800,43.5714,76.8935,106.6897
345.5058,46.2279,80.0000,111.0000
349.9030,49.5132,83.2320,115.4844
357.7912,56.7889,81.6000,113.2200
361.0881,61.7579,83.2320,115.4844
360.7134,67.7890,86.5946,120.1500
361.3426,74.0501,90.0930,125.0040
363.5117,78.9860,93.7328,130.0542
337.8374,89.1649,90.0930,125.0040
344.3538,98.9926,86.5946,120.1500
350.2974,106.3143,86.5946,120.1500
357.9936,112.7918,83.2320,115.4844
367.8866,119.2436,81.6000,113.2200
373.3184,122.1057,84.8966,117.7941
380.1008,126.0563,84.8966,117.7941
388.9950,130.4815,81.6000,113.2200
396.7405,133.2721,80.0000,111.0000
401.6502,133.7108,83.2320,115.4844
409.4283,137.6627,81.6000,113.2200
415.7948,138.3548,81.6000,113.2200
422.2284,138.9173,81.6000,113.2200
428.4068,140.1045,80.0000,111.0000
435.9898,140.2525,80.0000,111.0000
443.7805,138.7198,83.2320,115.4844
453.6863,141.0322,81.6000,113.2200
463.3493,143.3772,80.0000,111.0000
474.6581,146.5225,80.0000,111.0000
487.2589,152.0305,78.4314,108.8235
496.1428,154.8375,80.0000,111.0000
507.0045,159.4943,80.0000,111.0000
518.2187,166.7643,76.8935,106.6897
526.6066,170.4192,78.4314,108.8235
534.3328,173.9353,80.0000,111.0000
540.1438,176.7152,83.2320,115.4844
547.8647,181.1958,83.2320,115.4844
552.6731,183.0074,86.5946,120.1500
556.9344,183.5187,90.0930,125.0040
561.9372,187.2619,90.0930,125.0040
566.0576,191.3580,88.3265,122.5530
569.3983,196.1045,86.5946,120.1500
571.1113,198.2514,86.5946,120.1500
571.6511,199.3806,86.5946,120.1500
570.2148,200.3235,84.8966,117.7941
566.4132,200.0418,84.8966,117.7941
559.1755,199.8143,86.5946,120.1500
552.1110,201.3137,84.8966,117.7941
539.2914,197.0701,88.3265,122.5530
522.8168,193.6705,91.8949,127.5041
503.9474,191.2240,95.6074,132.6553
482.5202,187.5489,99.4699,138.0145
463.5032,185.1274,99.4699,138.0145
443.7993,181.2787,101.4593,140.7748
426.4882,181.1946,97.5196,135.3084
450.5500,174.7366,101.4593,140.7748
444.4270,176.1086,97.5196,135.3084
431.8756,173.5012,101.4593,140.7748
425.8895,174.1905,99.4699,138.0145
419.0593,175.0113,97.5196,135.3084
410.3066,173.9485,101.4593,140.7748
407.0667,173.8257,103.4885,143.5903
401.1542,175.4966,99.4699,138.0145
399.9494,176.6237,95.6074,132.6553
393.9017,178.6512,93.7328,130.0542
387.4979,178.8737,95.6074,132.6553
382.9810,178.3756,95.6074,132.6553
374.2073,174.9750,99.4699,138.0145
321.8718,182.2047,95.6074,132.6553
321.0987,182.4066,97.5196,135.3084
320.0829,183.2938,97.5196,135.3084
316.0975,182.0626,99.4699,138.0145
310.0995,184.9359,95.6074,132.6553
299.3301,183.3565,97.5196,135.3084
290.8230,185.7658,93.7328,130.0542
278.8278,186.4472,93.7328,130.0542
265.9977,184.2114,95.6074,132.6553
257.7763,183.3532,93.7328,130.0542
248.1152,180.9979,95.6074,132.6553
241.2058,182.2504,93.7328,130.0542
234.4040,181.1834,93.7328,130.0542
225.9806,178.0396,95.6074,132.6553
220.6091,179.1923,91.8949,127.5041
212.8947,176.4689,95.6074,132.6553
209.4464,175.3873,95.6074,132.6553
204.9559,172.8849,97.5196,135.3084
205.8920,173.6072,95.6074,132.6553
208.0759,172.3315,95.6074,132.6553
213.0183,171.5476,93.7328,130.0542
219.4869,170.7508,91.8949,127.5041
227.3623,170.5802,91.8949,127.5041
236.4316,168.4766,91.8949,127.5041
247.0942,170.4580,88.3265,122.5530
256.2065,170.7845,86.5946,120.1500
266.3872,171.5859,83.2320,115.4844
275.0726,169.9810,83.2320,115.4844
284.3323,169.1132,80.0000,111.0000
289.4083,167.4882,81.6000,113.2200
297.1831,169.5478,78.4314,108.8235
301.6783,167.9161,76.8935,106.6897
307.8472,166.4669,73.9076,102.5468
310.9317,164.5468,72.4585,100.5361
310.6532,162.4522,73.9076,102.5468
311.8156,159.9941,72.4585,100.5361
313.2410,157.9332,71.0377,98.5648
310.8386,153.8177,72.4585,100.5361
311.7460,153.2308,69.6448,96.6322
308.5703,148.0488,72.4585,100.5361
305.6612,144.5649,73.9076,102.5468
303.5627,142.2021,73.9076,102.5468
303.8091,138.2471,75.3858,104.5978
303.7644,136.0865,75.3858,104.5978
303.4072,132.3161,76.8935,106.6897
301.4004,128.5417,80.0000,111.0000
305.2820,126.8266,81.6000,113.2200
306.7894,123.9928,81.6000,113.2200
304.1405,118.8044,84.8966,117.7941
300.9311,112.6049,88.3265,122.5530
303.1725,112.5356,84.8966,117.7941
302.9918,109.7056,84.8966,117.7941
303.2849,107.4746,84.8966,117.7941
303.8100,106.4085,83.2320,115.4844
305.7079,105.2739,81.6000,113.2200
308.3358,105.5292,78.4314,108.8235
310.4611,107.3346,75.3858,104.5978
310.6332,106.4360,75.3858,104.5978
311.9013,107.2863,73.9076,102.5468
312.0888,108.3654,73.9076,102.5468
312.3420,109.7892,72.4585,100.5361
314.0443,110.4816,71.0377,98.5648
314.8451,109.7633,72.4585,100.5361
316.8167,111.1776,73.9076,102.5468
320.3172,113.1365,73.9076,102.5468
325.2620,116.1231,72.4585,100.5361
330.6227,120.0186,71.0377,98.5648
333.7538,121.0390,73.9076,102.5468
338.4547,124.7245,73.9076,102.5468
340.9673,127.1495,76.8935,106.6897
345.8395,133.1363,73.9076,102.5468
348.3486,135.5600,75.3858,104.5978
350.3621,138.4856,76.8935,106.6897
353.0947,142.5414,76.8935,106.6897
353.8688,144.2767,80.0000,111.0000
355.4059,147.7282,80.0000,111.0000
356.4745,152.4751,80.0000,111.0000
354.5216,155.6330,83.2320,115.4844
355.0243,162.7600,80.0000,111.0000
353.1601,167.6558,81.6000,113.2200
350.6182,174.5318,78.4314,108.8235
345.0632,179.5866,78.4314,108.8235
338.8116,186.0542,76.8935,106.6897
331.6629,192.3534,78.4314,108.8235
324.7258,197.7955,78.4314,108.8235
319.5679,203.4084,75.3858,104.5978
314.0472,209.7049,72.4585,100.5361
306.4570,211.8565,75.3858,104.5978
303.4286,216.5807,72.4585,100.5361
299.3011,218.6043,75.3858,104.5978
297.4609,221.3046,76.8935,106.6897
297.9996,224.5438,75.3858,104.5978
298.3221,226.4563,75.3858,104.5978
300.7499,229.6420,72.4585,100.5361
303.6498,230.5969,72.4585,100.5361
305.5515,231.5158,73.9076,102.5468
308.6544,234.6151,72.4585,100.5361
308.9973,234.4983,73.9076,102.5468
307.6753,232.7700,76.8935,106.6897
307.9057,232.6753,76.8935,106.6897
308.2782,233.8027,75.3858,104.5978
308.0118,232.8225,76.8935,106.6897
307.6326,232.7403,76.8935,106.6897
307.6854,232.7320,76.8935,106.6897
308.5914,233.9166,75.3858,104.5978
308.3907,233.9879,75.3858,104.5978
307.7210,232.7748,76.8935,106.6897
308.2236,233.8439,75.3858,104.5978
308.4806,233.8508,75.3858,104.5978
307.7236,232.7942,76.8935,106.6897
308.4535,233.6769,75.3858,104.5978
307.8104,232.7961,76.8935,106.6897
308.3050,233.8447,75.3858,104.5978
307.9060,232.7288,76.8935,106.6897
308.4593,233.7129,75.3858,104.5978
308.3004,233.7799,75.3858,104.5978
308.4546,233.8897,75.3858,104.5978
307.8023,232.7952,76.8935,106.6897
307.8824,232.6736,76.8935,106.6897
308.3258,233.7262,75.3858,104.5978
307.8105,232.7200,76.8935,106.6897
308.3642,233.8255,75.3858,104.5978
308.4300,233.7444,75.3858,104.5978
308.5863,233.8745,75.3858,104.5978
308.4132,233.7774,75.3858,104.5978
308.4403,233.7595,75.3858,104.5978
308.4822,233.5799,75.3858,104.5978
308.2903,233.7297,75.3858,104.5978
308.2986,233.6443,75.3858,104.5978
308.2091,233.7029,75.3858,104.5978
308.4053,233.6017,75.3858,104.5978
308.4018,233.6241,75.3858,104.5978
307.7444,232.6169,76.8935,106.6897
308.2712,233.6451,75.3858,104.5978
307.8049,232.7300,76.8935,106.6897
307.7834,232.5958,76.8935,106.6897
307.8164,232.7212,76.8935,106.6897
308.3602,233.5495,75.3858,104.5978
307.8262,232.7731,76.8935,106.6897
308.3906,233.8428,75.3858,104.5978
308.4188,233.8527,75.3858,104.5978
307.7172,232.6210,76.8935,106.6897
307.8048,232.5582,76.8935,106.6897
307.7734,232.7095,76.8935,106.6897
308.4941,233.6659,75.3858,104.5978
307.6686,232.5784,76.8935,106.6897
307.7912,232.6570,76.8935,106.6897
307.6297,232.7513,76.8935,106.6897
307.9310,232.7006,76.8935,106.6897
308.4768,233.7031,75.3858,104.5978
307.7464,232.6388,76.8935,106.6897
308.4229,233.6827,75.3858,104.5978
307.7367,232.6401,76.8935,106.6897
307.6336,232.6431,76.8935,106.6897
308.3834,233.6849,75.3858,104.5978
308.3378,233.8286,75.3858,104.5978
308.2325,233.8326,75.3858,104.5978
307.8414,232.9443,76.8935,106.6897
308.4315,233.7817,75.3858,104.5978
307.7085,232.6064,76.8935,106.6897
307.8054,232.6257,76.8935,106.6897
307.8767,232.6881,76.8935,106.6897
307.8682,232.6201,76.8935,106.6897
307.7964,232.6684,76.8935,106.6897
308.2507,233.5976,75.3858,104.5978
308.3209,233.6299,75.3858,104.5978
308.3321,233.7449,75.3858,104.5978
307.8465,232.9001,76.8935,106.6897
308.4302,233.6536,75.3858,104.5978
308.3666,233.7417,75.3858,104.5978
307.8101,232.8956,76.8935,106.6897
307.6752,232.6979,76.8935,106.6897
307.7896,232.7285,76.8935,106.6897
307.7905,232.7374,76.8935,106.6897
307.7834,232.6657,76.8935,106.6897
308.5755,233.7526,75.3858,104.5978
307.6551,232.7394,76.8935,106.6897
307.7831,232.6745,76.8935,106.6897
308.0035,232.6670,76.8935,106.6897
308.4423,233.6268,75.3858,104.5978
307.7159,232.9281,76.8935,106.6897
307.8521,232.7020,76.8935,106.6897
308.4305,233.7573,75.3858,104.5978
308.3276,233.5896,75.3858,104.5978
308.3126,233.6983,75.3858,104.5978
307.9777,232.6410,76.8935,106.6897
307.8903,232.7138,76.8935,106.6897
307.7916,232.8291,76.8935,106.6897
307.6908,232.7542,76.8935,106.6897
308.1854,233.8266,75.3858,104.5978
308.1366,233.7405,75.3858,104.5978
308.4998,233.8203,75.3858,104.5978
308.3264,233.7677,75.3858,104.5978
308.3266,233.7134,75.3858,104.5978
308.2472,233.6550,75.3858,104.5978
308.3315,233.8566,75.3858,104.5978
307.8559,232.8919,76.8935,106.6897
308.2992,233.9225,75.3858,104.5978
307.7264,232.8696,76.8935,106.6897
307.7558,232.7285,76.8935,106.6897
308.3267,233.7370,75.3858,104.5978
307.6875,232.7054,76.8935,106.6897
308.2497,233.8569,75.3858,104.5978
308.3662,233.7754,75.3858,104.5978
308.3791,233.7722,75.3858,104.5978
307.8192,232.8408,76.8935,106.6897
307.8236,232.8449,76.8935,106.6897
307.8079,232.8533,76.8935,106.6897
308.3088,233.7206,75.3858,104.5978
307.7551,232.8061,76.8935,106.6897
307.5869,232.8086,76.8935,106.6897
307.7021,232.8743,76.8935,106.6897
308.3811,233.7803,75.3858,104.5978
307.7580,232.8867,76.8935,106.6897
308.3471,233.9041,75.3858,104.5978
308.2921,233.9313,75.3858,104.5978
307.8441,232.8387,76.8935,106.6897
307.8346,232.9235,76.8935,106.6897
308.2826,233.8301,75.3858,104.5978
308.2917,233.7486,75.3858,104.5978
307.8567,232.8696,76.8935,106.6897
308.2593,233.8417,75.3858,104.5978
307.7509,232.8560,76.8935,106.6897
307.7206,232.8044,76.8935,106.6897
307.7170,232.8398,76.8935,106.6897
307.5513,232.7329,76.8935,106.6897
307.6627,232.8648,76.8935,106.6897
308.3964,233.8269,75.3858,104.5978
307.6620,232.7997,76.8935,106.6897
307.6166,232.6931,76.8935,106.6897
308.3064,233.7203,75.3858,104.5978
308.9882,234.6460,72.4585,100.5361
306.7457,229.9504,75.3858,104.5978
306.4851,229.4842,72.4585,100.5361
303.7963,225.1416,75.3858,104.5978
301.6775,220.6084,78.4314,108.8235
301.8587,218.0922,76.8935,106.6897
304.0060,216.5241,73.9076,102.5468
304.9067,211.3175,75.3858,104.5978
306.6548,204.5524,76.8935,106.6897
311.1473,200.1925,75.3858,104.5978
317.6285,196.7429,72.4585,100.5361
321.9663,191.3006,73.9076,102.5468
326.9490,184.3565,75.3858,104.5978
334.9050,179.9836,72.4585,100.5361
340.2148,173.5239,73.9076,102.5468
344.8006,166.1671,76.8935,106.6897
350.1114,158.7947,80.0000,111.0000
356.6616,153.0727,81.6000,113.2200
366.2515,150.4109,78.4314,108.8235
374.1888,145.3411,78.4314,108.8235
381.8851,137.4423,81.6000,113.2200
389.3165,132.4927,84.8966,117.7941
397.0061,129.6685,84.8966,117.7941
406.3696,129.1128,81.6000,113.2200
412.5619,126.5968,83.2320,115.4844
421.4184,127.6066,80.0000,111.0000
427.9826,127.5684,80.0000,111.0000
435.2474,130.1041,78.4314,108.8235
441.6287,132.8372,76.8935,106.6897
447.0932,134.3842,78.4314,108.8235
452.5359,136.1481,76.8935,106.6897
458.1158,138.7770,75.3858,104.5978
463.5589,141.9915,73.9076,102.5468
467.4636,143.7600,73.9076,102.5468
473.1717,147.5138,71.0377,98.5648
476.8846,151.8595,69.6448,96.6322
480.1752,155.6143,69.6448,96.6322
482.2040,158.0630,71.0377,98.5648
485.7027,162.5747,69.6448,96.6322
488.2413,167.0775,69.6448,96.6322
491.4741,171.9192,68.2792,94.7374
495.5171,177.7265,65.6279,91.0587
498.2708,180.4999,64.3410,89.2732
500.2519,182.7664,64.3410,89.2732
502.1855,184.6096,64.3410,89.2732
505.1040,186.6514,63.0795,87.5227
505.2299,188.2094,63.0795,87.5227
505.4273,192.5906,60.6300,84.1241
503.4947,195.7310,60.6300,84.1241
500.1502,196.0453,61.8426,85.8066
500.0168,198.1012,59.4412,82.4746
496.6953,197.9039,60.6300,84.1241
493.9555,198.1870,60.6300,84.1241
491.1473,197.5156,60.6300,84.1241
489.5619,197.2397,59.4412,82.4746
488.1254,197.7722,57.1330,79.2720
485.1811,195.8743,59.4412,82.4746
483.3197,194.8082,59.4412,82.4746
479.8856,191.4769,61.8426,85.8066
480.9047,192.5688,59.4412,82.4746
480.1365,191.6572,59.4412,82.4746
478.8263,190.2992,60.6300,84.1241
479.3036,189.0513,60.6300,84.1241
480.7245,187.7602,59.4412,82.4746
480.9533,184.2717,60.6300,84.1241
483.5826,183.0368,59.4412,82.4746
483.1557,179.1161,61.8426,85.8066
486.7112,179.3038,59.4412,82.4746
488.2081,178.3888,59.4412,82.4746
488.8878,176.4273,60.6300,84.1241
487.7110,173.6552,63.0795,87.5227
487.6056,173.0560,63.0795,87.5227
486.2645,172.2622,63.0795,87.5227
482.7537,170.4200,64.3410,89.2732
478.7419,169.0984,66.9404,92.8798
474.8362,168.5313,66.9404,92.8798
472.2808,168.2600,65.6279,91.0587
468.6599,165.8141,66.9404,92.8798
464.0997,161.0981,69.6448,96.6322
461.3838,158.3662,71.0377,98.5648
459.7871,156.6967,72.4585,100.5361
459.9096,156.0881,72.4585,100.5361
458.2569,153.1733,75.3858,104.5978
459.4905,155.5544,72.4585,100.5361
461.1065,157.5090,69.6448,96.6322
462.7189,157.1246,71.0377,98.5648
464.5002,155.5486,73.9076,102.5468
467.6107,155.9583,72.4585,100.5361
468.5098,154.2316,73.9076,102.5468
469.2112,152.2760,76.8935,106.6897
471.9206,152.2007,76.8935,106.6897
472.4146,148.2887,80.0000,111.0000
476.1727,147.0235,80.0000,111.0000
479.4077,145.9931,81.6000,113.2200
482.1227,145.3778,81.6000,113.2200
482.4488,145.4842,80.0000,111.0000
481.3561,146.5023,78.4314,108.8235
476.9979,147.8712,76.8935,106.6897
470.0544,148.0086,78.4314,108.8235
464.7052,149.8984,75.3858,104.5978
456.2079,149.8215,76.8935,106.6897
449.1996,149.8455,78.4314,108.8235
442.8375,151.5378,78.4314,108.8235
438.0177,153.5025,76.8935,106.6897
434.9368,154.5131,75.3858,104.5978
432.8461,153.5012,73.9076,102.5468
430.7276,152.7252,72.4585,100.5361
429.4806,152.1745,69.6448,96.6322
429.3451,151.0550,66.9404,92.8798
383.1053,160.0223,69.6448,96.6322
381.9488,158.3190,72.4585,100.5361
379.8547,157.0195,75.3858,104.5978
378.9125,156.5635,76.8935,106.6897
376.5340,156.3643,80.0000,111.0000
375.2109,157.1653,80.0000,111.0000
423.9098,154.8046,76.8935,106.6897
429.6200,158.8535,73.9076,102.5468
431.5250,164.6881,72.4585,100.5361
431.3025,166.2123,75.3858,104.5978
430.4789,167.6718,78.4314,108.8235
427.8216,168.4959,81.6000,113.2200
423.6229,170.9809,83.2320,115.4844
417.6584,173.3986,84.8966,117.7941
406.3588,174.1172,88.3265,122.5530
393.4496,174.4867,91.8949,127.5041
378.1119,174.3714,95.6074,132.6553
361.9869,178.3319,93.7328,130.0542
344.9874,178.6799,95.6074,132.6553
331.6462,180.8279,93.7328,130.0542
318.5644,180.5774,95.6074,132.6553
309.4653,182.5953,93.7328,130.0542
302.7075,183.7053,90.0930,125.0040
295.8663,182.8381,90.0930,125.0040
288.5632,182.4013,90.0930,125.0040
280.6952,180.2653,91.8949,127.5041
273.3024,178.4831,93.7328,130.0542
263.1453,173.6637,97.5196,135.3084
257.8253,170.8776,99.4699,138.0145
256.2076,172.1544,95.6074,132.6553
253.3170,168.0330,97.5196,135.3084
254.5956,168.5962,93.7328,130.0542
255.4707,163.8632,95.6074,132.6553
259.9815,159.4431,95.6074,132.6553
267.6086,154.5897,95.6074,132.6553
277.7308,150.3761,93.7328,130.0542
283.9876,140.3044,97.5196,135.3084
294.2310,135.1148,93.7328,130.0542
300.3923,123.9274,97.5196,135.3084
307.5647,118.1999,95.6074,132.6553
312.7555,112.4364,93.7328,130.0542
314.8963,106.0186,91.8949,127.5041
314.7517,96.9489,95.6074,132.6553
315.8084,90.0472,93.7328,130.0542
312.9093,81.5982,97.5196,135.3084
310.4270,75.7284,97.5196,135.3084
306.4474,69.8612,99.4699,138.0145
305.5730,66.4024,95.6074,132.6553
302.7673,61.9959,93.7328,130.0542
300.0302,57.8447,90.0930,125.0040
297.5396,55.3123,86.5946,120.1500
293.4279,51.9540,84.8966,117.7941
288.5820,49.1904,83.2320,115.4844
282.8480,47.6861,84.8966,117.7941
280.3039,50.1809,81.6000,113.2200
277.5309,51.1199,81.6000,113.2200
274.7273,52.3100,81.6000,113.2200
275.3945,55.7323,78.4314,108.8235
276.3219,56.9018,78.4314,108.8235
277.3453,58.3027,78.4314,108.8235
279.7142,60.5671,76.8935,106.6897
282.8626,61.5876,78.4314,108.8235
286.2474,62.5733,80.0000,111.0000
292.3660,68.0258,78.4314,108.8235
297.0172,72.8419,80.0000,111.0000
304.6556,81.7091,76.8935,106.6897
309.7542,87.2989,80.0000,111.0000
316.7386,94.6882,80.0000,111.0000
324.0240,101.9883,81.6000,113.2200
330.0548,108.8067,83.2320,115.4844
335.7412,115.8652,86.5946,120.1500
341.5689,124.7766,88.3265,122.5530
346.6178,131.9535,91.8949,127.5041
352.6906,139.6963,91.8949,127.5041
355.9464,146.2212,93.7328,130.0542
358.9805,154.7556,90.0930,125.0040
357.6638,161.6404,90.0930,125.0040
355.0953,166.8316,90.0930,125.0040
350.9975,174.8708,86.5946,120.1500
343.4413,176.4436,88.3265,122.5530
335.1499,175.3935,91.8949,127.5041
326.6092,175.8724,91.8949,127.5041
321.7168,177.1975,88.3265,122.5530
316.4830,178.0426,84.8966,117.7941
311.4312,177.0515,81.6000,113.2200
306.0569,175.9812,78.4314,108.8235
299.1358,172.6371,76.8935,106.6897
295.5239,169.8628,73.9076,102.5468
296.9472,164.8568,73.9076,102.5468
297.4224,162.4484,76.8935,106.6897
300.4923,163.0543,75.3858,104.5978
304.5606,162.9687,73.9076,102.5468
306.6090,159.0061,76.8935,106.6897
309.4624,157.0672,76.8935,106.6897
310.4898,152.7687,80.0000,111.0000
314.2944,151.2093,76.8935,106.6897
315.4034,147.9936,76.8935,106.6897
316.4174,144.8614,78.4314,108.8235
315.2199,140.9197,81.6000,113.2200
315.4437,139.8952,80.0000,111.0000
314.8195,140.1815,78.4314,108.8235
312.5611,139.0318,78.4314,108.8235
309.1227,138.2933,78.4314,108.8235
303.8121,135.1651,81.6000,113.2200
301.2706,136.6579,78.4314,108.8235
298.5679,137.5630,75.3858,104.5978
294.2892,137.1631,78.4314,108.8235
291.9564,136.4693,78.4314,108.8235
291.0269,134.6599,76.8935,106.6897
290.8306,133.4654,76.8935,106.6897
291.8713,132.5531,76.8935,106.6897
294.0164,132.1052,76.8935,106.6897
295.1732,128.3425,80.0000,111.0000
298.8394,128.2947,76.8935,106.6897
301.0149,129.7760,73.9076,102.5468
298.5577,127.4744,76.8935,106.6897
297.2816,127.5338,76.8935,106.6897
294.4274,125.3237,80.0000,111.0000
294.1742,124.8503,81.6000,113.2200
294.4658,124.4368,81.6000,113.2200
296.5122,124.5304,80.0000,111.0000
300.0665,125.4140,76.8935,106.6897
302.0807,124.3627,76.8935,106.6897
302.4876,124.3350,76.8935,106.6897
301.1261,122.5268,80.0000,111.0000
302.1479,124.5588,76.8935,106.6897
302.5393,124.2313,76.8935,106.6897
303.3878,123.4571,76.8935,106.6897
302.6724,120.5016,80.0000,111.0000
304.6348,121.1571,78.4314,108.8235
305.0572,120.2680,78.4314,108.8235
304.4895,118.3973,80.0000,111.0000
304.9560,118.0155,80.0000,111.0000
304.4714,118.2913,80.0000,111.0000
306.0036,121.5414,76.8935,106.6897
306.6160,122.4534,76.8935,106.6897
306.8412,122.6530,76.8935,106.6897
306.8256,122.1200,76.8935,106.6897
308.0783,122.8614,75.3858,104.5978
309.1272,123.2019,75.3858,104.5978
308.4232,122.4659,76.8935,106.6897
307.8635,121.7991,78.4314,108.8235
307.5243,121.9963,78.4314,108.8235
308.3641,122.3504,76.8935,106.6897
308.2274,121.7994,78.4314,108.8235
308.4117,121.3423,78.4314,108.8235
307.9520,119.3058,80.0000,111.0000
307.8659,118.3857,80.0000,111.0000
308.3706,117.5877,80.0000,111.0000
309.8476,119.4682,76.8935,106.6897
308.1679,116.8707,80.0000,111.0000
309.7567,118.5906,76.8935,106.6897
310.4000,118.9906,75.3858,104.5978
308.4819,117.4112,76.8935,106.6897
307.8455,117.2871,76.8935,106.6897
307.4321,117.2026,76.8935,106.6897
306.4498,116.8494,76.8935,106.6897
303.8917,114.1884,80.0000,111.0000
302.8808,113.7888,80.0000,111.0000
303.5968,115.7033,78.4314,108.8235
301.8782,117.0156,76.8935,106.6897
299.5839,114.8506,80.0000,111.0000
299.7226,116.4131,78.4314,108.8235
297.3670,114.7215,80.0000,111.0000
296.8161,113.6874,80.0000,111.0000
296.2169,112.6185,80.0000,111.0000
297.8215,113.6589,76.8935,106.6897
295.3100,111.2803,80.0000,111.0000
297.4219,113.1575,76.8935,106.6897
298.7102,113.9514,75.3858,104.5978
299.0714,112.1334,78.4314,108.8235
300.3090,112.1471,76.8935,106.6897
300.9399,110.9385,78.4314,108.8235
300.1368,108.9567,80.0000,111.0000
303.2605,109.7827,76.8935,106.6897
305.8734,110.9042,73.9076,102.5468
305.4805,107.9851,76.8935,106.6897
307.2971,106.4865,78.4314,108.8235
309.5865,106.4935,76.8935,106.6897
312.8054,107.1625,75.3858,104.5978
316.3568,105.3442,76.8935,106.6897
321.8022,107.1737,73.9076,102.5468
325.8960,108.0431,73.9076,102.5468
329.8385,108.7381,73.9076,102.5468
334.0270,107.7804,76.8935,106.6897
338.0578,109.2038,78.4314,108.8235
342.7634,111.2484,76.8935,106.6897
345.3877,110.8685,80.0000,111.0000
349.9365,111.5635,80.0000,111.0000
354.0870,111.9056,81.6000,113.2200
358.7146,113.7713,81.6000,113.2200
362.7670,114.6812,81.6000,113.2200
364.9530,112.9728,83.2320,115.4844
368.6555,111.0006,86.5946,120.1500
369.7720,109.3028,90.0930,125.0040
372.5059,109.9691,91.8949,127.5041
375.3905,111.3720,91.8949,127.5041
379.3585,114.7648,88.3265,122.5530
381.2806,114.2309,90.0930,125.0040
382.3655,112.3948,91.8949,127.5041
384.9211,114.5318,88.3265,122.5530
385.3268,114.8771,88.3265,122.5530
384.0771,114.4789,90.0930,125.0040
383.9291,114.6711,90.0930,125.0040
382.9973,114.1786,90.0930,125.0040
383.5659,116.5828,86.5946,120.1500
383.1190,116.4322,86.5946,120.1500
382.7401,116.7424,86.5946,120.1500
382.6663,116.9579,86.5946,120.1500
382.6117,117.2487,86.5946,120.1500
384.6418,118.7815,84.8966,117.7941
385.7642,119.1529,84.8966,117.7941
387.8743,119.5108,84.8966,117.7941
390.4288,119.7476,86.5946,120.1500
393.6620,121.9803,84.8966,117.7941
397.2987,124.4374,83.2320,115.4844
401.8772,127.1056,81.6000,113.2200
405.6137,128.8318,81.6000,113.2200
409.3163,131.5673,80.0000,111.0000
412.5739,133.3565,81.6000,113.2200
413.3052,135.2220,83.2320,115.4844
415.2923,136.4797,86.5946,120.1500
415.8887,135.9241,90.0930,125.0040
417.1388,136.5861,91.8949,127.5041
417.6393,139.5255,91.8949,127.5041
420.3401,144.2776,88.3265,122.5530
418.3424,143.9671,91.8949,127.5041
418.9009,147.3166,90.0930,125.0040
417.0263,149.9175,90.0930,125.0040
413.6044,149.2641,93.7328,130.0542
409.4456,148.4848,95.6074,132.6553
404.4195,146.9403,97.5196,135.3084
398.4483,144.2532,101.4593,140.7748
394.5864,146.8880,97.5196,135.3084
390.7019,149.3929,93.7328,130.0542
385.5434,147.4159,93.7328,130.0542
380.7624,145.9326,91.8949,127.5041
374.5482,143.3412,91.8949,127.5041
368.4332,140.8380,93.7328,130.0542
363.3243,138.8083,91.8949,127.5041
358.6144,136.3199,91.8949,127.5041
355.4737,134.9378,90.0930,125.0040
351.6876,131.6006,90.0930,125.0040
349.6264,130.0117,88.3265,122.5530
350.3658,131.1030,84.8966,117.7941
349.2219,130.0260,83.2320,115.4844
350.6941,131.0943,80.0000,111.0000
352.3943,131.3915,78.4314,108.8235
