23.0000,88.0000,66.0000,55.0000
22.6591,87.7874,66.0000,55.0000
23.8453,88.0702,64.7059,53.9216
23.8017,88.6694,64.7059,53.9216
24.4916,88.8854,64.7059,53.9216
24.4130,88.9100,64.7059,53.9216
23.7571,89.4830,64.7059,53.9216
24.2792,89.7808,64.7059,53.9216
24.7297,88.9968,64.7059,53.9216
24.6093,88.2687,64.7059,53.9216
24.7435,88.7190,63.4371,52.8643
26.4421,89.4822,60.9738,50.8115
26.4811,88.7260,60.9738,50.8115
26.4071,87.5647,60.9738,50.8115
26.0131,86.1421,62.1933,51.8277
25.3314,84.3631,64.7059,53.9216
25.4774,83.4194,64.7059,53.9216
26.2787,82.7611,64.7059,53.9216
27.3507,82.8882,62.1933,51.8277
28.0378,84.1052,60.9738,50.8115
28.7056,84.3363,60.9738,50.8115
28.4343,84.4340,60.9738,50.8115
29.3025,84.7210,60.9738,50.8115
29.7770,84.6255,60.9738,50.8115
29.8055,84.9098,60.9738,50.8115
30.5621,84.8874,60.9738,50.8115
30.8566,84.4513,60.9738,50.8115
30.0652,83.4776,62.1933,51.8277
32.5969,84.8671,59.7782,49.8152
32.7392,84.5465,59.7782,49.8152
33.1767,84.6349,59.7782,49.8152
34.2209,85.0280,58.6061,48.8384
34.4163,84.9763,58.6061,48.8384
35.2124,84.4779,58.6061,48.8384
36.8675,85.2680,57.4570,47.8808
37.0079,85.1066,57.4570,47.8808
36.3259,83.4988,58.6061,48.8384
36.8038,82.4365,58.6061,48.8384
38.1729,82.3366,57.4570,47.8808
37.5642,80.3448,58.6061,48.8384
38.4465,79.3150,58.6061,48.8384
38.7869,78.9631,58.6061,48.8384
40.5375,79.8237,56.3304,46.9420
41.8090,80.5476,55.2258,46.0215
43.1459,82.2721,54.1430,45.1192
44.1761,84.0667,52.0405,43.3671
44.6014,85.2335,52.0405,43.3671
44.8489,86.4601,52.0405,43.3671
45.0455,86.8345,52.0405,43.3671
44.5660,86.6072,53.0814,44.2345
44.7052,86.5370,53.0814,44.2345
46.4376,87.4639,51.0201,42.5168
46.3784,87.2864,51.0201,42.5168
46.6009,85.9277,51.0201,42.5168
45.3904,85.2649,52.0405,43.3671
47.0137,86.9113,50.0198,41.6831
47.9359,87.9349,48.0774,40.0645
49.4974,88.9036,46.2105,38.5088
48.7876,89.0228,48.0774,40.0645
49.3104,90.3574,46.2105,38.5088
49.3007,90.4942,46.2105,38.5088
49.0060,90.6416,48.0774,40.0645
49.3117,90.6780,48.0774,40.0645
48.5914,90.2289,49.0390,40.8658
49.2224,90.9816,47.1347,39.2789
49.1752,90.6071,48.0774,40.0645
49.5777,89.8717,48.0774,40.0645
49.6475,89.0569,48.0774,40.0645
48.9658,88.6690,48.0774,40.0645
49.4409,88.2074,47.1347,39.2789
50.1053,88.2528,46.2105,38.5088
51.5408,87.8734,45.3044,37.7537
51.4028,87.5706,45.3044,37.7537
52.6300,88.3664,43.5452,36.2877
52.1611,86.6626,45.3044,37.7537
51.8799,86.6095,45.3044,37.7537
53.0391,88.5068,43.5452,36.2877
52.9124,87.1287,45.3044,37.7537
52.9864,86.3692,45.3044,37.7537
53.9711,86.8146,43.5452,36.2877
54.2997,86.6313,43.5452,36.2877
53.4946,85.5139,45.3044,37.7537
53.8784,85.2024,44.4161,37.0134
53.0504,83.0187,46.2105,38.5088
54.7736,84.1236,44.4161,37.0134
55.4356,85.0543,42.6914,35.5761
55.5914,85.7875,41.8543,34.8786
55.9307,86.0294,41.0336,34.1947
56.2825,85.8202,41.0336,34.1947
56.2550,86.2214,41.0336,34.1947
56.2208,85.9408,41.0336,34.1947
55.9658,85.2120,41.8543,34.8786
56.2952,84.8961,42.6914,35.5761
55.5330,83.5756,44.4161,37.0134
55.7914,84.2102,42.6914,35.5761
56.6654,84.7251,41.0336,34.1947
55.7849,83.9120,41.8543,34.8786
56.1304,84.5244,41.0336,34.1947
56.6642,84.3092,41.0336,34.1947
56.1871,84.3438,41.0336,34.1947
57.4928,85.2256,39.4402,32.8669
55.8325,84.4054,41.0336,34.1947
55.6968,84.7956,41.0336,34.1947
55.6226,84.7998,41.0336,34.1947
56.9717,85.3269,39.4402,32.8669
55.8920,84.0341,40.2290,33.5242
56.2853,82.6927,39.4402,32.8669
56.6702,81.1574,37.9087,31.5906
56.6286,78.9965,37.9087,31.5906
56.0519,77.4310,38.6669,32.2224
56.0929,77.5310,39.4402,32.8669
56.0800,77.2679,39.4402,32.8669
56.3452,77.0339,37.9087,31.5906
55.6238,76.9953,38.6669,32.2224
56.6638,78.1796,37.1654,30.9712
56.0475,78.4306,37.9087,31.5906
55.7089,79.9489,37.9087,31.5906
54.6499,80.7856,38.6669,32.2224
54.9848,82.1124,37.9087,31.5906
55.4140,84.3294,37.1654,30.9712
56.0495,85.1193,35.7222,29.7685
54.9934,84.7159,36.4367,30.3639
53.8122,84.5151,37.9087,31.5906
54.5247,84.7137,36.4367,30.3639
53.4245,83.0075,37.9087,31.5906
53.0374,81.9358,39.4402,32.8669
52.9285,81.2656,37.9087,31.5906
53.6785,80.7095,36.4367,30.3639
54.2035,80.5040,35.7222,29.7685
53.7149,80.1522,35.0218,29.1848
53.5892,80.5322,35.0218,29.1848
52.5436,80.1586,36.4367,30.3639
51.7707,80.4843,36.4367,30.3639
52.3758,81.3376,35.0218,29.1848
51.3185,80.9753,36.4367,30.3639
49.7619,80.8430,37.9087,31.5906
50.1305,81.6863,36.4367,30.3639
50.7299,82.0564,35.7222,29.7685
49.3920,80.9535,36.4367,30.3639
49.8508,81.4792,35.0218,29.1848
49.9405,82.1134,34.3351,28.6126
49.2143,81.0758,35.7222,29.7685
48.7354,80.9881,35.7222,29.7685
48.9176,81.5338,34.3351,28.6126
48.3722,81.4739,34.3351,28.6126
47.6860,80.7453,35.7222,29.7685
46.7486,80.5290,35.0218,29.1848
47.3034,81.1981,33.6619,28.0515
46.8353,81.6289,33.6619,28.0515
47.3269,82.6470,33.0018,27.5015
46.7107,83.4418,31.7203,26.4336
46.0345,83.8595,33.0018,27.5015
44.4728,83.0865,33.6619,28.0515
44.1826,83.1795,33.6619,28.0515
43.6183,82.0714,33.6619,28.0515
43.8672,81.8682,33.0018,27.5015
42.6637,79.9699,33.6619,28.0515
41.7070,78.3255,33.6619,28.0515
41.3988,78.4290,33.6619,28.0515
41.2854,79.5132,32.3547,26.9623
41.4992,79.9062,31.7203,26.4336
40.9463,80.7452,31.7203,26.4336
40.5013,80.8464,32.3547,26.9623
40.2185,81.5194,31.7203,26.4336
40.1866,82.6534,30.4886,25.4072
40.0952,82.8397,31.0984,25.9153
40.0044,82.8828,29.8908,24.9090
39.1462,82.6989,30.4886,25.4072
37.8285,82.1955,31.7203,26.4336
37.0426,81.6190,32.3547,26.9623
36.8117,81.5583,32.3547,26.9623
36.3867,81.3561,32.3547,26.9623
35.6932,81.3730,32.3547,26.9623
35.5777,81.5751,31.7203,26.4336
35.3280,82.5234,30.4886,25.4072
35.2678,82.4577,30.4886,25.4072
35.2156,82.6593,29.8908,24.9090
34.2221,82.6720,30.4886,25.4072
33.7700,82.9578,29.8908,24.9090
33.7934,82.9112,29.8908,24.9090
34.4770,84.4428,28.7301,23.9417
34.6246,84.9514,28.7301,23.9417
34.2568,85.0835,27.6144,23.0120
33.2879,85.0907,28.7301,23.9417
32.9695,85.0423,28.7301,23.9417
31.9759,84.6865,29.3047,24.4206
29.7224,83.8433,30.4886,25.4072
30.6533,84.9022,29.3047,24.4206
30.6844,85.2240,28.7301,23.9417
30.5617,85.3388,28.7301,23.9417
28.6261,84.9369,29.8908,24.9090
28.4223,85.2016,29.8908,24.9090
29.4088,86.5224,28.7301,23.9417
27.4352,85.7266,29.8908,24.9090
26.5872,86.7369,30.4886,25.4072
27.7098,87.0054,29.3047,24.4206
26.4451,86.9569,29.8908,24.9090
25.9474,88.3741,29.3047,24.4206
24.3025,87.4682,30.4886,25.4072
24.5459,87.2530,31.0984,25.9153
23.5819,87.1470,30.4886,25.4072
23.8282,88.1155,29.8908,24.9090
24.1851,89.3566,28.7301,23.9417
23.6275,88.2403,28.7301,23.9417
24.0173,88.5395,28.1667,23.4723
23.3746,88.5383,28.7301,23.9417
23.1171,87.7573,28.1667,23.4723
22.7251,87.4760,29.3047,24.4206
20.9448,85.6563,29.8908,24.9090
20.4609,83.5818,29.8908,24.9090
21.3752,84.2754,29.3047,24.4206
20.9127,82.6992,29.8908,24.9090
21.3127,82.4150,29.3047,24.4206
20.8980,82.1485,29.3047,24.4206
21.1580,82.1470,29.3047,24.4206
21.1149,82.0854,29.3047,24.4206
19.7638,82.4263,29.8908,24.9090
19.5861,82.7281,29.8908,24.9090
18.7370,83.0016,29.8908,24.9090
18.4471,83.3045,30.4886,25.4072
18.9444,83.7168,29.8908,24.9090
19.5932,83.8789,29.3047,24.4206
19.7345,83.8841,29.3047,24.4206
19.8076,84.4063,28.7301,23.9417
19.7834,83.6156,28.1667,23.4723
19.6549,83.6702,28.1667,23.4723
19.8059,83.3076,28.1667,23.4723
19.7626,83.1102,28.7301,23.9417
19.5197,82.7153,28.7301,23.9417
19.4240,82.3064,28.7301,23.9417
19.4054,81.7798,28.7301,23.9417
19.4885,81.6665,29.3047,24.4206
19.7647,81.9506,28.7301,23.9417
19.3126,82.3796,28.1667,23.4723
19.1428,83.1546,28.1667,23.4723
19.2495,84.6242,27.6144,23.0120
19.2862,85.1524,27.6144,23.0120
19.0003,86.0306,27.6144,23.0120
18.8166,85.9497,28.1667,23.4723
18.7972,86.0493,28.7301,23.9417
18.7302,85.6434,28.7301,23.9417
19.0338,84.9685,27.6144,23.0120
18.7348,83.9810,28.1667,23.4723
19.4806,84.6433,27.0730,22.5608
20.6361,84.5183,26.5421,22.1185
21.0938,85.2352,25.5115,21.2596
20.9594,86.1427,26.0217,21.6848
20.8066,86.7445,26.5421,22.1185
20.9584,86.8762,26.5421,22.1185
21.4085,88.0437,25.5115,21.2596
21.1106,87.6849,26.0217,21.6848
21.0291,86.8741,25.0113,20.8427
21.2716,86.6798,25.5115,21.2596
21.4417,86.2324,25.5115,21.2596
21.0898,85.1705,26.0217,21.6848
21.0534,84.8323,26.0217,21.6848
21.7648,85.1025,26.0217,21.6848
21.3159,85.0201,26.5421,22.1185
21.6044,86.0731,26.0217,21.6848
22.2130,86.8327,25.0113,20.8427
22.2952,87.4725,24.5208,20.4340
22.3398,87.9755,25.0113,20.8427
23.2813,88.1861,24.0400,20.0334
21.9681,87.7345,25.0113,20.8427
22.1670,88.0921,26.0217,21.6848
22.2114,87.4499,26.5421,22.1185
22.8735,87.5789,25.5115,21.2596
23.0883,87.3934,25.5115,21.2596
23.3443,86.8196,25.0113,20.8427
23.3640,86.5660,26.0217,21.6848
23.4482,87.0065,26.0217,21.6848
23.2575,86.4468,27.0730,22.5608
23.5736,86.9285,26.0217,21.6848
23.9456,86.7906,25.0113,20.8427
24.3092,86.3387,25.0113,20.8427
24.2776,86.3432,25.5115,21.2596
24.6346,85.8496,25.5115,21.2596
24.7356,84.9095,25.0113,20.8427
24.5069,83.9903,25.0113,20.8427
24.8005,82.9118,25.0113,20.8427
25.7453,82.2928,24.5208,20.4340
25.5111,82.3536,25.5115,21.2596
25.8458,82.5442,25.0113,20.8427
26.1988,82.6996,25.5115,21.2596
26.1780,83.7206,26.0217,21.6848
26.9716,84.5310,25.0113,20.8427
26.3068,84.7463,25.0113,20.8427
26.6127,85.3578,24.5208,20.4340
27.1709,85.4780,24.0400,20.0334
27.3752,85.1527,23.5687,19.6406
27.4213,85.1620,23.5687,19.6406
27.6525,84.6709,23.5687,19.6406
27.9946,85.0270,23.5687,19.6406
28.7430,85.6234,22.6535,18.8779
28.5701,85.5253,22.6535,18.8779
27.7763,86.0124,23.1065,19.2554
27.9700,85.7958,24.0400,20.0334
27.9291,85.3009,24.5208,20.4340
27.4498,85.6912,25.0113,20.8427
28.6508,85.8567,24.5208,20.4340
28.6932,85.6035,24.0400,20.0334
28.4471,85.2048,25.0113,20.8427
29.3271,85.4825,24.0400,20.0334
28.9945,85.0966,24.0400,20.0334
29.2855,85.4442,23.5687,19.6406
29.2248,85.1062,24.0400,20.0334
28.3591,84.6393,25.0113,20.8427
28.8905,85.5615,24.5208,20.4340
29.2149,85.2786,25.0113,20.8427
29.1407,85.4282,25.5115,21.2596
28.9799,85.4234,25.0113,20.8427
28.7978,84.5979,25.0113,20.8427
29.4716,85.1073,24.0400,20.0334
29.2224,83.8847,25.0113,20.8427
29.0136,83.6397,25.0113,20.8427
29.5822,83.7296,25.5115,21.2596
29.8865,84.2543,24.5208,20.4340
29.2671,84.1763,25.0113,20.8427
29.8479,85.0295,25.5115,21.2596
30.1805,85.4502,26.0217,21.6848
29.6471,85.9665,25.0113,20.8427
29.8769,86.3700,24.5208,20.4340
30.1686,86.4020,24.0400,20.0334
30.6771,86.5664,23.1065,19.2554
30.3732,87.2669,23.5687,19.6406
29.7427,87.1902,24.0400,20.0334
30.1866,87.7737,23.1065,19.2554
30.1953,87.3409,23.5687,19.6406
29.7080,87.6564,24.0400,20.0334
29.1972,86.8229,25.0113,20.8427
29.9536,86.5285,24.0400,20.0334
29.1766,86.3871,25.0113,20.8427
29.6215,86.7991,24.0400,20.0334
30.4140,86.5860,23.1065,19.2554
29.9307,86.2711,23.5687,19.6406
31.1150,86.5294,22.6535,18.8779
30.6412,86.8801,23.1065,19.2554
30.7924,86.7534,23.5687,19.6406
31.7150,87.9615,22.6535,18.8779
30.7946,87.4162,23.5687,19.6406
31.1485,88.0500,22.6535,18.8779
31.1488,87.4828,23.1065,19.2554
30.5364,87.5054,24.0400,20.0334
31.4966,88.5734,23.1065,19.2554
31.7429,88.8634,22.6535,18.8779
32.1384,89.0271,21.7738,18.1448
31.9172,88.4792,22.6535,18.8779
31.7535,88.6897,22.6535,18.8779
31.3858,88.5362,22.6535,18.8779
31.0324,87.7903,23.5687,19.6406
31.7014,88.7732,22.6535,18.8779
31.9780,88.6662,22.6535,18.8779
31.4360,88.5224,22.6535,18.8779
32.0731,88.2810,22.6535,18.8779
32.2773,88.4134,22.6535,18.8779
31.9226,88.3238,22.6535,18.8779
32.1900,88.6161,23.1065,19.2554
32.6433,88.6088,22.6535,18.8779
32.9698,88.2554,22.6535,18.8779
32.8035,87.9285,23.1065,19.2554
33.8847,87.9645,22.2093,18.5077
34.8757,87.8894,21.3469,17.7891
35.4306,87.6413,21.3469,17.7891
34.9559,86.9685,21.7738,18.1448
35.1511,86.7903,22.6535,18.8779
35.4661,86.5764,22.6535,18.8779
35.6155,86.4575,22.6535,18.8779
35.9436,86.4794,22.6535,18.8779
36.1786,86.2363,22.6535,18.8779
36.3308,86.0907,22.6535,18.8779
36.5692,85.8059,23.1065,19.2554
37.9179,85.9578,22.2093,18.5077
38.8637,85.8220,21.7738,18.1448
39.4970,85.9729,21.7738,18.1448
40.5869,86.5310,21.3469,17.7891
40.4873,85.9586,21.7738,18.1448
41.1414,85.9499,21.7738,18.1448
41.6615,85.8909,21.7738,18.1448
43.5205,86.5321,20.9283,17.4403
43.7469,85.8773,21.3469,17.7891
44.6219,86.1191,21.3469,17.7891
45.5677,86.3508,20.5179,17.0983
45.5119,86.1049,21.3469,17.7891
45.3684,85.4983,21.7738,18.1448
46.1234,85.5325,21.7738,18.1448
47.5827,86.1503,21.3469,17.7891
48.4786,86.3876,20.9283,17.4403
48.6869,85.9148,21.3469,17.7891
50.1993,85.8376,21.3469,17.7891
50.9122,85.2635,21.3469,17.7891
52.1997,85.4823,20.5179,17.0983
53.3790,85.4504,20.1156,16.7630
53.6772,84.8964,20.9283,17.4403
54.8258,84.6780,21.3469,17.7891
56.0473,85.3661,20.5179,17.0983
56.3742,85.8729,21.3469,17.7891
57.6495,87.5452,20.5179,17.0983
58.6027,89.6983,20.1156,16.7630
59.8161,90.0923,20.1156,16.7630
60.0815,91.1827,20.5179,17.0983
60.5694,90.3851,21.3469,17.7891
62.0374,89.7695,21.3469,17.7891
62.6564,88.8081,21.3469,17.7891
63.0139,86.7821,21.7738,18.1448
63.5553,87.2774,21.7738,18.1448
65.5657,87.4449,21.3469,17.7891
65.8733,87.5157,22.2093,18.5077
67.1599,88.4398,21.7738,18.1448
69.0967,89.5071,20.9283,17.4403
69.3936,89.6451,21.7738,18.1448
71.1840,90.3060,21.3469,17.7891
72.2463,89.9997,21.3469,17.7891
73.0598,89.7755,21.3469,17.7891
73.5340,87.2435,21.7738,18.1448
74.7849,86.6456,21.7738,18.1448
76.5622,86.7273,21.3469,17.7891
77.1679,85.9185,21.7738,18.1448
78.7502,86.4583,21.3469,17.7891
79.8766,86.4799,21.3469,17.7891
80.3297,85.9154,21.7738,18.1448
82.2116,86.2587,21.3469,17.7891
83.6139,86.8655,20.5179,17.0983
84.9145,87.2315,20.1156,16.7630
85.6442,86.9399,20.5179,17.0983
86.9321,87.3046,20.1156,16.7630
87.4001,87.2866,20.9283,17.4403
88.0667,87.0841,21.3469,17.7891
89.1565,87.6459,20.5179,17.0983
90.2708,87.9193,20.1156,16.7630
90.8765,87.7916,20.5179,17.0983
91.5686,87.4131,20.5179,17.0983
92.6797,87.7136,20.5179,17.0983
92.4879,87.3267,21.3469,17.7891
93.8213,87.5144,20.5179,17.0983
94.4449,87.5803,20.5179,17.0983
95.1644,87.5341,20.5179,17.0983
96.0737,87.5401,20.5179,17.0983
96.1485,87.4215,20.5179,17.0983
97.3370,87.2804,20.1156,16.7630
97.5027,86.9417,20.9283,17.4403
98.3493,86.7358,20.1156,16.7630
98.9626,86.3991,20.9283,17.4403
99.8655,86.6464,20.5179,17.0983
100.6273,86.3801,20.1156,16.7630
101.1949,86.3918,20.1156,16.7630
101.6368,86.3133,20.1156,16.7630
102.2494,86.2998,20.1156,16.7630
102.4518,86.2697,19.7212,16.4343
103.2007,86.3256,19.3345,16.1121
103.7617,86.9087,18.9554,15.7962
103.4640,86.8771,19.7212,16.4343
104.3365,87.5863,20.1156,16.7630
104.2185,87.7402,20.1156,16.7630
104.6621,87.5478,20.1156,16.7630
104.9263,87.7922,20.1156,16.7630
105.2221,87.7204,20.1156,16.7630
105.6118,88.0236,20.1156,16.7630
105.7652,87.8163,19.7212,16.4343
105.8293,87.8326,19.7212,16.4343
106.0050,88.9719,20.1156,16.7630
106.4250,88.7450,20.1156,16.7630
106.6314,88.9106,20.1156,16.7630
106.4154,88.2309,19.7212,16.4343
106.8199,87.9022,19.3345,16.1121
106.6978,88.1024,20.1156,16.7630
106.9095,86.9783,19.3345,16.1121
107.0564,86.9561,18.9554,15.7962
107.9093,87.5581,18.2193,15.1828
108.3117,87.5328,18.2193,15.1828
107.4360,87.2385,18.5837,15.4864
107.8636,87.4131,18.5837,15.4864
106.8007,86.9938,19.3345,16.1121
106.7859,86.8705,19.3345,16.1121
106.9394,87.2492,19.3345,16.1121
106.9166,87.2891,18.9554,15.7962
106.9046,87.6766,18.9554,15.7962
107.3636,89.1355,18.5837,15.4864
107.2966,89.0722,18.5837,15.4864
106.4129,88.9172,19.3345,16.1121
106.3682,89.1587,18.9554,15.7962
106.4505,89.3676,18.9554,15.7962
106.1234,89.6098,18.9554,15.7962
106.7444,89.9829,18.5837,15.4864
106.8704,90.2317,18.5837,15.4864
106.8931,90.0353,18.5837,15.4864
107.0599,90.2062,18.5837,15.4864
107.0299,90.0769,18.5837,15.4864
106.8144,90.1388,18.5837,15.4864
105.7189,89.7703,19.3345,16.1121
105.9400,90.1660,18.9554,15.7962
105.8200,89.8380,19.3345,16.1121
105.5556,90.1048,18.9554,15.7962
105.7616,90.2008,18.9554,15.7962
105.8861,90.2585,18.5837,15.4864
105.9153,89.9582,18.5837,15.4864
105.7528,89.7533,18.5837,15.4864
105.1106,88.8255,18.5837,15.4864
104.3695,87.8678,18.9554,15.7962
105.1481,88.0635,18.2193,15.1828
104.7891,87.9746,18.5837,15.4864
103.5535,87.6173,18.9554,15.7962
104.3342,88.2658,18.5837,15.4864
103.3536,88.4917,18.9554,15.7962
102.7170,88.4600,18.9554,15.7962
102.9811,88.9114,18.9554,15.7962
102.3692,89.1638,18.9554,15.7962
102.6208,89.6457,18.5837,15.4864
101.4510,89.2249,18.9554,15.7962
101.2539,88.7185,19.3345,16.1121
101.3104,89.3150,18.9554,15.7962
100.9427,89.1691,18.9554,15.7962
101.0801,89.6560,18.9554,15.7962
101.6050,90.6609,18.5837,15.4864
101.3599,90.0427,18.2193,15.1828
100.7268,88.9463,18.9554,15.7962
100.8553,88.7399,18.9554,15.7962
101.8209,88.1114,18.2193,15.1828
101.5490,88.3567,18.2193,15.1828
101.3333,86.9245,18.9554,15.7962
100.9709,86.5815,19.7212,16.4343
101.1320,86.5813,19.7212,16.4343
101.3831,86.7519,20.1156,16.7630
101.8609,86.7471,20.1156,16.7630
102.1688,86.6969,20.1156,16.7630
102.0836,86.1372,20.1156,16.7630
102.1925,85.7602,20.9283,17.4403
102.4602,85.7807,20.1156,16.7630
103.0190,85.1509,20.1156,16.7630
103.2735,85.2376,20.1156,16.7630
103.6416,85.2765,20.1156,16.7630
103.9557,85.7676,20.1156,16.7630
103.9814,85.5836,19.3345,16.1121
104.9333,86.2003,18.9554,15.7962
105.6906,86.7406,18.5837,15.4864
105.4656,86.2548,18.9554,15.7962
105.4012,86.5285,18.9554,15.7962
106.7973,86.9586,18.5837,15.4864
107.1085,87.2943,18.5837,15.4864
106.6187,85.8401,18.9554,15.7962
107.5413,86.4625,18.5837,15.4864
107.6761,85.9463,18.5837,15.4864
107.5320,84.9751,18.9554,15.7962
107.7705,85.2602,18.9554,15.7962
108.6121,85.7496,18.5837,15.4864
108.3677,85.5817,18.9554,15.7962
108.3613,85.4158,18.9554,15.7962
109.7730,86.9565,18.5837,15.4864
109.7945,86.8460,18.5837,15.4864
109.4386,86.1542,18.9554,15.7962
109.3985,86.3435,18.9554,15.7962
109.6617,85.7142,19.3345,16.1121
110.9697,86.5808,18.5837,15.4864
111.0818,86.1421,18.5837,15.4864
111.4281,86.6943,18.5837,15.4864
110.5432,85.8744,19.3345,16.1121
110.7320,86.0479,19.3345,16.1121
110.8024,86.1152,19.3345,16.1121
111.3310,85.6937,20.1156,16.7630
111.2703,86.1147,20.1156,16.7630
111.2747,85.9426,20.1156,16.7630
111.4711,86.1159,20.1156,16.7630
111.2381,85.9045,20.1156,16.7630
111.4930,86.0383,20.1156,16.7630
111.2362,85.1391,19.3345,16.1121
111.6265,84.9463,18.9554,15.7962
111.4879,85.1315,18.9554,15.7962
111.3265,84.6962,18.9554,15.7962
111.2956,84.6893,18.9554,15.7962
112.1109,85.6337,18.5837,15.4864
111.4749,85.2147,18.9554,15.7962
111.0862,85.1747,18.9554,15.7962
111.9693,86.5521,18.2193,15.1828
111.4057,86.3624,18.2193,15.1828
111.5800,86.2167,18.2193,15.1828
111.3232,86.4511,18.2193,15.1828
111.2329,85.4521,18.5837,15.4864
110.5288,85.2422,18.9554,15.7962
110.1641,85.1749,18.9554,15.7962
110.8881,86.2054,18.2193,15.1828
111.1303,86.6661,17.8621,14.8851
110.7980,87.1684,18.2193,15.1828
109.6236,86.9696,18.9554,15.7962
109.7404,87.0450,18.9554,15.7962
109.7565,87.4344,19.3345,16.1121
109.9933,87.0335,18.9554,15.7962
109.6634,86.9220,19.3345,16.1121
109.6993,86.6920,20.1156,16.7630
109.6067,86.3515,19.3345,16.1121
109.6177,87.0437,18.9554,15.7962
110.6573,87.3516,18.2193,15.1828
110.5492,87.9313,18.2193,15.1828
110.1221,87.7912,18.5837,15.4864
110.9610,87.5139,17.8621,14.8851
109.7508,88.0077,18.2193,15.1828
110.0873,88.1097,18.2193,15.1828
109.5118,86.4359,18.9554,15.7962
109.4871,87.5999,18.5837,15.4864
108.4757,87.0222,19.3345,16.1121
108.6787,85.8415,19.7212,16.4343
108.4019,86.3807,18.9554,15.7962
108.4728,86.2573,18.9554,15.7962
108.4860,86.3790,18.9554,15.7962
108.4870,86.3139,18.9554,15.7962
108.2347,86.6420,18.9554,15.7962
109.6487,87.6302,18.2193,15.1828
109.5470,87.2932,18.2193,15.1828
109.3350,87.3688,18.2193,15.1828
109.3614,87.2891,18.5837,15.4864
108.4810,86.6849,18.9554,15.7962
109.0360,87.5993,18.5837,15.4864
109.7864,87.9697,17.8621,14.8851
109.1609,87.5362,17.5119,14.5932
108.9649,88.2421,18.2193,15.1828
109.2689,88.1879,18.2193,15.1828
107.8730,87.5067,18.9554,15.7962
108.2588,88.4616,18.5837,15.4864
108.4684,88.1742,18.5837,15.4864
108.5693,88.6202,17.8621,14.8851
108.4987,88.3287,17.8621,14.8851
108.2917,87.9800,18.5837,15.4864
108.2004,87.8978,17.8621,14.8851
108.1179,87.6440,17.5119,14.5932
108.1226,87.5932,17.8621,14.8851
107.4381,87.4003,17.5119,14.5932
107.5330,87.3464,17.5119,14.5932
107.5656,87.1752,18.2193,15.1828
107.2015,87.0499,18.2193,15.1828
106.9811,87.0718,18.5837,15.4864
106.2329,85.8496,18.9554,15.7962
106.2146,85.8264,18.9554,15.7962
106.7450,86.7100,18.2193,15.1828
106.8764,86.6654,17.5119,14.5932
106.7476,87.4447,18.2193,15.1828
106.5176,87.5691,18.5837,15.4864
105.8219,87.4344,18.9554,15.7962
106.2086,88.4502,18.5837,15.4864
105.2587,88.3813,18.9554,15.7962
105.1516,87.9475,18.9554,15.7962
106.0040,87.9513,18.5837,15.4864
104.8411,86.6463,18.9554,15.7962
105.1492,85.5917,18.9554,15.7962
105.5607,86.3789,18.5837,15.4864
105.7058,86.2558,18.5837,15.4864
105.9120,86.6549,18.5837,15.4864
104.9254,86.5128,18.9554,15.7962
105.6439,87.0681,18.5837,15.4864
104.8904,87.0037,18.9554,15.7962
104.7044,86.6261,19.3345,16.1121
105.3616,87.1957,18.5837,15.4864
104.3254,86.6894,19.3345,16.1121
105.1778,86.9507,18.5837,15.4864
104.3379,85.9005,18.9554,15.7962
104.2464,85.8899,19.3345,16.1121
104.3961,85.5811,20.1156,16.7630
104.7637,85.4050,20.1156,16.7630
104.1684,85.2679,20.1156,16.7630
104.3265,85.3766,20.1156,16.7630
104.6294,84.6917,19.3345,16.1121
105.1156,86.0532,18.5837,15.4864
105.5543,86.2909,18.5837,15.4864
104.7207,86.0147,18.9554,15.7962
105.3613,88.1210,18.2193,15.1828
104.4598,87.7027,18.9554,15.7962
104.3417,88.3586,19.7212,16.4343
104.6965,88.9692,18.9554,15.7962
104.5902,88.6165,19.3345,16.1121
104.6476,88.8347,19.3345,16.1121
104.9549,88.5727,19.3345,16.1121
105.7043,89.1181,18.5837,15.4864
106.3556,89.1687,18.2193,15.1828
106.3103,88.5210,18.5837,15.4864
106.8597,88.2938,18.5837,15.4864
106.6140,87.7635,18.5837,15.4864
105.8086,86.3713,18.9554,15.7962
105.9986,86.1779,19.7212,16.4343
106.2502,86.0906,19.3345,16.1121
106.6636,85.7756,18.9554,15.7962
107.5240,86.2378,18.5837,15.4864
108.1221,85.7284,18.2193,15.1828
107.6062,84.2322,18.9554,15.7962
107.4616,83.8509,19.3345,16.1121
108.4451,83.9440,18.5837,15.4864
108.8617,83.9912,18.5837,15.4864
109.4612,83.7844,18.2193,15.1828
108.9350,83.4041,18.9554,15.7962
109.3706,83.6502,18.9554,15.7962
110.1370,84.6391,18.5837,15.4864
109.7856,84.3806,18.9554,15.7962
110.4222,85.2995,18.5837,15.4864
111.4929,85.2778,18.2193,15.1828
111.3787,85.2423,18.2193,15.1828
111.7384,85.3121,18.5837,15.4864
111.8256,84.9726,18.2193,15.1828
112.6280,85.8246,18.2193,15.1828
112.6503,86.3752,17.5119,14.5932
112.7754,86.7271,17.5119,14.5932
113.3101,86.9147,17.5119,14.5932
113.0218,86.5239,17.5119,14.5932
113.9822,86.4657,18.2193,15.1828
113.1151,85.1420,18.9554,15.7962
114.2235,85.9405,18.2193,15.1828
114.7023,86.2870,18.2193,15.1828
115.0519,86.5869,18.5837,15.4864
114.3997,86.2699,19.3345,16.1121
115.5927,86.9395,18.5837,15.4864
116.1651,86.9849,18.5837,15.4864
117.1450,87.2959,17.8621,14.8851
117.1360,86.8154,18.2193,15.1828
117.7530,86.6488,18.2193,15.1828
117.8688,86.0550,18.2193,15.1828
117.4374,85.0551,18.9554,15.7962
117.9943,85.2393,18.9554,15.7962
117.6932,84.8576,19.7212,16.4343
117.9801,85.5632,18.9554,15.7962
118.5961,85.3768,18.9554,15.7962
118.8656,85.7525,18.9554,15.7962
118.6335,85.0944,19.7212,16.4343
119.3490,85.5125,18.9554,15.7962
120.6114,85.9177,18.2193,15.1828
119.8222,84.4782,18.9554,15.7962
120.1624,84.6545,18.9554,15.7962
119.7945,84.0730,19.7212,16.4343
120.3071,84.2753,18.9554,15.7962
120.4435,83.9347,19.3345,16.1121
120.6702,84.2413,19.3345,16.1121
120.7756,83.9687,19.3345,16.1121
121.0046,84.3795,19.3345,16.1121
121.4065,84.1508,18.9554,15.7962
121.8678,84.8054,18.9554,15.7962
122.3253,84.7142,18.9554,15.7962
123.7526,85.6544,18.2193,15.1828
124.5617,85.3121,18.2193,15.1828
123.8527,84.6233,18.9554,15.7962
123.7719,84.7127,18.9554,15.7962
123.9688,84.5120,18.9554,15.7962
124.8201,84.3755,18.9554,15.7962
125.2669,84.3207,18.9554,15.7962
126.6740,84.7084,18.5837,15.4864
126.0572,83.9204,19.3345,16.1121
126.8942,84.2450,18.9554,15.7962
127.8540,84.6210,18.5837,15.4864
127.9283,84.3479,19.3345,16.1121
128.2743,84.0475,19.7212,16.4343
129.4166,84.6850,18.9554,15.7962
131.0871,85.8033,18.2193,15.1828
130.9827,85.4202,18.9554,15.7962
131.6652,85.4347,18.9554,15.7962
133.2937,85.6556,18.5837,15.4864
133.8482,85.3612,18.5837,15.4864
135.2687,85.3803,17.8621,14.8851
135.5421,84.4652,17.1685,14.3071
136.7027,84.5278,17.8621,14.8851
137.0248,84.2257,18.5837,15.4864
136.9436,82.8336,19.3345,16.1121
137.9707,83.2135,19.3345,16.1121
139.4434,82.7488,18.9554,15.7962
139.8373,83.0923,19.7212,16.4343
141.3425,83.4978,18.9554,15.7962
142.0521,83.7352,18.9554,15.7962
142.7528,83.9354,18.9554,15.7962
143.7719,84.0835,18.9554,15.7962
145.7351,84.6335,18.5837,15.4864
147.2529,84.7497,17.8621,14.8851
147.6423,84.4283,18.5837,15.4864
148.9934,84.1678,17.8621,14.8851
149.8394,84.5404,18.2193,15.1828
150.6478,83.9886,18.2193,15.1828
150.9263,84.0258,18.9554,15.7962
152.5837,84.3398,18.2193,15.1828
154.1217,84.5101,18.2193,15.1828
154.9464,84.6338,18.5837,15.4864
155.9421,84.6005,18.5837,15.4864
156.0351,84.2410,18.9554,15.7962
157.7385,85.3240,18.5837,15.4864
158.2729,85.1778,18.5837,15.4864
159.6593,85.6132,18.5837,15.4864
159.9567,85.3248,19.3345,16.1121
160.6133,84.7359,19.7212,16.4343
161.0577,85.7631,20.1156,16.7630
162.2057,83.8270,19.7212,16.4343
162.9900,83.4714,20.1156,16.7630
163.2629,82.2567,19.3345,16.1121
164.4193,81.8807,20.1156,16.7630
165.1403,81.8980,20.1156,16.7630
165.4616,81.1432,20.1156,16.7630
166.1217,81.5993,20.1156,16.7630
166.5086,81.7186,20.1156,16.7630
167.0656,81.8220,19.3345,16.1121
167.5120,81.9771,19.3345,16.1121
167.8896,82.2182,20.1156,16.7630
168.6306,82.6475,20.1156,16.7630
168.7987,82.7366,20.1156,16.7630
169.4213,82.2056,19.7212,16.4343
169.8327,83.4541,20.5179,17.0983
169.6003,83.0333,21.3469,17.7891
170.6510,84.1091,20.5179,17.0983
171.0413,84.0216,19.7212,16.4343
171.3593,84.5927,20.5179,17.0983
172.2143,85.2285,20.1156,16.7630
172.0416,84.8945,20.5179,17.0983
172.4407,85.4820,20.1156,16.7630
172.9491,85.5488,20.1156,16.7630
173.1454,85.6346,20.5179,17.0983
173.9488,86.1702,20.1156,16.7630
173.6754,86.2648,20.5179,17.0983
173.3948,85.8169,21.3469,17.7891
174.1001,86.3848,21.3469,17.7891
174.5976,86.3473,20.5179,17.0983
175.5047,86.7982,20.1156,16.7630
175.4655,85.9263,19.7212,16.4343
175.8892,85.8957,20.5179,17.0983
175.5756,85.3435,21.3469,17.7891
176.3499,84.6980,20.5179,17.0983
176.2523,84.8144,19.7212,16.4343
176.7901,84.6954,20.5179,17.0983
177.5067,85.0015,20.1156,16.7630
177.7027,85.2175,19.7212,16.4343
177.5787,85.8780,20.1156,16.7630
177.7641,85.5796,19.7212,16.4343
178.5814,86.2846,18.9554,15.7962
179.0190,86.5665,18.5837,15.4864
178.3747,86.2118,19.3345,16.1121
179.3408,86.0534,18.5837,15.4864
179.6518,86.3358,18.5837,15.4864
179.5797,86.2180,18.5837,15.4864
179.8408,85.3791,18.5837,15.4864
179.0337,85.1091,19.3345,16.1121
178.5022,85.0780,19.7212,16.4343
178.8808,84.6085,19.3345,16.1121
179.6829,85.6386,18.5837,15.4864
179.2944,85.0289,19.3345,16.1121
179.8100,85.3786,18.5837,15.4864
178.8960,85.4953,18.9554,15.7962
178.8871,85.1907,18.9554,15.7962
179.0798,86.0165,18.5837,15.4864
179.2292,86.6582,18.5837,15.4864
179.1380,86.5459,18.5837,15.4864
178.1171,85.9058,19.3345,16.1121
178.0379,86.1733,18.9554,15.7962
177.4648,85.6659,19.7212,16.4343
176.9574,86.0449,20.5179,17.0983
177.2579,85.6073,19.7212,16.4343
177.2110,86.0404,20.1156,16.7630
176.5818,85.5012,19.7212,16.4343
176.3139,85.1751,20.5179,17.0983
176.9554,85.4344,20.1156,16.7630
176.2605,84.7026,20.5179,17.0983
176.2829,84.5470,19.7212,16.4343
175.6849,84.4426,20.5179,17.0983
174.8052,83.8960,21.3469,17.7891
175.0365,84.6743,20.5179,17.0983
174.8626,84.6931,20.1156,16.7630
174.3351,84.8473,20.5179,17.0983
173.8153,85.1011,19.7212,16.4343
174.0028,85.4661,18.9554,15.7962
173.8229,85.5119,18.9554,15.7962
172.9792,85.2207,19.7212,16.4343
173.2449,84.7332,19.7212,16.4343
172.9056,84.5127,20.5179,17.0983
172.3945,83.6467,19.7212,16.4343
172.1503,82.9556,19.7212,16.4343
172.2117,82.9021,20.1156,16.7630
171.3218,82.5903,20.9283,17.4403
170.6264,82.2713,21.3469,17.7891
170.6870,82.9500,20.5179,17.0983
170.8681,82.9051,19.7212,16.4343
170.9127,82.7658,20.1156,16.7630
170.3193,83.0152,19.7212,16.4343
170.7730,82.9336,19.3345,16.1121
171.2765,83.3550,18.9554,15.7962
170.1536,83.4539,19.7212,16.4343
170.5272,84.4243,20.1156,16.7630
169.9099,84.5482,19.7212,16.4343
170.3381,84.7397,20.1156,16.7630
170.3484,85.8468,20.1156,16.7630
170.0600,86.5489,20.5179,17.0983
170.3927,86.4615,19.7212,16.4343
170.0963,86.7314,20.5179,17.0983
171.0251,86.7885,20.1156,16.7630
170.4799,86.7976,20.5179,17.0983
170.5564,86.0916,21.3469,17.7891
170.8160,86.8694,20.5179,17.0983
170.9979,85.3751,21.3469,17.7891
171.4248,83.2171,20.5179,17.0983
171.1442,82.3206,21.3469,17.7891
170.1657,80.7081,21.7738,18.1448
171.2642,81.3494,20.9283,17.4403
171.8040,82.2646,20.1156,16.7630
171.5404,81.8379,20.5179,17.0983
171.5861,82.0885,20.5179,17.0983
171.7041,82.4539,20.1156,16.7630
171.7588,81.8728,20.5179,17.0983
171.9219,82.0130,19.7212,16.4343
172.0090,82.0588,19.7212,16.4343
172.5904,82.6951,20.1156,16.7630
172.5987,82.6036,19.7212,16.4343
172.2065,82.5529,19.7212,16.4343
172.3066,83.2103,20.5179,17.0983
172.7853,84.1529,20.1156,16.7630
172.8907,83.5315,19.7212,16.4343
173.2055,84.4907,20.5179,17.0983
172.4301,84.0481,21.3469,17.7891
172.1146,82.7846,21.7738,18.1448
172.0648,82.8700,21.7738,18.1448
173.1481,83.1540,21.3469,17.7891
171.9021,82.6775,22.2093,18.5077
173.1891,83.0100,21.3469,17.7891
172.2120,82.2405,21.7738,18.1448
172.6642,82.2473,21.7738,18.1448
172.1801,81.0677,22.2093,18.5077
173.4908,80.9197,21.3469,17.7891
173.1525,79.6612,21.7738,18.1448
173.9671,79.2609,21.3469,17.7891
174.5147,79.5912,20.9283,17.4403
173.8696,79.6135,21.3469,17.7891
173.9667,79.7928,21.3469,17.7891
172.6848,79.4819,22.2093,18.5077
174.2071,80.3278,21.3469,17.7891
173.9834,80.6553,21.3469,17.7891
172.8300,81.1033,21.7738,18.1448
173.5649,81.2938,21.3469,17.7891
172.6095,81.1155,21.7738,18.1448
173.1706,81.5757,21.3469,17.7891
172.7272,80.6905,21.7738,18.1448
172.2529,80.8127,21.7738,18.1448
172.9921,80.6356,21.3469,17.7891
172.2108,79.6589,21.7738,18.1448
173.1238,80.0043,21.3469,17.7891
171.7751,78.0555,22.2093,18.5077
171.2631,78.1288,22.6535,18.8779
170.9057,77.4624,23.1065,19.2554
170.7531,77.5092,22.6535,18.8779
170.8219,78.0713,22.6535,18.8779
169.8921,76.7717,23.5687,19.6406
170.0578,78.0797,23.1065,19.2554
169.1891,77.2195,23.5687,19.6406
169.5302,77.6386,22.6535,18.8779
168.8962,77.2208,23.1065,19.2554
168.0007,76.9143,23.5687,19.6406
168.1358,75.6195,24.5208,20.4340
167.5974,76.7548,23.5687,19.6406
166.9793,75.4060,24.5208,20.4340
166.6778,75.4864,25.5115,21.2596
166.1648,74.5848,25.0113,20.8427
166.4893,74.5355,24.5208,20.4340
165.9561,74.9008,25.5115,21.2596
165.9451,75.0449,25.5115,21.2596
165.4719,74.6311,24.5208,20.4340
166.0279,74.9780,23.5687,19.6406
165.2547,74.4187,24.0400,20.0334
165.1900,74.2325,24.0400,20.0334
164.4588,74.3348,24.5208,20.4340
164.3624,74.0857,25.0113,20.8427
164.0286,75.0876,24.5208,20.4340
163.3604,75.1342,25.0113,20.8427
163.4526,76.0588,24.5208,20.4340
162.7185,76.4686,24.5208,20.4340
162.8598,76.1837,24.5208,20.4340
163.3117,77.2217,23.5687,19.6406
162.7698,75.9854,24.0400,20.0334
163.0871,75.9650,23.5687,19.6406
162.4397,76.0967,23.5687,19.6406
161.8843,75.0494,24.5208,20.4340
161.7201,75.9822,23.5687,19.6406
161.3259,75.5564,24.0400,20.0334
160.3973,76.0035,25.0113,20.8427
160.1449,76.1263,24.5208,20.4340
160.6806,76.3755,23.5687,19.6406
160.0140,76.8624,23.5687,19.6406
159.8204,75.8179,24.5208,20.4340
159.1493,76.1265,25.0113,20.8427
158.4537,75.6497,26.0217,21.6848
158.9395,75.2294,25.5115,21.2596
158.4681,74.3540,24.5208,20.4340
159.5921,72.5107,23.5687,19.6406
158.7001,71.4600,24.5208,20.4340
158.1451,69.9407,25.0113,20.8427
158.8029,69.8175,24.0400,20.0334
157.6444,69.7569,24.5208,20.4340
157.8494,69.7259,25.5115,21.2596
156.6922,70.2533,25.0113,20.8427
156.5184,70.4471,25.0113,20.8427
156.2386,71.3786,25.0113,20.8427
155.8616,71.7111,25.5115,21.2596
155.7750,71.3256,26.0217,21.6848
155.4229,71.5731,25.5115,21.2596
154.9985,70.7558,26.5421,22.1185
154.8285,70.9330,26.5421,22.1185
155.2234,71.5384,25.5115,21.2596
156.0393,71.6818,25.5115,21.2596
155.2516,71.8427,25.5115,21.2596
154.5064,71.3329,26.5421,22.1185
153.6734,71.4176,27.6144,23.0120
154.3522,72.2092,26.5421,22.1185
154.7235,72.0783,26.0217,21.6848
154.8747,72.3088,26.0217,21.6848
154.5030,72.2745,26.0217,21.6848
154.7676,72.5397,25.5115,21.2596
154.5445,72.4227,26.0217,21.6848
154.0461,72.4326,26.5421,22.1185
154.3941,73.6598,26.5421,22.1185
154.7115,73.8054,25.5115,21.2596
153.7405,72.6977,26.5421,22.1185
153.8141,72.4407,27.0730,22.5608
153.1915,72.3573,27.0730,22.5608
154.4104,72.0199,26.0217,21.6848
153.4028,70.8019,27.0730,22.5608
153.7743,71.0074,26.5421,22.1185
153.8878,71.0280,26.5421,22.1185
153.0138,70.9275,26.5421,22.1185
152.3675,69.2116,27.6144,23.0120
152.3512,69.8915,28.1667,23.4723
153.0769,70.9198,27.0730,22.5608
153.7463,70.7019,27.0730,22.5608
152.2742,70.2108,27.6144,23.0120
152.0893,70.2789,28.7301,23.9417
152.0351,69.5495,28.7301,23.9417
151.8864,69.2242,29.3047,24.4206
151.8176,68.4847,28.7301,23.9417
152.3195,67.9426,28.7301,23.9417
