70.0000,51.0000,107.0000,87.0000
70.0108,50.4627,107.0000,87.0000
67.6443,50.4561,109.1400,88.7400
69.9905,52.1223,104.9020,85.2941
66.0191,50.7422,109.1400,88.7400
63.8583,49.3800,111.3228,90.5148
63.2603,49.6866,113.5493,92.3251
62.8513,50.5452,111.3228,90.5148
64.5168,51.3220,107.0000,87.0000
63.0728,50.9686,109.1400,88.7400
63.0714,50.9647,109.1400,88.7400
64.1781,50.6313,107.0000,87.0000
64.8957,51.2986,104.9020,85.2941
62.8886,49.6324,109.1400,88.7400
59.7989,48.5749,113.5493,92.3251
62.0689,48.9557,109.1400,88.7400
63.0784,52.2583,104.9020,85.2941
62.5810,50.5928,107.0000,87.0000
60.7333,49.8241,109.1400,88.7400
57.8895,49.0004,113.5493,92.3251
59.7913,50.3109,109.1400,88.7400
61.9214,52.0125,104.9020,85.2941
60.1038,51.2944,107.0000,87.0000
59.6620,50.8249,107.0000,87.0000
58.4733,49.8210,109.1400,88.7400
56.3782,48.4859,113.5493,92.3251
58.6080,48.9624,109.1400,88.7400
57.5115,49.5783,109.1400,88.7400
56.1158,49.2987,111.3228,90.5148
57.3140,49.2451,109.1400,88.7400
55.0358,48.4759,113.5493,92.3251
57.2354,48.6680,109.1400,88.7400
59.6380,50.6819,104.9020,85.2941
57.0116,48.4290,109.1400,88.7400
58.2065,49.0242,107.0000,87.0000
56.9535,48.6444,109.1400,88.7400
57.6911,48.6158,107.0000,87.0000
59.4381,50.3943,104.9020,85.2941
56.4031,48.6102,109.1400,88.7400
56.2291,48.3002,109.1400,88.7400
56.8725,48.7606,109.1400,88.7400
57.2731,48.3722,109.1400,88.7400
58.2190,48.3604,107.0000,87.0000
58.1061,49.5463,107.0000,87.0000
58.7995,50.1524,107.0000,87.0000
58.2594,48.6467,109.1400,88.7400
60.2258,52.7824,104.9020,85.2941
60.0999,51.4298,107.0000,87.0000
63.3600,52.4800,102.8451,83.6217
60.7471,49.7934,107.0000,87.0000
62.5726,51.5114,104.9020,85.2941
64.1257,52.7819,102.8451,83.6217
64.1193,53.3697,102.8451,83.6217
61.6350,52.1837,107.0000,87.0000
61.2451,51.1348,109.1400,88.7400
63.6820,53.9624,104.9020,85.2941
62.2354,53.2505,107.0000,87.0000
62.1765,52.1990,107.0000,87.0000
62.6259,53.4840,107.0000,87.0000
65.0402,54.3030,104.9020,85.2941
66.3843,56.0806,100.8285,81.9820
64.1843,54.8748,104.9020,85.2941
65.7863,56.4398,102.8451,83.6217
66.6573,56.2527,100.8285,81.9820
66.3543,54.9005,100.8285,81.9820
65.0386,54.0724,104.9020,85.2941
65.1687,53.4647,104.9020,85.2941
66.8327,54.7006,102.8451,83.6217
68.3665,56.7565,98.8515,80.3746
68.2484,54.8040,98.8515,80.3746
66.2371,54.1380,102.8451,83.6217
65.7098,52.0998,104.9020,85.2941
66.9019,52.6037,100.8285,81.9820
66.7643,52.4390,100.8285,81.9820
69.3134,53.4480,96.9132,78.7986
67.2473,51.4798,98.8515,80.3746
65.9768,51.8359,100.8285,81.9820
63.6470,50.8111,104.9020,85.2941
65.0339,52.8538,100.8285,81.9820
63.0018,51.9878,104.9020,85.2941
64.3317,52.9156,100.8285,81.9820
64.6894,53.5692,100.8285,81.9820
64.7163,53.3258,100.8285,81.9820
64.9130,54.0174,100.8285,81.9820
64.7131,54.3012,100.8285,81.9820
65.1967,54.6383,100.8285,81.9820
62.2452,53.6769,104.9020,85.2941
64.0860,54.6685,102.8451,83.6217
62.6636,53.6103,104.9020,85.2941
64.1571,54.5900,100.8285,81.9820
65.3285,56.7649,98.8515,80.3746
64.2809,55.8047,100.8285,81.9820
61.7371,53.9239,104.9020,85.2941
63.3149,55.4241,102.8451,83.6217
65.2135,55.2475,98.8515,80.3746
64.8485,55.5609,98.8515,80.3746
66.7806,56.7523,96.9132,78.7986
65.2095,54.6215,98.8515,80.3746
64.5792,53.8328,100.8285,81.9820
67.4861,56.7123,96.9132,78.7986
66.1350,54.4584,98.8515,80.3746
65.4632,54.0987,100.8285,81.9820
68.2196,55.3615,96.9132,78.7986
68.3918,54.4230,96.9132,78.7986
69.2853,53.9155,96.9132,78.7986
70.5774,55.0934,95.0129,77.2535
69.7468,53.4327,96.9132,78.7986
71.3169,54.8596,95.0129,77.2535
68.9666,51.8340,98.8515,80.3746
69.7479,53.4406,98.8515,80.3746
70.7092,53.5965,96.9132,78.7986
72.1423,54.9323,95.0129,77.2535
71.2381,54.8061,96.9132,78.7986
71.0976,54.6955,96.9132,78.7986
71.9482,54.7843,96.9132,78.7986
73.2984,56.1631,95.0129,77.2535
73.6568,56.9147,95.0129,77.2535
72.8039,55.8869,96.9132,78.7986
74.1280,58.1901,95.0129,77.2535
71.5411,56.8150,98.8515,80.3746
70.8008,56.2932,100.8285,81.9820
72.4798,57.1886,98.8515,80.3746
75.4243,59.9465,95.0129,77.2535
78.4324,61.5394,91.3235,74.2537
77.4776,61.6844,93.1499,75.7387
79.7872,62.9390,89.5328,72.7977
79.1924,63.1719,91.3235,74.2537
78.9346,62.7775,93.1499,75.7387
79.1648,64.1539,93.1499,75.7387
79.7594,64.7111,93.1499,75.7387
79.5125,63.4484,95.0129,77.2535
80.5154,64.0477,93.1499,75.7387
83.2236,65.0334,89.5328,72.7977
84.6046,64.8327,87.7773,71.3703
85.0194,64.2870,87.7773,71.3703
87.2889,64.1804,86.0561,69.9709
88.0627,63.2092,86.0561,69.9709
86.1644,61.4746,89.5328,72.7977
87.0081,60.8390,87.7773,71.3703
89.2429,61.4324,86.0561,69.9709
89.5598,60.2846,86.0561,69.9709
87.6314,58.0791,89.5328,72.7977
89.8071,58.3289,86.0561,69.9709
91.9730,58.4848,84.3688,68.5989
91.2953,56.8520,86.0561,69.9709
92.1693,57.5489,84.3688,68.5989
92.2034,55.9606,86.0561,69.9709
91.1573,54.1247,87.7773,71.3703
94.3137,55.5670,84.3688,68.5989
95.9539,55.9914,82.7145,67.2538
95.3585,54.7615,86.0561,69.9709
96.0682,55.2877,84.3688,68.5989
97.7403,55.7779,82.7145,67.2538
97.3519,56.1875,86.0561,69.9709
99.4406,57.9473,82.7145,67.2538
100.6533,58.8855,82.7145,67.2538
100.6918,59.0312,82.7145,67.2538
100.5835,59.5279,84.3688,68.5989
101.4480,59.5389,84.3688,68.5989
102.3764,61.0786,82.7145,67.2538
102.7012,61.6245,82.7145,67.2538
101.7512,60.9640,84.3688,68.5989
103.5144,61.2433,82.7145,67.2538
102.5745,61.2895,86.0561,69.9709
104.5068,62.0499,82.7145,67.2538
105.7479,62.2409,82.7145,67.2538
107.3959,63.5002,81.0926,65.9351
105.8172,62.1393,84.3688,68.5989
104.2090,60.7490,87.7773,71.3703
106.8640,62.8301,84.3688,68.5989
107.2745,63.3757,82.7145,67.2538
110.0958,65.0876,79.5026,64.6423
111.4466,66.1498,77.9437,63.3748
111.3408,66.0716,79.5026,64.6423
110.0848,64.7701,82.7145,67.2538
109.7734,64.8497,82.7145,67.2538
109.5816,63.4836,84.3688,68.5989
110.0500,61.6552,84.3688,68.5989
113.2995,63.1042,81.0926,65.9351
115.1996,62.7701,77.9437,63.3748
115.4789,62.9012,77.9437,63.3748
118.8944,64.2719,74.9171,60.9139
117.4860,62.1712,77.9437,63.3748
117.4490,61.6177,77.9437,63.3748
118.5031,61.6569,77.9437,63.3748
118.3539,61.3685,79.5026,64.6423
119.2421,60.5438,77.9437,63.3748
120.5064,60.2237,77.9437,63.3748
122.0621,60.8061,76.4154,62.1321
123.2775,62.0083,76.4154,62.1321
122.0852,59.0053,77.9437,63.3748
122.1615,58.7764,81.0926,65.9351
121.9338,58.8198,82.7145,67.2538
122.4988,57.7981,82.7145,67.2538
125.2747,59.2462,79.5026,64.6423
126.5456,59.9802,76.4154,62.1321
126.0019,58.9487,77.9437,63.3748
127.8957,60.4697,76.4154,62.1321
130.2347,61.7815,73.4481,59.7195
129.4400,60.5287,76.4154,62.1321
131.8635,62.1550,73.4481,59.7195
131.4740,61.0313,74.9171,60.9139
134.0905,63.7416,72.0079,58.5485
135.6863,63.9424,70.5960,57.4005
136.0111,64.9337,70.5960,57.4005
137.2499,64.4515,70.5960,57.4005
138.0240,65.0974,70.5960,57.4005
140.7519,67.1535,67.8547,55.1716
141.9686,67.2047,67.8547,55.1716
142.5459,67.5780,67.8547,55.1716
142.5459,67.5780,67.8547,55.1716
143.4490,67.3727,67.8547,55.1716
143.5463,68.3815,67.8547,55.1716
145.1055,67.6763,67.8547,55.1716
143.6330,66.4612,70.5960,57.4005
145.6838,67.7674,69.2118,56.2750
145.4716,66.3486,72.0079,58.5485
146.1777,67.0265,72.0079,58.5485
147.3853,66.7446,72.0079,58.5485
146.8942,65.3884,73.4481,59.7195
148.9507,66.9471,72.0079,58.5485
149.2596,65.2723,73.4481,59.7195
151.1159,66.1291,70.5960,57.4005
153.7034,67.7689,67.8547,55.1716
152.5480,66.7814,70.5960,57.4005
155.0517,67.5066,67.8547,55.1716
155.5744,66.4484,69.2118,56.2750
155.1969,65.2853,70.5960,57.4005
158.0082,66.3922,67.8547,55.1716
159.4863,66.8415,66.5242,54.0898
158.2212,66.1807,69.2118,56.2750
158.2781,65.7210,70.5960,57.4005
157.1743,65.0194,73.4481,59.7195
159.6689,65.5047,70.5960,57.4005
161.2805,65.7041,69.2118,56.2750
163.5129,67.3794,66.5242,54.0898
164.0454,67.4248,66.5242,54.0898
163.6550,66.8956,69.2118,56.2750
164.2071,66.1111,69.2118,56.2750
166.5878,67.5017,66.5242,54.0898
168.3639,67.8778,63.9410,51.9894
168.7269,67.9225,63.9410,51.9894
169.6224,67.9257,63.9410,51.9894
170.0646,67.9089,63.9410,51.9894
171.0080,67.7675,63.9410,51.9894
172.8314,67.9502,62.6872,50.9700
172.2025,68.3004,63.9410,51.9894
173.1384,67.2558,63.9410,51.9894
173.2220,67.1216,63.9410,51.9894
175.3907,68.5570,62.6872,50.9700
175.0178,67.2531,63.9410,51.9894
177.0899,65.9813,62.6872,50.9700
176.8877,65.9269,62.6872,50.9700
177.7786,64.6998,62.6872,50.9700
179.4933,64.2802,62.6872,50.9700
179.4736,62.6502,62.6872,50.9700
180.7659,63.3153,62.6872,50.9700
179.4919,62.2951,65.2198,53.0292
180.3986,62.7307,63.9410,51.9894
181.6479,63.6567,62.6872,50.9700
180.0678,62.6481,65.2198,53.0292
182.6424,64.2000,62.6872,50.9700
183.2224,64.0506,62.6872,50.9700
184.1812,64.0997,62.6872,50.9700
184.4358,64.3439,62.6872,50.9700
184.9848,65.2100,62.6872,50.9700
184.0379,62.8673,65.2198,53.0292
186.4571,64.6623,62.6872,50.9700
187.0951,64.9920,62.6872,50.9700
185.8489,65.8370,65.2198,53.0292
187.8746,68.0616,62.6872,50.9700
188.6081,68.2815,62.6872,50.9700
188.8313,69.9784,62.6872,50.9700
189.0524,68.9041,63.9410,51.9894
189.9085,68.7079,62.6872,50.9700
190.9045,68.4828,61.4581,49.9706
190.9048,67.4080,62.6872,50.9700
190.4966,63.7517,63.9410,51.9894
189.7319,63.1674,66.5242,54.0898
191.4997,62.5742,65.2198,53.0292
192.6246,63.1541,62.6872,50.9700
192.6016,63.5499,63.9410,51.9894
192.5701,62.6969,63.9410,51.9894
194.1807,64.5678,62.6872,50.9700
194.1124,65.1335,63.9410,51.9894
193.5503,65.8476,63.9410,51.9894
193.3095,65.0914,65.2198,53.0292
193.6003,65.0296,63.9410,51.9894
195.3773,65.0649,62.6872,50.9700
194.7391,64.8566,62.6872,50.9700
194.9319,63.2896,62.6872,50.9700
195.8697,63.8138,62.6872,50.9700
196.3841,63.7690,62.6872,50.9700
196.8796,63.5257,62.6872,50.9700
197.2963,64.1336,62.6872,50.9700
196.4464,65.1306,62.6872,50.9700
197.1432,66.2061,62.6872,50.9700
197.3662,66.6615,62.6872,50.9700
196.0980,66.6396,63.9410,51.9894
197.9062,67.3375,62.6872,50.9700
198.4949,66.5972,62.6872,50.9700
198.4510,66.1901,62.6872,50.9700
198.9785,66.7012,62.6872,50.9700
197.5203,64.4855,65.2198,53.0292
199.0792,65.8466,62.6872,50.9700
199.9218,64.8244,63.9410,51.9894
199.9669,65.5731,63.9410,51.9894
200.4658,66.5955,63.9410,51.9894
202.2403,67.0155,62.6872,50.9700
202.7105,67.8461,62.6872,50.9700
202.7105,67.8461,62.6872,50.9700
200.2539,67.0766,65.2198,53.0292
201.2467,66.7763,66.5242,54.0898
201.3230,68.7287,65.2198,53.0292
204.2711,68.9158,62.6872,50.9700
204.7488,69.4387,62.6872,50.9700
204.0569,67.0982,65.2198,53.0292
205.4459,68.0722,62.6872,50.9700
204.8103,65.9203,65.2198,53.0292
206.4234,66.3672,62.6872,50.9700
206.7375,66.9718,62.6872,50.9700
207.2508,67.1039,62.6872,50.9700
207.6988,67.5391,62.6872,50.9700
207.6001,68.1795,62.6872,50.9700
208.5947,68.2222,62.6872,50.9700
209.1686,68.6193,62.6872,50.9700
209.1681,69.1316,62.6872,50.9700
210.3269,67.9277,62.6872,50.9700
210.6056,68.8115,62.6872,50.9700
210.1518,68.4314,63.9410,51.9894
211.3034,68.5127,62.6872,50.9700
212.1480,68.4371,62.6872,50.9700
210.7139,67.4393,65.2198,53.0292
213.0381,68.0455,62.6872,50.9700
211.9755,66.4663,63.9410,51.9894
213.4715,67.4505,62.6872,50.9700
212.5534,67.3583,65.2198,53.0292
214.4408,67.9978,62.6872,50.9700
212.8438,68.0193,65.2198,53.0292
215.2711,69.5322,62.6872,50.9700
215.0312,68.0765,63.9410,51.9894
215.8751,68.8467,61.4581,49.9706
216.7696,68.0870,62.6872,50.9700
215.6037,66.7406,65.2198,53.0292
216.1733,65.2876,65.2198,53.0292
217.2414,65.8043,62.6872,50.9700
217.9624,66.1954,62.6872,50.9700
218.4661,67.6551,60.2530,48.9908
217.7118,71.3974,62.6872,50.9700
217.8915,74.8659,62.6872,50.9700
218.5469,75.9879,62.6872,50.9700
219.1180,75.3727,62.6872,50.9700
219.4828,75.4784,61.4581,49.9706
220.0200,72.8518,62.6872,50.9700
220.7821,70.7548,62.6872,50.9700
220.5012,66.7375,62.6872,50.9700
220.5443,59.0633,63.9410,51.9894
220.8902,56.7052,65.2198,53.0292
222.4057,55.3585,62.6872,50.9700
223.0105,57.2536,62.6872,50.9700
222.8710,57.2803,62.6872,50.9700
222.9022,59.5384,62.6872,50.9700
223.1889,61.2824,62.6872,50.9700
223.4089,64.8126,62.6872,50.9700
223.3702,66.6866,62.6872,50.9700
223.9645,68.1338,62.6872,50.9700
224.1826,69.2420,62.6872,50.9700
224.9753,68.7933,62.6872,50.9700
224.6313,69.5637,62.6872,50.9700
225.4709,68.6764,62.6872,50.9700
225.8714,67.7683,62.6872,50.9700
226.0523,67.3043,62.6872,50.9700
226.4101,66.7777,62.6872,50.9700
226.0768,66.9362,62.6872,50.9700
226.3208,66.6947,62.6872,50.9700
226.1331,66.0662,62.6872,50.9700
226.5279,66.6288,62.6872,50.9700
226.3192,66.1590,62.6872,50.9700
226.7813,65.8503,62.6872,50.9700
226.5608,66.5210,62.6872,50.9700
227.2156,66.1626,62.6872,50.9700
227.2279,67.1415,62.6872,50.9700
227.2380,68.1806,62.6872,50.9700
226.9138,68.3826,62.6872,50.9700
226.0205,69.2705,63.9410,51.9894
226.3394,70.9399,63.9410,51.9894
227.0737,70.8465,62.6872,50.9700
226.6219,71.1657,63.9410,51.9894
227.3214,73.0876,63.9410,51.9894
228.0833,75.2402,62.6872,50.9700
227.0664,74.0269,62.6872,50.9700
228.2153,74.6481,62.6872,50.9700
227.1596,70.5994,63.9410,51.9894
228.1255,68.2870,62.6872,50.9700
226.8354,67.3482,63.9410,51.9894
227.6424,67.0869,62.6872,50.9700
225.9885,67.6957,63.9410,51.9894
226.8536,71.8776,62.6872,50.9700
225.2970,70.7832,63.9410,51.9894
225.0364,72.8270,63.9410,51.9894
225.3705,71.9216,65.2198,53.0292
226.1324,72.3518,62.6872,50.9700
225.5633,68.8165,65.2198,53.0292
225.9536,68.6435,63.9410,51.9894
226.7317,68.8180,62.6872,50.9700
226.6671,66.8537,62.6872,50.9700
226.9900,64.8241,62.6872,50.9700
226.3623,65.5423,62.6872,50.9700
226.7374,64.4762,62.6872,50.9700
227.0770,64.5405,62.6872,50.9700
227.0770,64.5405,62.6872,50.9700
225.5232,64.4502,63.9410,51.9894
226.8750,65.4943,62.6872,50.9700
226.4189,66.1003,62.6872,50.9700
226.3617,67.2570,62.6872,50.9700
225.8736,67.8974,62.6872,50.9700
226.1220,66.0409,62.6872,50.9700
225.0379,67.4890,62.6872,50.9700
224.7914,66.5415,62.6872,50.9700
225.4216,64.6020,62.6872,50.9700
223.6096,65.3128,62.6872,50.9700
225.4654,65.4735,61.4581,49.9706
223.9869,64.7053,62.6872,50.9700
223.5919,66.3587,62.6872,50.9700
223.7516,67.2853,62.6872,50.9700
222.8141,67.4585,62.6872,50.9700
222.9334,67.2432,62.6872,50.9700
222.6887,67.9063,62.6872,50.9700
221.2970,67.5788,62.6872,50.9700
221.2836,67.1886,62.6872,50.9700
221.4185,66.7930,62.6872,50.9700
220.7736,66.6819,62.6872,50.9700
220.6303,66.9610,62.6872,50.9700
219.8374,66.8928,62.6872,50.9700
219.0376,66.8317,62.6872,50.9700
218.7061,66.4109,62.6872,50.9700
218.3019,66.9167,62.6872,50.9700
218.4690,66.5372,61.4581,49.9706
217.1506,68.0007,62.6872,50.9700
214.7751,66.0180,65.2198,53.0292
215.6314,67.5491,62.6872,50.9700
215.1121,67.8809,61.4581,49.9706
215.4089,67.6508,62.6872,50.9700
214.0959,67.5137,62.6872,50.9700
214.3912,67.8768,62.6872,50.9700
213.4515,68.0584,62.6872,50.9700
213.5924,67.4293,62.6872,50.9700
212.2442,67.1953,63.9410,51.9894
211.6922,67.7019,63.9410,51.9894
211.4557,67.0522,63.9410,51.9894
211.0121,67.8939,62.6872,50.9700
210.6170,68.0628,63.9410,51.9894
210.6944,67.6586,62.6872,50.9700
209.5788,67.2574,63.9410,51.9894
209.2466,67.8814,62.6872,50.9700
208.4815,67.5747,63.9410,51.9894
210.1417,68.5141,62.6872,50.9700
209.3015,68.3088,62.6872,50.9700
209.2173,67.3565,62.6872,50.9700
208.6618,67.5127,62.6872,50.9700
207.7746,66.4410,63.9410,51.9894
206.5093,66.0165,63.9410,51.9894
208.5053,66.9752,62.6872,50.9700
206.8645,65.7520,63.9410,51.9894
206.6866,66.3851,63.9410,51.9894
207.4559,66.5168,62.6872,50.9700
206.1987,66.5797,63.9410,51.9894
204.8964,64.6255,66.5242,54.0898
205.3893,65.6152,63.9410,51.9894
205.4539,66.4667,63.9410,51.9894
205.5565,66.1983,63.9410,51.9894
204.7840,66.6815,63.9410,51.9894
206.7303,67.9589,62.6872,50.9700
206.3901,67.3560,62.6872,50.9700
204.7778,67.5557,63.9410,51.9894
205.9372,68.9469,62.6872,50.9700
205.7268,67.8063,62.6872,50.9700
204.6567,67.8618,63.9410,51.9894
205.7567,68.3984,62.6872,50.9700
204.9132,67.6896,63.9410,51.9894
204.8849,68.4398,62.6872,50.9700
205.5207,68.6638,62.6872,50.9700
205.1967,68.0288,62.6872,50.9700
205.3475,67.6333,62.6872,50.9700
204.9962,67.4902,62.6872,50.9700
205.3425,67.3899,62.6872,50.9700
205.1835,67.7230,62.6872,50.9700
204.3483,67.1889,62.6872,50.9700
204.3530,67.0346,62.6872,50.9700
203.9411,66.7968,62.6872,50.9700
203.9592,67.1292,62.6872,50.9700
203.2875,67.2811,62.6872,50.9700
202.6119,67.2324,62.6872,50.9700
201.5505,66.6949,65.2198,53.0292
201.5275,66.7058,63.9410,51.9894
201.4621,67.1836,63.9410,51.9894
201.5597,67.9819,63.9410,51.9894
202.7367,67.8621,62.6872,50.9700
202.4452,68.0599,62.6872,50.9700
202.0801,67.9585,62.6872,50.9700
201.0670,66.8571,63.9410,51.9894
202.1341,68.0573,62.6872,50.9700
200.7214,66.6303,63.9410,51.9894
200.4702,67.3363,63.9410,51.9894
200.0778,66.7992,63.9410,51.9894
199.9532,66.5866,63.9410,51.9894
199.6914,66.7131,63.9410,51.9894
201.0430,66.1188,62.6872,50.9700
199.1407,64.3785,65.2198,53.0292
198.2335,62.7700,66.5242,54.0898
197.7068,62.3644,67.8547,55.1716
197.5134,62.2343,67.8547,55.1716
197.3754,62.5858,67.8547,55.1716
197.9154,61.6378,67.8547,55.1716
195.9432,61.3466,70.5960,57.4005
195.7649,61.8671,70.5960,57.4005
196.9694,62.0368,69.2118,56.2750
196.9260,62.4360,69.2118,56.2750
197.3166,62.2673,69.2118,56.2750
197.7414,62.5975,67.8547,55.1716
196.2851,62.5239,70.5960,57.4005
197.5220,63.0387,69.2118,56.2750
197.8122,63.5136,67.8547,55.1716
197.6407,63.6561,67.8547,55.1716
197.7716,62.3096,69.2118,56.2750
196.5409,62.5426,69.2118,56.2750
198.2134,62.7784,67.8547,55.1716
196.2413,62.1668,70.5960,57.4005
195.6919,62.0350,72.0079,58.5485
196.1220,63.1549,70.5960,57.4005
196.9019,64.1933,69.2118,56.2750
197.4522,64.4199,69.2118,56.2750
197.6777,65.1612,69.2118,56.2750
197.6118,64.9403,69.2118,56.2750
198.1176,65.0832,67.8547,55.1716
198.4345,64.5244,69.2118,56.2750
196.8124,63.0830,72.0079,58.5485
198.6200,64.1819,69.2118,56.2750
199.5734,65.9571,67.8547,55.1716
197.3643,63.9634,70.5960,57.4005
198.1091,64.5991,70.5960,57.4005
197.7296,63.9828,72.0079,58.5485
197.4703,63.2570,74.9171,60.9139
197.3287,62.7701,74.9171,60.9139
198.3902,63.3369,74.9171,60.9139
198.3837,63.4848,74.9171,60.9139
197.3404,61.7970,76.4154,62.1321
198.0492,62.7366,76.4154,62.1321
198.9312,63.3672,73.4481,59.7195
199.7415,63.3824,73.4481,59.7195
200.7975,64.5579,70.5960,57.4005
200.9251,63.3254,70.5960,57.4005
202.7568,64.2147,67.8547,55.1716
201.6953,62.8136,70.5960,57.4005
201.4850,61.5995,73.4481,59.7195
200.0790,60.7039,76.4154,62.1321
202.0248,61.5431,73.4481,59.7195
203.3825,62.1460,70.5960,57.4005
203.0326,61.7588,73.4481,59.7195
202.0854,61.1096,76.4154,62.1321
201.1919,59.2640,77.9437,63.3748
203.0181,59.7977,76.4154,62.1321
203.6320,60.5901,76.4154,62.1321
204.9848,60.0558,74.9171,60.9139
205.8229,60.3272,74.9171,60.9139
206.9033,59.4583,73.4481,59.7195
205.5258,58.4855,76.4154,62.1321
206.6847,58.6577,76.4154,62.1321
207.3041,58.6095,76.4154,62.1321
208.8741,60.1723,74.9171,60.9139
208.6041,60.1874,76.4154,62.1321
207.7193,60.4100,77.9437,63.3748
209.5306,61.5463,76.4154,62.1321
212.2064,63.3497,73.4481,59.7195
212.2769,61.9810,74.9171,60.9139
211.1702,61.2222,77.9437,63.3748
213.2150,62.3720,74.9171,60.9139
213.6969,62.9681,74.9171,60.9139
214.1225,61.4952,76.4154,62.1321
215.2268,61.9962,74.9171,60.9139
216.9721,62.3774,73.4481,59.7195
216.1038,60.3753,76.4154,62.1321
216.8459,60.7256,76.4154,62.1321
215.6835,61.3177,79.5026,64.6423
218.6137,62.8432,76.4154,62.1321
217.7204,62.3297,79.5026,64.6423
218.8530,63.1896,77.9437,63.3748
220.1048,63.1056,77.9437,63.3748
220.0827,64.3888,77.9437,63.3748
221.3399,64.1895,77.9437,63.3748
222.1995,64.0626,77.9437,63.3748
222.4949,62.4265,81.0926,65.9351
224.1145,62.5647,77.9437,63.3748
225.5748,62.9786,77.9437,63.3748
224.2123,61.7359,81.0926,65.9351
224.3952,60.2081,84.3688,68.5989
226.6059,61.9880,81.0926,65.9351
228.9595,62.9825,77.9437,63.3748
231.1653,63.7187,76.4154,62.1321
231.4795,63.5369,77.9437,63.3748
231.8102,63.0362,77.9437,63.3748
231.3787,62.2116,81.0926,65.9351
230.8714,61.1889,82.7145,67.2538
234.5788,62.8372,79.5026,64.6423
234.1587,61.2916,81.0926,65.9351
232.4957,59.3072,84.3688,68.5989
232.1909,57.2306,87.7773,71.3703
234.7924,58.6713,86.0561,69.9709
235.9863,58.8264,84.3688,68.5989
238.1524,59.3341,82.7145,67.2538
237.2810,58.8899,86.0561,69.9709
236.5941,55.8531,87.7773,71.3703
239.3873,56.9998,84.3688,68.5989
240.6535,56.6096,84.3688,68.5989
241.3725,56.1533,86.0561,69.9709
240.4447,55.9126,89.5328,72.7977
243.0127,57.3760,86.0561,69.9709
241.5278,56.7638,89.5328,72.7977
243.0635,57.5797,89.5328,72.7977
245.8400,58.2654,86.0561,69.9709
246.5781,58.5906,86.0561,69.9709
247.5426,59.3331,84.3688,68.5989
247.9776,59.6330,86.0561,69.9709
246.6505,59.4041,87.7773,71.3703
249.8872,60.3941,86.0561,69.9709
252.3331,61.3092,82.7145,67.2538
251.4195,62.9438,84.3688,68.5989
253.2167,62.4083,84.3688,68.5989
252.2086,61.7748,87.7773,71.3703
253.9806,63.2153,84.3688,68.5989
253.4303,60.4166,87.7773,71.3703
254.9256,63.2381,86.0561,69.9709
255.6379,62.6131,86.0561,69.9709
256.7640,62.9959,86.0561,69.9709
255.0642,61.7667,89.5328,72.7977
258.0061,62.9415,86.0561,69.9709
257.7749,61.9999,87.7773,71.3703
257.9554,60.3871,89.5328,72.7977
259.0524,59.7696,89.5328,72.7977
259.4369,59.2670,89.5328,72.7977
263.2278,61.0683,86.0561,69.9709
261.2047,60.3390,89.5328,72.7977
262.2116,60.2991,89.5328,72.7977
263.0287,59.0776,89.5328,72.7977
264.7727,60.6844,87.7773,71.3703
264.5294,59.3409,91.3235,74.2537
266.0999,59.3609,89.5328,72.7977
265.9302,59.3812,91.3235,74.2537
265.0839,57.2431,95.0129,77.2535
267.4664,59.1421,91.3235,74.2537
269.6251,58.4490,89.5328,72.7977
269.4186,58.4397,89.5328,72.7977
269.9035,60.2926,87.7773,71.3703
269.9683,59.6975,91.3235,74.2537
268.1199,58.8527,95.0129,77.2535
268.4268,58.6125,96.9132,78.7986
269.6686,59.8592,95.0129,77.2535
271.5100,61.6991,91.3235,74.2537
272.8395,60.7920,89.5328,72.7977
