6.0000,166.0000,42.0000,26.0000
6.8125,165.4769,42.0000,26.0000
8.8698,165.6583,40.3691,24.9904
11.1559,165.8452,40.3691,24.9904
13.2285,165.9514,40.3691,24.9904
14.3160,165.8866,42.0000,26.0000
14.7278,165.7685,43.6968,27.0504
16.1799,165.9075,43.6968,27.0504
18.9035,166.7453,42.0000,26.0000
20.6980,167.5613,41.1765,25.4902
21.8676,167.8845,41.1765,25.4902
21.3184,166.7485,42.8400,26.5200
23.4904,167.5231,42.0000,26.0000
24.7108,167.5962,42.0000,26.0000
26.8730,168.0047,41.1765,25.4902
28.5077,168.3149,41.1765,25.4902
29.8435,168.3241,40.3691,24.9904
31.5427,168.6548,40.3691,24.9904
32.4009,168.8860,42.0000,26.0000
32.7231,168.3360,42.8400,26.5200
34.5591,168.7160,42.8400,26.5200
36.3935,168.7068,42.8400,26.5200
39.4125,170.1544,41.1765,25.4902
39.6607,169.3604,42.8400,26.5200
42.4473,170.7891,41.1765,25.4902
44.0071,170.9627,41.1765,25.4902
43.6666,170.1744,42.8400,26.5200
44.4432,169.8385,44.5707,27.5914
44.9817,169.9415,44.5707,27.5914
46.1769,169.8763,44.5707,27.5914
47.2612,169.9826,44.5707,27.5914
47.5164,169.7385,45.4622,28.1432
48.7854,170.0432,44.5707,27.5914
49.3822,169.7621,45.4622,28.1432
51.6614,171.1312,43.6968,27.0504
52.4819,171.1625,42.8400,26.5200
53.5070,171.5290,43.6968,27.0504
53.4221,170.8712,44.5707,27.5914
55.3509,171.3278,43.6968,27.0504
56.2742,171.4006,42.8400,26.5200
57.5909,171.4396,43.6968,27.0504
58.6865,171.4330,43.6968,27.0504
60.2643,171.0859,43.6968,27.0504
60.6546,169.8037,45.4622,28.1432
63.0838,171.0355,43.6968,27.0504
64.4501,170.8393,43.6968,27.0504
66.6640,171.3063,42.0000,26.0000
68.2662,171.6219,41.1765,25.4902
69.0901,171.1097,42.0000,26.0000
70.2459,171.0497,42.0000,26.0000
72.4290,171.4096,40.3691,24.9904
73.2687,171.2250,42.0000,26.0000
74.0374,171.2928,42.0000,26.0000
74.9862,170.9485,42.0000,26.0000
75.1235,170.4255,43.6968,27.0504
74.7457,169.6019,45.4622,28.1432
75.6574,169.3686,47.2988,29.2802
76.9627,169.4830,47.2988,29.2802
78.6060,169.9051,46.3714,28.7061
79.9595,170.4731,44.5707,27.5914
80.5847,170.1928,46.3714,28.7061
81.3328,169.9794,45.4622,28.1432
82.1042,170.0972,46.3714,28.7061
83.0995,170.5069,44.5707,27.5914
82.8945,170.3265,46.3714,28.7061
82.2753,169.8344,47.2988,29.2802
83.2295,170.4144,46.3714,28.7061
82.6093,170.2242,47.2988,29.2802
83.2258,170.4700,47.2988,29.2802
83.4950,170.7083,47.2988,29.2802
83.3441,170.6809,47.2988,29.2802
83.5584,171.3105,46.3714,28.7061
83.3953,171.2377,47.2988,29.2802
84.4805,171.7498,46.3714,28.7061
84.5810,171.5108,45.4622,28.1432
84.2811,172.1900,46.3714,28.7061
83.4971,170.9170,48.2448,29.8658
83.6552,171.0364,48.2448,29.8658
83.1565,170.8280,49.2097,30.4631
83.5400,171.3918,48.2448,29.8658
83.7849,171.4210,48.2448,29.8658
83.1085,171.5452,49.2097,30.4631
82.5450,170.8760,51.1978,31.6939
83.4527,171.4172,49.2097,30.4631
83.2646,171.4493,50.1939,31.0724
83.0042,171.6127,51.1978,31.6939
83.9634,172.3396,49.2097,30.4631
82.6427,172.0514,51.1978,31.6939
83.7858,172.7706,49.2097,30.4631
84.9848,173.9458,47.2988,29.2802
83.7463,173.4776,48.2448,29.8658
82.5532,172.7258,50.1939,31.0724
82.7314,172.8715,50.1939,31.0724
82.7336,172.9453,50.1939,31.0724
82.5420,173.0227,50.1939,31.0724
81.9250,172.5876,51.1978,31.6939
81.1783,172.1229,53.2662,32.9743
81.5970,172.6108,52.2217,32.3277
82.7461,173.0924,51.1978,31.6939
82.7148,173.1814,51.1978,31.6939
81.9320,172.3753,53.2662,32.9743
81.4666,171.9367,54.3315,33.6338
81.6227,172.1465,54.3315,33.6338
83.0382,172.8545,52.2217,32.3277
82.2007,172.3104,54.3315,33.6338
82.6516,172.3231,54.3315,33.6338
82.3893,171.7051,55.4181,34.3064
83.4468,171.9986,54.3315,33.6338
83.4864,171.5736,55.4181,34.3064
84.6482,172.1742,54.3315,33.6338
84.9050,172.1026,54.3315,33.6338
86.1473,172.6918,53.2662,32.9743
86.2818,172.0993,54.3315,33.6338
86.4402,171.5788,55.4181,34.3064
85.9049,170.8315,57.6570,35.6924
85.6936,170.4226,59.9863,37.1344
86.9152,171.0367,58.8101,36.4063
86.7273,170.4716,59.9863,37.1344
87.5551,170.6361,58.8101,36.4063
87.5139,169.9814,59.9863,37.1344
87.9515,170.0654,59.9863,37.1344
88.3942,169.8619,59.9863,37.1344
88.0358,168.8015,61.1861,37.8771
88.7074,168.7032,62.4098,38.6346
89.7783,168.7888,62.4098,38.6346
89.3267,167.4370,64.9311,40.1955
90.1626,167.2029,66.2298,40.9994
91.2049,167.1940,66.2298,40.9994
92.1463,167.3587,66.2298,40.9994
93.0532,167.2981,66.2298,40.9994
92.8286,166.3096,68.9055,42.6558
93.9343,166.1866,68.9055,42.6558
95.4510,166.3754,68.9055,42.6558
96.7087,166.1610,67.5544,41.8194
99.0546,167.0029,64.9311,40.1955
98.9437,166.0553,67.5544,41.8194
100.1649,165.9556,67.5544,41.8194
99.8153,165.7822,70.2836,43.5089
101.5954,166.1754,68.9055,42.6558
101.9089,165.9229,70.2836,43.5089
101.1531,164.2419,73.1230,45.2666
104.4012,165.6453,70.2836,43.5089
105.2697,164.2003,71.6892,44.3790
106.0492,163.9910,73.1230,45.2666
107.3795,163.6778,74.5855,46.1720
108.8961,163.5290,73.1230,45.2666
110.4581,163.3908,74.5855,46.1720
113.4607,163.8408,71.6892,44.3790
114.3071,163.6111,73.1230,45.2666
114.7136,162.8134,76.0772,47.0954
115.8759,162.4070,76.0772,47.0954
117.2237,162.2506,77.5987,48.0373
117.9918,162.0067,79.1507,48.9981
118.5008,160.9190,80.7337,49.9780
120.1634,161.3026,79.1507,48.9981
121.1718,161.6349,79.1507,48.9981
121.1102,161.2717,80.7337,49.9780
124.7327,162.0755,77.5987,48.0373
126.4173,161.0464,80.7337,49.9780
127.8520,161.4638,82.3484,50.9776
125.3776,159.8491,85.6753,53.0371
126.9523,160.7521,85.6753,53.0371
132.7937,161.6185,83.9954,51.9971
135.6117,160.5539,87.3888,54.0978
130.6707,157.7474,90.9193,56.2834
135.3263,159.7654,89.1365,55.1798
133.5580,157.7537,90.9193,56.2834
136.9555,158.9407,87.3888,54.0978
139.4295,160.5709,83.9954,51.9971
139.2209,159.3861,87.3888,54.0978
137.6771,156.5286,90.9193,56.2834
139.1172,156.0569,94.5924,58.5572
140.0429,155.8058,94.5924,58.5572
141.5608,154.2970,98.4140,60.9229
144.1759,155.4902,96.4843,59.7284
142.9349,154.9107,96.4843,59.7284
139.5576,152.7121,100.3822,62.1414
137.8769,151.3513,104.4377,64.6519
137.1444,150.5717,108.6570,67.2638
133.6394,148.6274,113.0467,69.9813
132.5552,148.1321,115.3076,71.3809
131.3657,146.8833,117.6138,72.8085
136.5898,147.4874,115.3076,71.3809
135.5369,146.6084,117.6138,72.8085
132.8787,144.8947,122.3654,75.7500
132.3208,144.7719,124.8127,77.2650
133.6814,143.8721,127.3089,78.8103
134.2792,141.9438,132.4522,81.9942
138.9102,140.6801,135.1013,83.6341
144.7420,141.3099,132.4522,81.9942
145.4929,139.6867,137.8033,85.3068
147.0500,137.0174,143.3705,88.7532
150.0654,133.5821,149.1627,92.3388
152.8862,133.9142,149.1627,92.3388
155.0349,133.5361,149.1627,92.3388
152.9786,132.8062,152.1460,94.1856
152.2558,131.9609,152.1460,94.1856
149.2028,129.9033,158.2927,97.9907
141.9208,127.9177,164.6877,101.9495
137.7624,126.3218,167.9814,103.9885
135.2966,124.6063,167.9814,103.9885
128.2201,123.4073,167.9814,103.9885
122.2894,119.9792,174.7679,108.1896
115.6245,118.2269,174.7679,108.1896
108.5991,117.4678,174.7679,108.1896
104.5504,116.9962,178.2633,110.3534
99.9461,115.6372,185.4651,114.8117
90.6573,114.5082,185.4651,114.8117
89.1606,111.7094,185.4651,114.8117
83.7244,112.3001,185.4651,114.8117
91.1148,110.9714,181.8285,112.5605
91.6466,110.2548,181.8285,112.5605
99.5163,111.0312,178.2633,110.3534
99.2689,109.2193,181.8285,112.5605
107.9892,107.0977,189.1744,117.1080
111.6799,105.9125,192.9579,119.4501
114.4334,104.1419,196.8170,121.8391
115.9071,103.5031,204.7684,126.7614
117.3392,104.7070,204.7684,126.7614
123.9052,102.9713,208.8638,129.2966
124.6310,99.5681,217.3019,134.5202
137.6220,101.4080,208.8638,129.2966
136.7693,99.6095,213.0411,131.8826
142.2541,97.6110,217.3019,134.5202
142.9195,94.3475,221.6479,137.2106
154.7840,95.9666,217.3019,134.5202
162.3014,94.6565,213.0411,131.8826
169.0155,96.5802,204.7684,126.7614
175.0709,95.9255,204.7684,126.7614
178.7154,93.0605,208.8638,129.2966
180.7801,91.5824,213.0411,131.8826
189.2545,91.6539,208.8638,129.2966
192.1353,91.6549,208.8638,129.2966
192.1649,89.1516,213.0411,131.8826
195.1153,88.3062,213.0411,131.8826
206.0164,86.1684,213.0411,131.8826
210.0861,87.3114,213.0411,131.8826
217.8089,88.0055,208.8638,129.2966
223.1377,89.2749,208.8638,129.2966
228.5733,89.2342,200.7534,124.2759
238.3234,90.0508,196.8170,121.8391
243.9631,86.7757,204.7684,126.7614
250.3724,90.1279,196.8170,121.8391
256.4812,90.6745,192.9579,119.4501
268.8666,90.4942,196.8170,121.8391
282.9005,92.0133,189.1744,117.1080
299.3228,92.6970,181.8285,112.5605
318.3024,94.7289,174.7679,108.1896
342.9169,96.0948,167.9814,103.9885
359.8192,94.8493,171.3411,106.0683
378.4608,93.4055,174.7679,108.1896
402.4798,93.9028,167.9814,103.9885
