143.0000,125.0000,30.0000,54.0000
142.4708,124.5858,30.0000,54.0000
142.4011,124.7334,30.0000,54.0000
142.6800,125.3169,29.4118,52.9412
142.2363,124.5206,30.6000,55.0800
142.9539,125.9189,29.4118,52.9412
142.9600,126.2595,29.4118,52.9412
142.6156,126.0844,30.0000,54.0000
142.5388,126.1914,30.0000,54.0000
142.5737,126.2180,30.0000,54.0000
142.5692,126.2673,30.0000,54.0000
142.5541,126.2431,30.0000,54.0000
142.5936,126.1736,30.0000,54.0000
142.1789,125.2341,30.6000,55.0800
142.1956,124.3179,30.6000,55.0800
142.1317,123.4883,30.6000,55.0800
141.0643,121.5939,31.8362,57.3052
140.6017,120.8409,32.4730,58.4513
140.4270,121.4752,32.4730,58.4513
139.5703,121.6464,33.7849,60.8128
139.4992,122.5528,35.1498,63.2696
138.5947,121.3339,36.5698,65.8257
137.7748,120.4535,38.0473,68.4851
137.3215,118.8695,39.5844,71.2519
137.8750,120.5952,38.0473,68.4851
136.6304,120.0965,39.5844,71.2519
135.6291,119.9029,41.1836,74.1304
135.0042,118.1155,42.8474,77.1253
135.5650,118.3762,42.8474,77.1253
135.1500,117.8480,44.5784,80.2412
135.1080,117.5090,45.4700,81.8460
134.1501,117.4343,47.3070,85.1526
134.1633,117.7551,48.2531,86.8556
133.3717,116.0239,50.2025,90.3646
133.4835,115.8885,50.2025,90.3646
133.9629,116.6558,49.2182,88.5927
133.1258,117.4399,49.2182,88.5927
132.6544,118.6534,48.2531,86.8556
131.6552,120.5411,46.3794,83.4829
131.0569,123.2444,44.5784,80.2412
130.2001,125.7607,42.8474,77.1253
130.1671,126.5546,41.1836,74.1304
129.4300,125.9291,40.3761,72.6769
128.0109,125.9957,38.8082,69.8548
126.8989,125.1134,37.3012,67.1422
127.5019,123.4702,35.8528,64.5350
129.6098,124.8072,34.4606,62.0290
131.6382,125.4714,33.7849,60.8128
136.0257,125.6661,32.4730,58.4513
138.3631,126.0237,32.4730,58.4513
141.8108,126.4375,32.4730,58.4513
146.8877,127.6921,31.2120,56.1816
150.0052,127.2204,31.8362,57.3052
151.2030,130.2628,30.6000,55.0800
149.3736,132.3198,30.0000,54.0000
146.7383,131.3491,30.6000,55.0800
144.5459,129.9616,31.8362,57.3052
142.0350,130.9405,32.4730,58.4513
139.7006,132.1730,33.7849,60.8128
137.2138,135.1059,33.7849,60.8128
136.7906,136.8757,33.7849,60.8128
138.3661,138.4948,32.4730,58.4513
139.0563,137.4467,33.7849,60.8128
140.1103,137.0988,34.4606,62.0290
139.3916,134.1791,35.8528,64.5350
138.5103,130.9069,36.5698,65.8257
136.8708,128.8401,38.0473,68.4851
134.9781,127.2553,38.8082,69.8548
133.4970,126.1861,38.8082,69.8548
134.5075,121.1065,38.8082,69.8548
136.6124,113.1576,39.5844,71.2519
139.4646,101.5254,41.1836,74.1304
139.7902,90.8853,42.8474,77.1253
138.9165,83.0918,44.5784,80.2412
136.0290,77.6354,46.3794,83.4829
132.9595,73.1507,48.2531,86.8556
126.3680,73.5627,47.3070,85.1526
116.9162,77.0913,49.2182,88.5927
106.6074,86.4518,50.2025,90.3646
94.1262,100.2225,52.2307,94.0153
87.0708,112.2940,54.3408,97.8135
88.1614,123.5815,56.5362,101.7652
91.9667,131.7185,58.8203,105.8765
100.6872,141.9759,61.1966,110.1539
112.5918,150.2452,61.1966,110.1539
124.8334,157.3238,58.8203,105.8765
137.6528,161.9659,57.6669,103.8005
148.5187,164.9460,55.4277,99.7698
153.2572,165.6921,53.2753,95.8956
156.2279,160.8482,52.2307,94.0153
155.3121,151.7072,51.2066,92.1719
154.5486,143.6442,49.2182,88.5927
152.0836,135.2798,47.3070,85.1526
149.7211,126.9813,45.4700,81.8460
145.6730,122.9871,43.7043,78.6678
138.8492,117.7322,42.8474,77.1253
131.3798,115.5838,41.1836,74.1304
123.7835,115.3008,40.3761,72.6769
115.2316,117.2899,39.5844,71.2519
110.5015,122.5773,38.8082,69.8548
111.0236,126.9224,37.3012,67.1422
113.5113,129.7911,35.8528,64.5350
117.3531,131.4249,35.8528,64.5350
122.1108,130.8955,37.3012,67.1422
128.1536,130.6089,37.3012,67.1422
133.6299,129.3778,36.5698,65.8257
137.9609,125.8862,38.0473,68.4851
143.2916,124.4605,36.5698,65.8257
147.4482,123.3420,35.1498,63.2696
149.9254,121.0229,33.7849,60.8128
152.4426,119.1784,32.4730,58.4513
151.6722,118.4972,31.8362,57.3052
149.7723,115.2314,31.8362,57.3052
147.1441,112.4678,32.4730,58.4513
143.3769,112.5585,31.2120,56.1816
139.0217,114.3564,30.0000,54.0000
134.3983,117.1421,30.6000,55.0800
133.0732,119.6323,31.2120,56.1816
133.8658,124.4873,30.0000,54.0000
133.3487,126.6065,31.2120,56.1816
134.8453,128.9490,31.2120,56.1816
135.8184,127.7810,31.2120,56.1816
136.5517,124.8356,32.4730,58.4513
137.4908,123.8547,31.8362,57.3052
138.3724,124.1704,30.6000,55.0800
137.2038,123.3427,30.6000,55.0800
136.2002,120.8556,30.6000,55.0800
134.5221,118.4174,30.6000,55.0800
133.1262,116.5362,30.6000,55.0800
132.9609,116.3033,30.0000,54.0000
132.6994,115.8060,30.0000,54.0000
132.5422,116.5047,29.4118,52.9412
132.0396,114.7781,30.6000,55.0800
132.8577,113.5547,29.4118,52.9412
131.8427,114.5483,28.8351,51.9031
130.1861,112.7946,29.4118,52.9412
129.6139,112.9895,29.4118,52.9412
129.7500,113.1625,30.0000,54.0000
129.2590,112.2687,31.2120,56.1816
128.4810,111.8728,32.4730,58.4513
128.8971,114.4348,31.2120,56.1816
129.3979,114.9527,31.2120,56.1816
129.2754,113.9153,32.4730,58.4513
130.3571,115.4217,31.8362,57.3052
131.8250,118.1703,30.6000,55.0800
132.4561,119.2175,30.6000,55.0800
132.2092,118.0094,31.8362,57.3052
130.6512,117.7309,31.8362,57.3052
128.2925,116.1927,33.1224,59.6204
127.0645,118.9475,31.8362,57.3052
122.4397,118.6935,33.1224,59.6204
125.6927,121.3348,34.4606,62.0290
124.1699,120.7133,34.4606,62.0290
118.0522,116.7236,35.8528,64.5350
116.8080,113.2160,37.3012,67.1422
119.8027,103.1056,35.8528,64.5350
117.3959,97.1891,37.3012,67.1422
113.1286,111.7317,35.8528,64.5350
117.0907,113.9877,34.4606,62.0290
121.2844,112.9822,33.1224,59.6204
120.1601,113.3517,33.7849,60.8128
120.7375,114.1372,34.4606,62.0290
126.1122,113.0222,34.4606,62.0290
127.5829,113.1343,33.1224,59.6204
128.4633,117.0650,31.8362,57.3052
129.6719,117.7570,31.8362,57.3052
129.0801,120.7387,33.1224,59.6204
127.2115,120.5277,33.7849,60.8128
127.0703,123.3352,33.7849,60.8128
127.6128,128.2247,32.4730,58.4513
126.4298,128.4433,33.7849,60.8128
126.0552,130.6799,34.4606,62.0290
125.0002,133.0030,33.7849,60.8128
123.5942,133.1709,33.7849,60.8128
122.2369,134.6002,33.7849,60.8128
122.1330,137.1447,35.1498,63.2696
120.1210,137.6408,36.5698,65.8257
124.8866,142.4664,35.1498,63.2696
125.6083,139.7302,35.8528,64.5350
131.0775,141.4271,34.4606,62.0290
134.7115,138.2225,35.8528,64.5350
138.7817,136.1254,35.8528,64.5350
143.7546,139.7326,34.4606,62.0290
145.3962,140.1522,35.1498,63.2696
144.6296,139.3762,33.7849,60.8128
144.7433,140.4193,34.4606,62.0290
144.7468,138.1586,33.7849,60.8128
145.5986,138.8364,34.4606,62.0290
147.1842,136.9958,35.1498,63.2696
148.6223,137.4465,33.7849,60.8128
149.3573,136.3476,33.7849,60.8128
150.6219,137.6695,35.1498,63.2696
153.4290,137.6259,33.7849,60.8128
158.0190,137.0293,32.4730,58.4513
161.4944,138.1562,32.4730,58.4513
166.0616,140.5447,31.2120,56.1816
170.0114,140.9758,32.4730,58.4513
174.7717,144.4599,31.2120,56.1816
180.0046,147.5749,30.0000,54.0000
185.2411,148.9305,31.2120,56.1816
191.1596,150.4756,31.2120,56.1816
195.5362,151.7083,32.4730,58.4513
194.8360,152.8352,33.7849,60.8128
193.9050,154.6266,35.1498,63.2696
194.7086,156.7347,34.4606,62.0290
194.4529,154.8218,35.1498,63.2696
194.7388,153.2168,36.5698,65.8257
195.3253,151.2570,38.0473,68.4851
195.1228,145.5570,39.5844,71.2519
193.7426,135.9893,41.1836,74.1304
191.1955,124.4584,42.8474,77.1253
188.1359,113.1424,44.5784,80.2412
185.1817,101.7267,46.3794,83.4829
183.7248,92.9637,48.2531,86.8556
182.6422,84.6456,50.2025,90.3646
181.0641,77.3189,52.2307,94.0153
177.9951,71.5627,53.2753,95.8956
172.8723,68.9703,55.4277,99.7698
165.4085,67.8047,56.5362,101.7652
155.8752,65.8965,58.8203,105.8765
143.5729,63.1074,61.1966,110.1539
125.2390,58.9900,63.6690,114.6041
106.2340,59.3269,63.6690,114.6041
87.9819,62.6657,61.1966,110.1539
71.6820,63.3512,58.8203,105.8765
56.2143,62.5019,61.1966,110.1539
44.2071,64.3892,62.4206,112.3570
36.6072,71.1337,59.9967,107.9940
31.7997,73.5156,61.1966,110.1539
30.4340,80.6694,58.8203,105.8765
32.5109,84.0749,58.8203,105.8765
35.6923,88.6981,57.6669,103.8005
40.8343,94.6079,56.5362,101.7652
46.2815,98.6429,55.4277,99.7698
51.0775,99.9290,55.4277,99.7698
55.9312,104.0461,53.2753,95.8956
62.4060,103.5311,51.2066,92.1719
68.3361,105.4580,49.2182,88.5927
74.0010,104.1893,49.2182,88.5927
78.7629,104.7056,47.3070,85.1526
84.8058,107.1740,45.4700,81.8460
90.2124,111.6120,43.7043,78.6678
95.0762,116.2548,42.0072,75.6130
99.4896,123.0138,40.3761,72.6769
103.7574,127.8004,38.8082,69.8548
110.0476,129.0552,37.3012,67.1422
114.0502,130.4114,35.8528,64.5350
116.2729,132.2025,34.4606,62.0290
116.5652,131.0961,33.7849,60.8128
118.2560,130.6304,32.4730,58.4513
119.7453,129.2202,31.2120,56.1816
120.2959,128.7580,30.0000,54.0000
120.5404,127.9380,28.8351,51.9031
121.4132,127.8338,27.7154,49.8877
121.4751,125.2819,27.1719,48.9095
120.4917,123.3702,26.1168,47.0102
120.0543,121.5997,25.6047,46.0885
119.1148,118.9907,24.6104,44.2988
119.2098,118.0451,23.6548,42.5786
120.7775,117.4552,22.7363,40.9253
122.1113,117.6140,21.8534,39.3361
123.7062,117.0638,21.4249,38.5648
125.6673,116.3246,20.5929,37.0673
127.2932,115.1769,20.1891,36.3405
129.0839,115.8819,19.4052,34.9293
130.1737,115.2697,19.4052,34.9293
131.0383,115.3433,19.0247,34.2444
132.1015,116.2721,18.6516,33.5730
133.2658,117.6560,19.4052,34.9293
133.5212,119.3420,19.0247,34.2444
135.1370,118.5662,19.4052,34.9293
137.1521,118.3972,18.6516,33.5730
139.9048,117.7009,17.9274,32.2693
140.8575,116.2823,17.5759,31.6366
139.9981,114.7805,17.5759,31.6366
137.1340,113.8321,17.2312,31.0162
134.4079,113.6687,17.5759,31.6366
131.1779,113.3321,18.2859,32.9147
129.0573,114.7285,17.5759,31.6366
126.6946,116.2912,18.2859,32.9147
123.9540,119.6654,18.6516,33.5730
122.7326,123.1144,19.4052,34.9293
121.7749,127.7754,19.0247,34.2444
122.3091,132.6005,19.0247,34.2444
123.2993,138.0040,19.4052,34.9293
124.1830,143.5391,18.6516,33.5730
125.7450,147.5088,19.4052,34.9293
127.0231,149.5968,20.1891,36.3405
129.1437,152.1152,21.0048,37.8086
130.6258,151.6069,21.8534,39.3361
131.9862,151.4679,22.7363,40.9253
133.5737,151.2775,23.1910,41.7438
132.9561,148.8152,24.1279,43.4302
130.9883,145.6612,25.1027,45.1848
129.4021,144.8129,25.6047,46.0885
125.8647,144.0472,26.6391,47.9505
123.9470,144.2250,27.7154,49.8877
122.1246,143.6028,28.8351,51.9031
120.6886,143.0075,30.0000,54.0000
119.4570,143.7647,30.6000,55.0800
117.8973,145.2121,31.8362,57.3052
117.9207,147.1722,31.8362,57.3052
118.3420,149.3427,31.8362,57.3052
119.2763,151.4579,31.8362,57.3052
119.6460,153.3239,31.8362,57.3052
121.3457,153.0244,32.4730,58.4513
122.0452,152.8894,33.7849,60.8128
121.3488,153.4379,33.7849,60.8128
121.4293,153.1997,34.4606,62.0290
121.3352,150.8809,35.1498,63.2696
121.6805,152.5905,35.1498,63.2696
121.2480,152.9938,33.7849,60.8128
122.6797,148.1199,35.1498,63.2696
126.1576,148.2005,35.1498,63.2696
128.2411,148.3560,35.8528,64.5350
131.8672,151.7239,34.4606,62.0290
132.8804,152.1493,35.8528,64.5350
136.5290,156.0591,34.4606,62.0290
137.4778,156.6715,35.8528,64.5350
139.2558,158.5470,35.8528,64.5350
142.0140,163.6136,34.4606,62.0290
142.8826,166.7041,33.7849,60.8128
144.1546,168.9839,32.4730,58.4513
145.5723,169.9162,31.2120,56.1816
147.0119,169.0019,30.6000,55.0800
147.6053,167.7161,30.6000,55.0800
148.4990,167.7777,29.4118,52.9412
148.2098,166.7659,30.0000,54.0000
147.5596,165.9050,31.2120,56.1816
157.7565,127.5964,30.0000,54.0000
159.6794,132.2689,28.8351,51.9031
161.7517,136.1490,27.7154,49.8877
163.2344,137.5822,27.1719,48.9095
162.9839,138.3509,27.7154,49.8877
162.4547,140.0944,27.7154,49.8877
161.9034,142.1794,27.1719,48.9095
159.2256,142.9357,26.6391,47.9505
155.3366,144.2640,26.1168,47.0102
150.9494,142.4550,26.6391,47.9505
146.7844,140.6142,26.1168,47.0102
144.1980,138.8313,25.1027,45.1848
141.3999,135.9316,24.6104,44.2988
139.6679,133.0841,23.6548,42.5786
138.5600,130.5463,22.7363,40.9253
138.1912,128.5910,22.2904,40.1228
137.3914,126.5511,21.4249,38.5648
137.4995,125.0847,21.0048,37.8086
136.1753,122.7334,20.5929,37.0673
136.5232,121.5134,19.7933,35.6279
136.2247,120.2721,19.4052,34.9293
135.8275,119.2268,19.4052,34.9293
134.9231,119.0315,18.6516,33.5730
134.9278,119.4304,17.9274,32.2693
134.9077,119.1609,17.5759,31.6366
134.0110,118.6734,17.5759,31.6366
133.4000,118.8490,16.8934,30.4081
133.1004,119.4354,17.2312,31.0162
133.6404,120.5156,17.5759,31.6366
133.2627,122.1295,17.2312,31.0162
133.6082,124.9972,17.5759,31.6366
133.4012,126.5967,18.2859,32.9147
134.0930,129.5650,18.2859,32.9147
134.3600,131.8447,18.6516,33.5730
135.4579,134.9465,19.4052,34.9293
135.3346,136.9346,20.1891,36.3405
135.7636,139.3035,21.0048,37.8086
135.6734,142.1704,21.0048,37.8086
134.5451,143.4458,21.8534,39.3361
134.1775,145.3272,21.4249,38.5648
133.1515,145.3600,21.8534,39.3361
131.6233,143.9705,22.7363,40.9253
129.7334,143.1065,23.6548,42.5786
128.1813,141.8987,24.6104,44.2988
127.5425,140.8293,25.6047,46.0885
126.5477,139.8868,26.6391,47.9505
126.4365,140.4027,27.7154,49.8877
125.9689,141.2566,28.8351,51.9031
126.7536,143.7364,29.4118,52.9412
128.3539,145.8906,30.0000,54.0000
129.5292,148.9835,31.2120,56.1816
131.1533,152.1857,31.8362,57.3052
132.6586,153.5396,32.4730,58.4513
132.9145,152.4966,33.7849,60.8128
131.8163,150.3459,34.4606,62.0290
126.2807,147.2582,35.8528,64.5350
120.2623,145.5546,37.3012,67.1422
115.6581,145.9621,36.5698,65.8257
113.3866,147.1957,36.5698,65.8257
112.3608,148.8511,35.8528,64.5350
110.7827,149.2448,36.5698,65.8257
110.3051,152.2135,35.1498,63.2696
108.9406,155.7854,35.1498,63.2696
108.9327,159.0353,34.4606,62.0290
109.7309,158.7047,35.8528,64.5350
115.9064,160.8488,34.4606,62.0290
123.0710,160.5739,34.4606,62.0290
128.7552,159.6335,35.8528,64.5350
135.1987,158.6110,35.8528,64.5350
142.1645,158.1796,34.4606,62.0290
146.0854,153.0116,35.1498,63.2696
148.2067,147.0363,33.7849,60.8128
147.2307,140.5709,35.1498,63.2696
145.7568,135.7192,34.4606,62.0290
141.4818,130.2256,35.8528,64.5350
138.9162,129.4406,34.4606,62.0290
133.3164,129.0239,34.4606,62.0290
126.8664,128.3724,35.1498,63.2696
119.1604,128.8348,36.5698,65.8257
112.3740,130.1097,38.0473,68.4851
109.7069,133.2604,37.3012,67.1422
109.1226,133.7702,36.5698,65.8257
109.7278,136.2674,35.1498,63.2696
110.2038,137.6209,33.7849,60.8128
111.1149,136.9912,35.1498,63.2696
114.2741,136.4627,33.7849,60.8128
119.7397,134.0858,34.4606,62.0290
126.5343,132.5626,34.4606,62.0290
134.9267,128.9602,35.1498,63.2696
144.2777,125.7059,33.7849,60.8128
152.4174,124.0601,32.4730,58.4513
158.7315,121.9584,31.8362,57.3052
164.2009,117.4954,32.4730,58.4513
167.3219,112.7348,33.7849,60.8128
171.3374,108.6409,34.4606,62.0290
175.3952,105.4936,33.7849,60.8128
181.4480,105.4417,32.4730,58.4513
186.5076,106.1484,31.2120,56.1816
190.3278,107.3797,30.0000,54.0000
191.6118,109.3673,29.4118,52.9412
190.4074,112.9552,28.2697,50.8854
189.4147,118.1847,27.1719,48.9095
187.3917,122.4113,26.6391,47.9505
186.9480,126.6697,27.1719,48.9095
185.6190,132.0635,27.1719,48.9095
183.3276,135.0045,26.6391,47.9505
180.7952,135.5092,26.6391,47.9505
179.7478,135.2751,25.6047,46.0885
176.7749,131.9127,26.6391,47.9505
174.1456,129.1552,27.7154,49.8877
169.2875,125.9654,28.8351,51.9031
163.6591,123.4752,30.0000,54.0000
158.0247,121.2113,31.2120,56.1816
148.1711,124.9593,31.8362,57.3052
140.4362,129.0277,32.4730,58.4513
136.3696,134.5980,32.4730,58.4513
135.7076,138.5774,31.2120,56.1816
135.7316,137.9052,32.4730,58.4513
136.5279,136.7527,33.7849,60.8128
138.1654,137.7920,35.1498,63.2696
138.6236,139.3963,35.8528,64.5350
141.4921,138.7028,37.3012,67.1422
143.9223,136.4883,38.0473,68.4851
143.1390,136.3795,38.0473,68.4851
143.4800,135.1038,38.8082,69.8548
142.2936,132.7489,38.0473,68.4851
140.9104,129.3346,38.8082,69.8548
138.7758,124.6667,40.3761,72.6769
137.6089,121.3790,39.5844,71.2519
138.0338,120.6724,38.8082,69.8548
138.4627,123.0413,37.3012,67.1422
136.5974,125.6872,38.8082,69.8548
135.8910,130.0955,38.8082,69.8548
136.0872,133.4175,38.8082,69.8548
137.8715,137.0896,38.0473,68.4851
139.6606,140.4272,38.0473,68.4851
142.4636,142.6165,37.3012,67.1422
145.2904,141.7956,35.8528,64.5350
147.3379,142.8764,35.1498,63.2696
147.4608,142.9353,36.5698,65.8257
150.7987,147.6897,35.1498,63.2696
152.9838,150.2427,35.1498,63.2696
151.9341,149.3055,35.8528,64.5350
