561.0000,311.0000,22.0000,51.0000
556.6507,310.3877,22.0000,51.0000
552.0496,310.3149,22.4400,52.0200
550.8041,311.5438,22.0000,51.0000
545.1153,311.5452,22.8888,53.0604
540.2983,312.5460,23.3466,54.1216
538.1089,313.1713,22.4400,52.0200
533.0870,314.4935,21.5686,50.0000
528.7167,315.3316,22.0000,51.0000
525.9738,315.6345,21.1457,49.0196
521.7751,316.3208,20.3246,47.1161
517.0828,316.6681,21.1457,49.0196
514.6251,316.7444,21.5686,50.0000
509.7532,316.8748,22.0000,51.0000
505.7224,316.7633,21.1457,49.0196
504.0648,315.9639,22.0000,51.0000
500.8848,315.4768,22.0000,51.0000
497.7550,315.9049,22.0000,51.0000
495.6879,316.1630,22.0000,51.0000
491.2081,317.3084,21.5686,50.0000
488.0334,319.1414,20.7311,48.0584
485.5154,318.6532,21.1457,49.0196
481.3760,318.5554,22.0000,51.0000
477.7527,318.7513,21.1457,49.0196
476.5287,318.3203,20.3246,47.1161
474.2019,319.4447,19.5354,45.2865
471.4834,320.1450,18.7768,43.5280
469.3289,320.0282,19.1523,44.3986
465.9897,320.5212,19.1523,44.3986
462.4554,321.2246,18.4086,42.6745
460.6071,322.0261,18.4086,42.6745
456.8528,321.3301,18.7768,43.5280
453.4204,319.1883,19.5354,45.2865
451.3093,317.5230,20.3246,47.1161
449.0946,317.3109,20.7311,48.0584
445.5750,316.3266,21.5686,50.0000
445.1013,317.3809,20.7311,48.0584
442.3853,317.6353,20.3246,47.1161
438.3800,317.8730,20.3246,47.1161
436.7791,318.6757,20.3246,47.1161
433.0460,319.9575,20.3246,47.1161
429.8146,319.4945,20.7311,48.0584
427.7470,319.3642,20.7311,48.0584
424.2200,319.8399,19.9261,46.1923
420.5635,320.3290,19.1523,44.3986
419.0730,319.8941,19.9261,46.1923
415.7655,321.2347,19.5354,45.2865
413.0628,323.5031,18.7768,43.5280
411.2099,324.5651,18.0477,41.8378
407.3724,325.9764,18.0477,41.8378
402.9705,327.1910,18.7768,43.5280
400.6816,326.8522,19.5354,45.2865
396.5476,327.1043,19.9261,46.1923
392.5758,326.9305,20.7311,48.0584
390.1830,326.9052,21.1457,49.0196
387.0671,328.1448,20.7311,48.0584
382.1803,328.6491,21.5686,50.0000
380.0802,329.3292,22.0000,51.0000
375.1298,330.5096,21.5686,50.0000
370.6365,331.2058,22.0000,51.0000
368.1252,330.7470,21.1457,49.0196
363.9036,330.5627,21.5686,50.0000
359.7521,331.4655,22.0000,51.0000
356.8852,331.0284,22.4400,52.0200
353.0012,332.4015,21.5686,50.0000
349.1704,334.1748,20.7311,48.0584
346.9575,335.0913,19.9261,46.1923
342.4659,334.5971,19.9261,46.1923
339.0669,334.5914,19.5354,45.2865
337.0275,333.6977,19.1523,44.3986
334.2020,333.3970,18.4086,42.6745
331.0762,333.7810,18.7768,43.5280
328.9577,333.5197,19.5354,45.2865
324.3962,333.6480,19.9261,46.1923
319.7019,334.0134,19.5354,45.2865
317.2041,334.2267,19.9261,46.1923
312.7153,333.4998,19.9261,46.1923
309.5186,332.9961,19.5354,45.2865
307.9539,332.5317,19.5354,45.2865
304.6255,330.9695,19.1523,44.3986
301.4424,330.7162,19.9261,46.1923
299.7190,330.9857,19.9261,46.1923
296.5939,331.1709,19.5354,45.2865
292.5746,330.5180,19.9261,46.1923
290.5600,330.0012,19.1523,44.3986
287.0689,329.5436,19.5354,45.2865
284.1417,327.9988,19.5354,45.2865
282.6466,327.8628,19.5354,45.2865
279.8006,327.0578,19.9261,46.1923
277.3930,326.9026,19.9261,46.1923
275.8202,327.2368,19.9261,46.1923
271.8705,326.7828,20.3246,47.1161
269.6618,328.4955,19.5354,45.2865
267.8097,329.2724,19.5354,45.2865
263.5693,330.0386,19.5354,45.2865
259.2561,329.8168,19.1523,44.3986
257.5444,330.3185,19.5354,45.2865
252.6236,328.9746,20.3246,47.1161
250.1285,329.9340,19.5354,45.2865
247.4825,328.6743,20.3246,47.1161
244.5333,330.3876,19.5354,45.2865
240.4654,330.4554,19.5354,45.2865
238.2565,329.9820,19.9261,46.1923
234.1332,329.0491,20.7311,48.0584
229.4211,327.8442,20.3246,47.1161
228.5428,328.7884,19.5354,45.2865
225.0165,328.3822,19.5354,45.2865
221.5902,328.6788,19.5354,45.2865
220.5875,329.3501,18.7768,43.5280
215.7071,329.4282,19.1523,44.3986
211.0578,329.6042,19.1523,44.3986
209.4477,329.8043,19.5354,45.2865
205.0013,330.2039,18.7768,43.5280
200.9470,330.7392,18.0477,41.8378
198.7856,330.2873,18.4086,42.6745
195.1694,329.7889,18.4086,42.6745
191.6981,329.6587,18.4086,42.6745
190.0697,329.8876,18.7768,43.5280
186.2153,329.9240,18.7768,43.5280
181.7285,328.4877,19.1523,44.3986
180.2287,328.4036,19.5354,45.2865
176.9472,328.4663,18.7768,43.5280
173.4298,327.7677,18.7768,43.5280
171.3116,327.0969,19.5354,45.2865
166.7350,326.0348,20.3246,47.1161
163.6597,327.4799,19.5354,45.2865
161.7525,327.8756,19.1523,44.3986
157.7746,329.0525,18.4086,42.6745
153.6655,329.1456,18.4086,42.6745
151.5573,328.8555,18.4086,42.6745
147.6918,328.7797,18.0477,41.8378
144.5806,328.9786,17.3468,40.2132
142.5374,328.9066,18.0477,41.8378
138.3665,328.6531,18.4086,42.6745
134.2451,328.2555,19.1523,44.3986
132.7013,328.2605,19.5354,45.2865
128.8923,328.4183,18.7768,43.5280
124.5471,327.1134,19.5354,45.2865
122.8874,326.9522,19.5354,45.2865
119.3001,326.2873,19.5354,45.2865
115.2884,326.0574,19.9261,46.1923
113.2159,325.3628,20.7311,48.0584
109.9529,326.5335,19.9261,46.1923
105.5873,327.2077,19.9261,46.1923
102.8568,326.3728,20.7311,48.0584
98.7108,325.6018,20.7311,48.0584
95.5282,325.9282,19.9261,46.1923
93.4708,325.7818,19.1523,44.3986
90.3725,325.2954,19.9261,46.1923
87.8134,325.0813,19.5354,45.2865
86.6485,325.7605,18.7768,43.5280
83.3027,325.4017,18.7768,43.5280
78.9592,323.7306,19.5354,45.2865
77.1094,322.7238,19.9261,46.1923
74.9480,321.6097,19.5354,45.2865
73.2189,321.8912,18.7768,43.5280
71.3019,320.7718,19.1523,44.3986
68.5048,319.5257,19.9261,46.1923
65.9121,319.3007,19.9261,46.1923
64.2931,318.6565,20.7311,48.0584
60.5515,317.5319,21.5686,50.0000
58.8666,318.5093,20.7311,48.0584
56.3610,317.9288,21.1457,49.0196
52.5745,317.8591,22.0000,51.0000
48.2048,317.0747,22.8888,53.0604
45.9849,316.3013,22.4400,52.0200
43.8235,316.1901,21.5686,50.0000
42.8662,316.5319,20.7311,48.0584
41.7102,316.3019,20.3246,47.1161
40.0685,316.0596,20.3246,47.1161
39.1284,316.0477,20.7311,48.0584
38.7168,316.0067,20.7311,48.0584
37.9721,315.9104,20.7311,48.0584
38.1673,317.3621,19.9261,46.1923
38.1029,318.0145,19.5354,45.2865
36.7501,317.0391,20.3246,47.1161
37.2750,317.9148,19.9261,46.1923
37.1262,317.9625,19.1523,44.3986
37.6775,318.9963,18.7768,43.5280
36.8535,318.7562,19.1523,44.3986
37.2105,319.9881,18.4086,42.6745
38.0370,321.3237,17.6938,41.0174
38.0433,321.1127,18.0477,41.8378
37.9893,320.7250,18.0477,41.8378
38.4544,321.4016,17.6938,41.0174
38.5899,321.2133,17.6938,41.0174
38.7668,321.3254,17.6938,41.0174
37.5616,319.7600,18.4086,42.6745
37.5620,321.1252,17.6938,41.0174
36.8915,319.9302,18.4086,42.6745
36.1898,320.3888,18.4086,42.6745
36.0432,320.6303,18.7768,43.5280
35.8198,320.5661,18.7768,43.5280
35.7271,320.3822,18.7768,43.5280
34.8783,319.3396,19.1523,44.3986
34.4720,319.0707,19.1523,44.3986
34.5499,318.9804,19.1523,44.3986
35.1808,319.2773,18.7768,43.5280
35.2361,319.1627,18.7768,43.5280
34.2793,318.0671,19.1523,44.3986
34.9867,318.5276,18.7768,43.5280
35.0383,318.5545,18.7768,43.5280
35.1009,318.5551,18.7768,43.5280
35.0473,318.2337,18.7768,43.5280
34.9758,318.1587,18.7768,43.5280
34.4619,316.9497,19.5354,45.2865
34.6228,317.3215,18.7768,43.5280
34.2564,316.3949,19.5354,45.2865
34.2136,316.1066,19.5354,45.2865
34.7024,316.5906,18.7768,43.5280
34.7121,316.3983,18.7768,43.5280
34.3498,315.5366,19.5354,45.2865
34.2260,315.6324,19.5354,45.2865
33.8434,315.1001,19.9261,46.1923
33.3516,314.6093,20.7311,48.0584
32.9820,314.1563,20.3246,47.1161
33.5855,315.1128,19.9261,46.1923
33.6050,313.9912,20.7311,48.0584
34.3515,314.7401,19.9261,46.1923
34.6526,314.7725,19.9261,46.1923
34.3748,313.9988,20.7311,48.0584
34.0301,313.2871,21.1457,49.0196
34.7495,314.2637,20.7311,48.0584
35.0265,314.1926,20.7311,48.0584
35.6929,315.0923,19.9261,46.1923
35.3330,314.3182,20.7311,48.0584
34.7721,313.4153,21.1457,49.0196
35.6275,314.3058,20.7311,48.0584
34.5709,313.1411,21.5686,50.0000
35.5508,314.1848,20.7311,48.0584
34.6780,313.3925,21.1457,49.0196
34.4217,313.0634,21.5686,50.0000
34.5418,313.2830,22.0000,51.0000
34.1345,313.5392,21.1457,49.0196
34.0054,313.4444,21.1457,49.0196
34.0296,312.8299,22.0000,51.0000
33.8543,312.6146,22.0000,51.0000
33.9022,312.5614,22.0000,51.0000
33.9557,312.4731,22.0000,51.0000
33.9745,312.1926,22.0000,51.0000
33.9004,312.1907,22.0000,51.0000
33.8344,312.2688,21.1457,49.0196
34.0832,313.0829,20.3246,47.1161
33.6584,311.9938,21.1457,49.0196
34.4782,312.8132,20.7311,48.0584
33.6173,311.9660,21.1457,49.0196
34.4310,312.8686,20.7311,48.0584
33.4558,311.9745,21.1457,49.0196
34.3699,312.9063,20.7311,48.0584
34.6719,313.7276,19.9261,46.1923
34.6005,313.6504,19.9261,46.1923
34.5214,313.7582,19.9261,46.1923
34.1221,313.1238,20.7311,48.0584
33.4770,312.3105,21.1457,49.0196
33.3602,312.2177,21.1457,49.0196
33.9342,312.9964,20.3246,47.1161
34.1612,313.1358,20.7311,48.0584
33.6591,312.4522,21.1457,49.0196
33.4099,312.2803,21.1457,49.0196
33.8825,312.8796,20.3246,47.1161
34.1474,312.8386,20.3246,47.1161
34.2154,312.8370,20.3246,47.1161
34.4139,312.5680,20.3246,47.1161
35.1830,313.3455,19.9261,46.1923
35.3152,313.1948,19.9261,46.1923
35.6343,313.0743,19.9261,46.1923
35.2990,312.4637,20.7311,48.0584
35.4379,312.5613,20.7311,48.0584
35.5893,312.7074,20.7311,48.0584
36.0600,313.4443,19.9261,46.1923
35.7207,313.0422,20.7311,48.0584
35.7064,312.7902,20.7311,48.0584
35.8719,312.9387,20.7311,48.0584
35.9476,312.9316,20.7311,48.0584
35.9426,312.9847,20.7311,48.0584
35.9664,313.0464,20.7311,48.0584
36.3029,313.8544,19.9261,46.1923
35.1648,313.4229,20.3246,47.1161
35.1640,313.7126,20.7311,48.0584
35.3479,314.7310,19.9261,46.1923
34.8977,315.3993,19.9261,46.1923
33.3540,315.6860,20.3246,47.1161
33.3920,315.9527,20.7311,48.0584
33.1635,317.9840,19.9261,46.1923
33.0647,319.5929,19.5354,45.2865
32.9639,320.8329,18.7768,43.5280
32.8952,321.5576,19.5354,45.2865
31.5590,321.2571,20.3246,47.1161
31.0595,321.0039,21.1457,49.0196
31.7873,322.5818,20.7311,48.0584
31.5605,323.0737,20.3246,47.1161
31.2964,323.3952,20.3246,47.1161
31.4495,324.4677,19.9261,46.1923
30.7473,323.7422,20.7311,48.0584
30.7714,323.6913,20.7311,48.0584
30.6667,323.2423,20.7311,48.0584
30.7556,324.3584,19.9261,46.1923
30.8942,324.5423,19.5354,45.2865
30.1253,323.8700,19.9261,46.1923
28.9383,322.5655,20.3246,47.1161
29.2790,323.5154,19.5354,45.2865
28.9694,323.0053,19.5354,45.2865
27.3093,321.0644,20.3246,47.1161
27.7907,321.9258,19.5354,45.2865
25.7540,319.7988,20.3246,47.1161
23.8910,317.8861,21.1457,49.0196
24.2997,317.8925,20.7311,48.0584
22.4486,316.1094,20.3246,47.1161
20.7488,314.7747,20.3246,47.1161
20.1083,314.3797,20.3246,47.1161
18.8630,313.9927,20.3246,47.1161
17.8540,313.6276,20.7311,48.0584
16.4904,311.7919,21.5686,50.0000
16.0404,312.4049,22.0000,51.0000
14.2750,311.4939,22.8888,53.0604
13.6038,310.9764,23.3466,54.1216
12.4182,309.7139,23.8135,55.2040
10.6933,308.9663,24.2898,56.3081
10.2588,310.0133,23.8135,55.2040
8.9324,309.5123,24.2898,56.3081
8.4000,310.0828,24.2898,56.3081
7.6914,309.9305,24.2898,56.3081
7.6460,310.6196,23.8135,55.2040
6.9825,311.1249,23.8135,55.2040
8.6553,313.0327,22.8888,53.0604
8.0089,313.1358,23.3466,54.1216
7.4089,313.4771,23.3466,54.1216
7.3903,313.9957,22.4400,52.0200
6.6231,313.6548,22.4400,52.0200
6.5373,313.4218,23.3466,54.1216
5.2131,312.3332,24.2898,56.3081
5.2728,312.5862,23.8135,55.2040
4.3604,312.5027,23.8135,55.2040
4.8140,313.5357,23.3466,54.1216
3.3922,312.1349,24.2898,56.3081
3.9787,313.7276,23.3466,54.1216
3.9940,314.6965,22.8888,53.0604
4.4119,315.2988,22.0000,51.0000
3.5103,314.5474,22.8888,53.0604
3.1242,313.9132,23.3466,54.1216
2.9255,314.0825,22.8888,53.0604
2.5255,313.7406,22.8888,53.0604
1.9513,313.5281,22.4400,52.0200
1.1937,312.9826,22.4400,52.0200
0.2484,312.6184,22.0000,51.0000
-0.9058,311.3239,22.4400,52.0200
-2.3627,311.1034,21.5686,50.0000
