129.0000,80.0000,64.0000,78.0000
127.9979,79.6221,64.0000,78.0000
126.3043,82.7497,64.0000,78.0000
124.2588,87.2153,62.7451,76.4706
121.2161,88.3727,62.7451,76.4706
119.1486,87.5625,61.5148,74.9712
117.7769,84.1661,61.5148,74.9712
116.3045,79.1748,60.3086,73.5011
115.3207,75.9106,61.5148,74.9712
114.8106,76.0719,60.3086,73.5011
112.8649,76.5291,59.1261,72.0599
106.9663,76.5239,59.1261,72.0599
101.9200,79.5743,59.1261,72.0599
94.9695,81.3482,60.3086,73.5011
91.7263,81.7122,59.1261,72.0599
89.6356,78.3020,61.5148,74.9712
90.3000,75.3105,61.5148,74.9712
92.2880,74.7646,60.3086,73.5011
94.7037,74.7410,61.5148,74.9712
96.0006,75.7231,62.7451,76.4706
97.4314,79.3460,62.7451,76.4706
98.1348,82.6754,61.5148,74.9712
98.2899,84.2723,60.3086,73.5011
98.1941,84.2511,62.7451,76.4706
96.4469,83.6938,65.2800,79.5600
100.5489,86.2876,62.7451,76.4706
102.1054,85.8929,60.3086,73.5011
103.5183,81.1149,61.5148,74.9712
105.1992,74.9085,62.7451,76.4706
111.3076,71.4454,61.5148,74.9712
115.1412,67.7584,62.7451,76.4706
116.6638,64.6167,65.2800,79.5600
121.4775,64.5551,64.0000,78.0000
125.0252,64.2103,64.0000,78.0000
127.3338,66.0562,65.2800,79.5600
130.2520,70.3858,62.7451,76.4706
130.2406,71.9144,61.5148,74.9712
128.3409,69.4074,62.7451,76.4706
127.0263,67.2399,61.5148,74.9712
123.6771,64.5107,61.5148,74.9712
117.9650,61.0982,64.0000,78.0000
113.0641,61.7451,65.2800,79.5600
106.8151,66.5658,65.2800,79.5600
102.8392,72.9093,62.7451,76.4706
97.5222,73.9063,64.0000,78.0000
93.7998,74.3979,64.0000,78.0000
90.7239,74.1512,64.0000,78.0000
87.4301,74.3499,66.5856,81.1512
86.2195,74.7085,65.2800,79.5600
84.0435,71.1609,67.9173,82.7742
84.9457,65.3795,67.9173,82.7742
86.1088,61.7869,69.2757,84.4297
91.4668,61.9481,66.5856,81.1512
94.8354,63.4806,66.5856,81.1512
97.4171,68.4293,64.0000,78.0000
98.8544,72.6037,65.2800,79.5600
102.7098,77.2477,65.2800,79.5600
106.8237,80.9127,65.2800,79.5600
108.6945,81.9927,66.5856,81.1512
112.4356,79.8950,65.2800,79.5600
119.1465,77.4842,62.7451,76.4706
120.2648,69.4760,65.2800,79.5600
122.4010,63.8185,67.9173,82.7742
122.4155,60.8448,69.2757,84.4297
125.6164,62.8610,66.5856,81.1512
126.4788,69.3400,64.0000,78.0000
121.8024,72.9453,66.5856,81.1512
119.8632,73.6402,66.5856,81.1512
118.0540,75.4465,66.5856,81.1512
117.8118,76.2562,66.5856,81.1512
116.7837,76.4949,64.0000,78.0000
118.1499,74.5581,62.7451,76.4706
116.9205,68.8629,65.2800,79.5600
117.4202,69.0874,65.2800,79.5600
118.7682,74.2720,64.0000,78.0000
119.1061,80.5296,61.5148,74.9712
117.7748,81.9159,60.3086,73.5011
115.9869,81.3500,62.7451,76.4706
115.0603,82.6854,62.7451,76.4706
114.9203,84.8413,61.5148,74.9712
112.0091,83.8396,62.7451,76.4706
109.1702,81.1617,61.5148,74.9712
105.0532,77.8608,61.5148,74.9712
104.2440,74.9413,61.5148,74.9712
104.9927,73.5895,61.5148,74.9712
103.6918,78.0536,61.5148,74.9712
103.0783,82.8651,61.5148,74.9712
104.0066,86.5554,60.3086,73.5011
105.3113,89.8098,61.5148,74.9712
107.5425,93.4555,61.5148,74.9712
110.4060,93.5499,61.5148,74.9712
111.6884,87.2432,62.7451,76.4706
115.0576,78.6102,62.7451,76.4706
117.5966,73.1218,62.7451,76.4706
119.6463,67.7047,65.2800,79.5600
123.4897,65.8287,65.2800,79.5600
125.3553,69.4584,64.0000,78.0000
128.2552,73.1471,62.7451,76.4706
129.9288,74.0934,62.7451,76.4706
129.5245,72.5858,65.2800,79.5600
131.7175,73.6719,64.0000,78.0000
133.0932,74.1132,62.7451,76.4706
133.3604,73.7182,61.5148,74.9712
133.3695,72.9432,61.5148,74.9712
133.0151,73.5546,59.1261,72.0599
132.4331,71.6288,59.1261,72.0599
131.3223,73.1114,59.1261,72.0599
127.3356,78.1885,59.1261,72.0599
125.7090,82.3568,56.8302,69.2618
121.3592,81.6451,57.9668,70.6470
116.2333,82.9172,60.3086,73.5011
112.6739,85.7850,59.1261,72.0599
108.1977,83.2227,60.3086,73.5011
108.2218,79.3494,60.3086,73.5011
108.8901,76.3446,61.5148,74.9712
111.1524,76.7160,59.1261,72.0599
109.8775,75.3703,60.3086,73.5011
110.9545,76.8461,59.1261,72.0599
109.1217,76.4044,60.3086,73.5011
109.8245,78.1646,61.5148,74.9712
112.3635,81.8832,59.1261,72.0599
112.4154,82.5965,60.3086,73.5011
113.4230,80.7883,61.5148,74.9712
115.4569,77.0966,62.7451,76.4706
116.7563,73.8416,62.7451,76.4706
118.8893,70.7279,62.7451,76.4706
120.1185,66.7042,65.2800,79.5600
124.6834,65.7446,66.5856,81.1512
127.4138,64.4875,67.9173,82.7742
129.0583,64.2804,67.9173,82.7742
130.5637,66.7972,69.2757,84.4297
132.4162,68.0347,66.5856,81.1512
132.7951,68.3138,66.5856,81.1512
131.5054,67.2068,69.2757,84.4297
131.2190,67.0904,66.5856,81.1512
128.2904,64.8237,69.2757,84.4297
128.6198,63.5701,66.5856,81.1512
127.5147,59.2489,69.2757,84.4297
129.7187,58.1376,66.5856,81.1512
127.5367,55.7129,67.9173,82.7742
126.0349,56.6600,65.2800,79.5600
123.1947,57.1404,62.7451,76.4706
123.0354,59.1905,62.7451,76.4706
119.4544,60.2157,64.0000,78.0000
115.3823,61.3898,66.5856,81.1512
113.2518,61.8363,64.0000,78.0000
112.9743,61.4242,62.7451,76.4706
111.2341,57.8799,62.7451,76.4706
107.6867,51.6007,65.2800,79.5600
106.9138,49.3734,64.0000,78.0000
108.3192,49.8667,62.7451,76.4706
107.1675,50.7387,61.5148,74.9712
107.2815,51.1705,62.7451,76.4706
107.8136,53.4876,62.7451,76.4706
108.1194,58.0776,62.7451,76.4706
107.1076,60.6615,65.2800,79.5600
109.4906,64.0398,64.0000,78.0000
109.2385,62.6767,66.5856,81.1512
111.7218,60.8947,65.2800,79.5600
110.4494,56.0724,67.9173,82.7742
108.1178,52.3295,70.6612,86.1183
106.8145,47.1672,73.5159,89.5975
109.5924,46.3179,70.6612,86.1183
107.2699,43.2257,73.5159,89.5975
105.4649,44.0399,74.9862,91.3894
104.2205,45.5027,73.5159,89.5975
102.4228,48.3454,73.5159,89.5975
102.9177,52.0820,72.0744,87.8407
102.4445,55.5204,72.0744,87.8407
103.9427,59.6060,70.6612,86.1183
107.1669,62.0483,67.9173,82.7742
105.1486,59.0397,70.6612,86.1183
105.8862,55.6808,70.6612,86.1183
107.5380,52.0404,69.2757,84.4297
108.6057,49.8953,66.5856,81.1512
107.6493,47.5809,66.5856,81.1512
107.4765,45.7495,65.2800,79.5600
107.6248,46.2865,64.0000,78.0000
107.6562,48.1185,65.2800,79.5600
110.2685,51.4000,64.0000,78.0000
110.8250,52.3354,65.2800,79.5600
111.0946,54.9662,65.2800,79.5600
110.3092,58.9908,64.0000,78.0000
106.7535,60.8186,64.0000,78.0000
103.4055,62.5461,64.0000,78.0000
101.8425,64.8426,61.5148,74.9712
98.2909,62.9712,60.3086,73.5011
96.3004,60.7580,61.5148,74.9712
93.7477,59.2646,60.3086,73.5011
90.6275,58.2595,60.3086,73.5011
88.2041,59.0739,59.1261,72.0599
87.8514,59.1425,59.1261,72.0599
88.8557,59.9067,59.1261,72.0599
90.2605,59.6962,59.1261,72.0599
92.7350,57.2919,60.3086,73.5011
96.9880,52.8289,60.3086,73.5011
99.3324,47.8573,62.7451,76.4706
102.0030,46.2635,60.3086,73.5011
102.4357,41.0371,60.3086,73.5011
108.5606,43.1040,59.1261,72.0599
114.0440,46.4042,60.3086,73.5011
116.0457,50.1901,61.5148,74.9712
121.4692,51.9893,60.3086,73.5011
126.0023,54.4111,60.3086,73.5011
128.0468,54.4389,60.3086,73.5011
131.6250,55.5255,59.1261,72.0599
131.8435,55.6572,60.3086,73.5011
132.6220,58.4229,61.5148,74.9712
134.2529,61.3405,62.7451,76.4706
136.0282,63.0478,62.7451,76.4706
138.6080,65.5587,61.5148,74.9712
138.8348,65.4758,62.7451,76.4706
139.4836,67.1809,61.5148,74.9712
134.6563,64.9404,64.0000,78.0000
127.4683,61.9046,66.5856,81.1512
122.0883,62.1063,67.9173,82.7742
116.7570,61.8017,69.2757,84.4297
110.0878,60.2280,72.0744,87.8407
104.1083,59.4529,72.0744,87.8407
103.9050,60.3404,70.6612,86.1183
100.3512,58.7513,72.0744,87.8407
96.1079,57.5595,74.9862,91.3894
95.4185,58.5720,76.4859,93.2172
97.7418,62.5914,76.4859,93.2172
99.1516,65.6307,76.4859,93.2172
104.0560,66.9824,76.4859,93.2172
105.4823,66.4477,79.5760,96.9832
112.7183,68.1988,76.4859,93.2172
118.6390,68.2717,76.4859,93.2172
123.6337,67.1614,76.4859,93.2172
127.9557,67.4218,74.9862,91.3894
131.4115,66.8718,74.9862,91.3894
131.9732,64.0991,78.0156,95.0816
136.3583,65.4988,74.9862,91.3894
138.2135,69.0563,72.0744,87.8407
135.1023,70.0076,74.9862,91.3894
135.6894,73.0577,72.0744,87.8407
136.3757,76.8688,69.2757,84.4297
136.9398,78.3837,66.5856,81.1512
136.3458,78.8647,66.5856,81.1512
137.0981,78.4270,65.2800,79.5600
137.5549,78.2991,65.2800,79.5600
137.9834,76.6517,66.5856,81.1512
142.3853,76.3451,64.0000,78.0000
143.6621,75.4905,66.5856,81.1512
144.7628,75.4785,65.2800,79.5600
149.8609,79.2093,62.7451,76.4706
147.2338,79.9151,65.2800,79.5600
146.4597,80.3351,67.9173,82.7742
146.1689,81.0600,67.9173,82.7742
143.5888,79.7680,70.6612,86.1183
140.3810,78.7385,69.2757,84.4297
136.6530,73.9171,70.6612,86.1183
132.8579,69.7209,73.5159,89.5975
130.5034,66.7090,73.5159,89.5975
129.0482,63.0675,74.9862,91.3894
128.4466,61.0041,72.0744,87.8407
128.9422,59.4730,72.0744,87.8407
127.9227,59.1275,73.5159,89.5975
130.4919,64.9115,70.6612,86.1183
129.2444,71.0597,70.6612,86.1183
127.1085,75.3165,73.5159,89.5975
128.3536,78.9526,74.9862,91.3894
129.6382,77.2023,76.4859,93.2172
132.4661,74.3088,74.9862,91.3894
132.4753,67.5885,78.0156,95.0816
133.4133,62.1605,78.0156,95.0816
135.7389,59.6699,78.0156,95.0816
137.7865,58.6811,74.9862,91.3894
137.1394,56.0104,74.9862,91.3894
135.9369,54.8963,74.9862,91.3894
135.2138,58.5010,74.9862,91.3894
134.0215,61.1953,74.9862,91.3894
135.0338,64.9828,72.0744,87.8407
134.5125,65.8431,72.0744,87.8407
130.2644,66.0869,72.0744,87.8407
125.4625,65.0668,70.6612,86.1183
120.0473,63.8656,70.6612,86.1183
113.2143,60.1935,72.0744,87.8407
108.3717,55.9773,72.0744,87.8407
99.6766,51.8197,72.0744,87.8407
95.1259,50.0755,72.0744,87.8407
90.6767,50.2394,72.0744,87.8407
88.8774,51.9336,72.0744,87.8407
85.5600,54.9330,74.9862,91.3894
84.2430,59.8464,76.4859,93.2172
84.1599,65.4638,74.9862,91.3894
83.6488,66.3441,76.4859,93.2172
87.6090,66.7869,74.9862,91.3894
93.4643,68.3759,74.9862,91.3894
98.4611,67.6382,74.9862,91.3894
103.8738,66.0085,74.9862,91.3894
112.1486,64.8457,73.5159,89.5975
112.9906,63.5918,74.9862,91.3894
113.1251,63.0008,73.5159,89.5975
109.6304,61.8535,74.9862,91.3894
104.5789,61.2468,76.4859,93.2172
99.6842,62.3494,74.9862,91.3894
91.8771,63.3618,76.4859,93.2172
81.6730,62.5498,79.5760,96.9832
70.5745,58.9876,82.7908,100.9013
64.7079,56.4907,81.1675,98.9229
57.3779,50.1451,82.7908,100.9013
51.3172,45.9061,81.1675,98.9229
47.9030,43.3382,79.5760,96.9832
45.5600,41.7134,81.1675,98.9229
47.4600,45.5278,78.0156,95.0816
43.9139,49.0614,81.1675,98.9229
44.1904,57.0775,79.5760,96.9832
38.8049,60.0365,82.7908,100.9013
38.5103,65.7532,79.5760,96.9832
32.3975,67.7436,79.5760,96.9832
25.7380,66.6536,79.5760,96.9832
17.6177,63.9683,81.1675,98.9229
12.8825,59.2265,81.1675,98.9229
14.5659,57.1775,79.5760,96.9832
12.9929,52.0072,81.1675,98.9229
15.9361,51.8285,81.1675,98.9229
23.7007,54.2796,78.0156,95.0816
28.9127,58.0734,78.0156,95.0816
31.4428,61.9394,78.0156,95.0816
33.6314,65.2030,76.4859,93.2172
40.2509,67.8910,73.5159,89.5975
43.8191,69.5628,74.9862,91.3894
49.1466,70.0254,73.5159,89.5975
54.2514,67.3316,73.5159,89.5975
58.9574,62.4537,73.5159,89.5975
61.9253,53.0313,76.4859,93.2172
71.7629,47.1328,73.5159,89.5975
80.7952,42.4450,74.9862,91.3894
89.1568,43.8347,74.9862,91.3894
92.6864,47.7997,76.4859,93.2172
93.0151,49.7902,78.0156,95.0816
94.7465,51.8551,79.5760,96.9832
98.3640,54.6820,76.4859,93.2172
97.5225,54.9446,79.5760,96.9832
95.2207,53.8760,81.1675,98.9229
92.5401,51.1443,82.7908,100.9013
93.8985,49.5814,82.7908,100.9013
93.1592,47.9595,84.4466,102.9193
93.5999,46.8563,81.1675,98.9229
93.8987,46.4318,82.7908,100.9013
89.7872,47.1690,86.1356,104.9777
90.1489,47.9495,86.1356,104.9777
91.5264,51.3259,82.7908,100.9013
90.5168,51.0293,82.7908,100.9013
91.1851,52.4450,81.1675,98.9229
89.1610,51.0219,84.4466,102.9193
92.0770,50.5753,82.7908,100.9013
96.6397,48.5297,79.5760,96.9832
98.1615,42.1311,81.1675,98.9229
103.4436,39.4949,81.1675,98.9229
106.5222,38.2638,81.1675,98.9229
108.7253,43.8213,81.1675,98.9229
111.6306,52.9864,78.0156,95.0816
109.4091,57.8955,79.5760,96.9832
111.7296,63.3682,76.4859,93.2172
111.9328,66.5216,73.5159,89.5975
108.7329,62.9202,73.5159,89.5975
106.9889,57.3612,74.9862,91.3894
112.8151,52.9157,72.0744,87.8407
118.9095,49.5428,72.0744,87.8407
122.8584,50.1012,73.5159,89.5975
124.9695,54.2647,70.6612,86.1183
126.5066,59.0921,67.9173,82.7742
124.6292,62.7609,65.2800,79.5600
117.4044,63.9906,65.2800,79.5600
113.1420,64.0380,64.0000,78.0000
109.1404,65.5632,61.5148,74.9712
98.6988,58.6358,64.0000,78.0000
96.8277,56.8348,61.5148,74.9712
93.2068,49.8497,64.0000,78.0000
96.4231,48.3343,64.0000,78.0000
99.3795,52.1482,61.5148,74.9712
96.6802,53.0110,64.0000,78.0000
95.9685,54.8735,65.2800,79.5600
96.1061,57.2683,65.2800,79.5600
95.3063,58.7569,64.0000,78.0000
92.5263,59.8310,64.0000,78.0000
91.9103,61.5960,62.7451,76.4706
89.1122,58.7279,62.7451,76.4706
90.7339,54.3212,64.0000,78.0000
96.4534,53.7211,61.5148,74.9712
97.6252,50.9835,64.0000,78.0000
106.9531,55.1833,64.0000,78.0000
113.1759,59.8712,62.7451,76.4706
119.4724,60.8731,62.7451,76.4706
128.3796,59.1142,61.5148,74.9712
130.0485,55.2514,64.0000,78.0000
133.3569,53.3049,64.0000,78.0000
135.0664,52.0320,64.0000,78.0000
139.0629,52.8102,61.5148,74.9712
139.2177,48.8869,61.5148,74.9712
140.8703,45.7765,60.3086,73.5011
142.4552,44.8061,59.1261,72.0599
142.3313,44.7421,57.9668,70.6470
143.8421,47.4999,55.7159,67.9037
147.9540,55.4144,54.6234,66.5722
142.9460,60.8401,56.8302,69.2618
138.6007,64.4669,57.9668,70.6470
135.2349,67.5991,56.8302,69.2618
131.3935,68.9832,54.6234,66.5722
124.9773,63.1404,56.8302,69.2618
124.0328,58.6087,56.8302,69.2618
127.0058,52.1279,59.1261,72.0599
129.5551,51.8638,57.9668,70.6470
131.5179,54.2861,56.8302,69.2618
131.1089,57.3893,56.8302,69.2618
131.7389,60.2862,57.9668,70.6470
132.6200,61.9943,57.9668,70.6470
133.7913,63.8638,56.8302,69.2618
135.3296,65.9072,56.8302,69.2618
137.9715,69.0178,54.6234,66.5722
141.7270,71.1280,52.5023,63.9872
144.4402,65.7050,52.5023,63.9872
143.0009,62.7860,51.4728,62.7325
145.8412,63.0300,51.4728,62.7325
148.5726,66.7641,51.4728,62.7325
148.0537,71.0648,51.4728,62.7325
146.8003,74.8084,49.4741,60.2965
144.5512,78.3455,47.5529,57.9551
141.2601,79.4137,46.6205,56.8188
138.4782,78.0896,47.5529,57.9551
138.2624,76.7807,46.6205,56.8188
136.3757,75.1483,44.8102,54.6124
131.7992,71.7197,46.6205,56.8188
127.2713,69.5666,45.7064,55.7047
124.5456,68.1485,47.5529,57.9551
120.3146,61.5086,49.4741,60.2965
120.7012,57.1105,47.5529,57.9551
117.1419,55.5113,49.4741,60.2965
115.0162,60.1657,49.4741,60.2965
115.3240,63.3003,48.5040,59.1143
116.2163,65.4879,47.5529,57.9551
112.0704,67.7706,49.4741,60.2965
112.2549,71.4421,47.5529,57.9551
109.8365,70.7252,49.4741,60.2965
108.7913,70.5309,49.4741,60.2965
111.4901,70.1658,49.4741,60.2965
117.2472,70.6180,49.4741,60.2965
123.3781,71.6603,49.4741,60.2965
132.3646,72.4120,48.5040,59.1143
137.2756,71.2107,49.4741,60.2965
141.4652,71.0061,49.4741,60.2965
144.5219,73.8703,47.5529,57.9551
142.6921,75.0873,47.5529,57.9551
142.4738,73.2023,49.4741,60.2965
146.2888,70.2094,49.4741,60.2965
147.3453,70.7297,47.5529,57.9551
146.7577,70.2449,45.7064,55.7047
141.7301,70.5875,44.8102,54.6124
136.5498,66.3995,43.0702,52.4918
140.1086,68.2093,41.3977,50.4534
139.7223,71.7694,39.7902,48.4943
139.7283,73.2898,41.3977,50.4534
139.3393,78.1961,41.3977,50.4534
139.9376,79.1163,40.5860,49.4642
145.5853,80.3836,40.5860,49.4642
149.0844,82.3040,40.5860,49.4642
149.9968,83.2715,39.7902,48.4943
152.9978,85.4704,38.2451,46.6112
153.6363,85.8224,36.7600,44.8012
152.2331,85.5853,35.3325,43.0615
152.5216,84.9118,36.0392,43.9228
151.5622,85.4136,35.3325,43.0615
148.5244,85.6777,36.7600,44.8012
145.4792,85.4093,35.3325,43.0615
143.0141,83.2668,35.3325,43.0615
141.1943,82.2832,33.9605,41.3894
135.5284,81.5685,34.6397,42.2172
130.3842,80.7035,36.0392,43.9228
128.3840,81.4086,34.6397,42.2172
125.5405,80.3852,34.6397,42.2172
124.4396,80.9039,35.3325,43.0615
122.0017,80.0877,36.0392,43.9228
120.9936,79.2036,37.4952,45.6972
121.5121,76.8807,37.4952,45.6972
122.8848,75.7230,39.0100,47.5434
123.6991,73.3946,40.5860,49.4642
125.5739,73.0591,40.5860,49.4642
126.5285,71.4921,42.2257,51.4625
126.5339,70.5532,43.0702,52.4918
124.6338,71.2831,44.8102,54.6124
120.8709,71.0329,43.9316,53.5416
120.4478,69.8716,43.9316,53.5416
118.5957,67.7175,45.7064,55.7047
118.4031,66.0735,47.5529,57.9551
119.0845,65.3470,47.5529,57.9551
120.3137,64.1605,47.5529,57.9551
119.9817,63.2798,45.7064,55.7047
122.5891,61.7163,46.6205,56.8188
125.1744,61.4303,44.8102,54.6124
124.6685,59.9343,46.6205,56.8188
116.5164,55.4511,48.5040,59.1143
115.1894,54.3709,49.4741,60.2965
114.1829,56.3882,48.5040,59.1143
108.3397,57.0132,50.4636,61.5025
107.1490,59.4442,50.4636,61.5025
103.0622,58.0141,50.4636,61.5025
106.0305,59.0684,50.4636,61.5025
104.7406,55.4745,52.5023,63.9872
109.7676,53.4010,54.6234,66.5722
111.5651,47.4708,55.7159,67.9037
114.2931,45.7442,55.7159,67.9037
118.0089,45.2166,57.9668,70.6470
122.6195,46.9819,57.9668,70.6470
123.3709,47.9862,59.1261,72.0599
128.6193,49.3854,57.9668,70.6470
131.9740,48.2777,56.8302,69.2618
130.6140,42.9817,57.9668,70.6470
132.2757,39.9235,57.9668,70.6470
135.5302,38.7577,56.8302,69.2618
139.4132,38.8737,56.8302,69.2618
138.6935,43.8267,54.6234,66.5722
137.0685,48.6271,55.7159,67.9037
135.0342,54.5749,54.6234,66.5722
128.3031,58.4311,53.5523,65.2669
121.6385,60.5734,53.5523,65.2669
113.3985,59.7527,55.7159,67.9037
105.1495,57.5457,55.7159,67.9037
106.7649,59.5747,54.6234,66.5722
102.3631,55.5814,55.7159,67.9037
100.1581,50.9296,56.8302,69.2618
102.5052,51.0901,57.9668,70.6470
104.5112,52.7303,57.9668,70.6470
107.2475,53.2256,57.9668,70.6470
109.3654,54.4761,60.3086,73.5011
111.3578,57.1778,61.5148,74.9712
113.0698,59.7617,62.7451,76.4706
118.5072,63.6274,60.3086,73.5011
121.0148,65.0639,60.3086,73.5011
123.6608,62.8518,61.5148,74.9712
125.4177,57.2712,60.3086,73.5011
124.1694,53.0125,62.7451,76.4706
123.7083,51.3468,64.0000,78.0000
124.0261,51.6991,66.5856,81.1512
126.1216,55.2917,64.0000,78.0000
124.7626,55.0570,65.2800,79.5600
121.9223,52.7997,67.9173,82.7742
119.8745,49.5872,67.9173,82.7742
116.6478,44.8404,70.6612,86.1183
115.1609,40.9528,69.2757,84.4297
115.5578,37.8484,66.5856,81.1512
108.8664,31.2702,69.2757,84.4297
107.9041,33.5308,69.2757,84.4297
100.8781,35.9648,72.0744,87.8407
98.4575,38.5967,69.2757,84.4297
96.7404,38.9037,67.9173,82.7742
97.1821,39.4934,69.2757,84.4297
99.6084,40.9295,66.5856,81.1512
98.7153,41.8204,66.5856,81.1512
97.4477,42.1130,66.5856,81.1512
97.6165,42.6556,64.0000,78.0000
99.5427,40.5980,64.0000,78.0000
103.4892,43.0003,62.7451,76.4706
106.6137,46.7423,60.3086,73.5011
109.5337,52.3042,57.9668,70.6470
108.2021,55.7878,60.3086,73.5011
107.6670,58.9061,60.3086,73.5011
110.7878,62.8205,57.9668,70.6470
106.3160,60.3356,60.3086,73.5011
108.3412,54.5937,59.1261,72.0599
109.8312,45.6732,60.3086,73.5011
112.3421,39.2244,62.7451,76.4706
115.6274,42.7179,62.7451,76.4706
118.2672,48.0703,61.5148,74.9712
117.5354,52.3140,62.7451,76.4706
117.1101,54.6977,61.5148,74.9712
115.0162,56.3567,62.7451,76.4706
115.0324,58.7258,61.5148,74.9712
114.6484,59.4669,60.3086,73.5011
114.7782,57.0214,60.3086,73.5011
117.8458,57.0524,59.1261,72.0599
117.6087,57.0327,60.3086,73.5011
114.5962,57.6503,57.9668,70.6470
110.3788,58.0492,57.9668,70.6470
108.5749,58.9901,56.8302,69.2618
104.2089,59.5313,56.8302,69.2618
97.5084,57.6710,57.9668,70.6470
92.6996,56.3048,57.9668,70.6470
88.2738,56.0669,56.8302,69.2618
84.9192,55.9300,55.7159,67.9037
87.8187,54.5002,56.8302,69.2618
88.5840,51.7056,57.9668,70.6470
89.7416,46.8582,57.9668,70.6470
94.1901,46.8827,57.9668,70.6470
98.5216,51.9436,55.7159,67.9037
100.7105,56.8904,56.8302,69.2618
105.3837,61.5747,55.7159,67.9037
111.3347,62.8881,55.7159,67.9037
118.4334,59.8013,55.7159,67.9037
125.4309,57.2923,53.5523,65.2669
128.6537,52.5382,53.5523,65.2669
130.7108,49.1726,54.6234,66.5722
133.2534,46.2882,54.6234,66.5722
135.6226,45.6736,53.5523,65.2669
135.8993,45.8298,54.6234,66.5722
133.6868,45.6812,55.7159,67.9037
134.1375,47.6893,55.7159,67.9037
132.1798,49.7056,56.8302,69.2618
128.8160,51.8823,56.8302,69.2618
125.9462,52.8711,55.7159,67.9037
125.3045,53.1253,56.8302,69.2618
123.5440,54.1483,54.6234,66.5722
122.0175,51.5170,55.7159,67.9037
121.0775,49.7745,55.7159,67.9037
120.4701,50.3453,55.7159,67.9037
119.2949,51.2970,56.8302,69.2618
119.0334,51.5555,56.8302,69.2618
118.2214,52.6478,57.9668,70.6470
119.1043,52.4455,60.3086,73.5011
123.2216,54.3918,57.9668,70.6470
123.4622,54.5210,57.9668,70.6470
123.0146,55.4461,57.9668,70.6470
125.7202,57.2958,56.8302,69.2618
125.2032,59.9471,55.7159,67.9037
122.3869,66.8714,53.5523,65.2669
122.2681,70.5603,54.6234,66.5722
123.2751,73.5908,54.6234,66.5722
123.8376,77.5821,53.5523,65.2669
118.9415,77.9709,55.7159,67.9037
116.3063,77.3474,54.6234,66.5722
114.9692,74.5740,55.7159,67.9037
115.1002,72.1617,57.9668,70.6470
112.5165,69.7596,57.9668,70.6470
114.0558,65.8280,57.9668,70.6470
116.7821,65.0225,57.9668,70.6470
119.5316,65.0858,57.9668,70.6470
122.8786,64.8257,59.1261,72.0599
127.8879,66.8675,56.8302,69.2618
130.0421,67.4129,55.7159,67.9037
132.9803,67.4718,55.7159,67.9037
135.0038,66.2139,55.7159,67.9037
135.3618,61.9683,55.7159,67.9037
135.7714,61.0551,54.6234,66.5722
132.5644,59.4060,54.6234,66.5722
127.2551,55.8561,55.7159,67.9037
122.2056,56.2334,56.8302,69.2618
116.8866,59.5817,56.8302,69.2618
113.0513,62.7422,55.7159,67.9037
107.6618,63.6705,56.8302,69.2618
104.4386,65.6193,56.8302,69.2618
100.0448,67.1606,55.7159,67.9037
95.5196,67.1782,55.7159,67.9037
96.2109,67.9084,54.6234,66.5722
92.7077,65.8662,54.6234,66.5722
93.3218,61.3532,54.6234,66.5722
96.0151,60.0479,54.6234,66.5722
97.3952,60.2539,55.7159,67.9037
101.5255,65.8243,54.6234,66.5722
106.6613,70.7729,52.5023,63.9872
112.7548,76.4223,52.5023,63.9872
117.5441,79.4971,52.5023,63.9872
123.2631,79.2622,52.5023,63.9872
127.8673,78.9260,50.4636,61.5025
133.1333,75.4687,52.5023,63.9872
141.3909,74.4094,50.4636,61.5025
143.7137,74.2656,51.4728,62.7325
146.4819,77.0409,51.4728,62.7325
148.8284,80.6485,51.4728,62.7325
148.9355,83.0653,51.4728,62.7325
146.5488,83.9506,51.4728,62.7325
144.0556,83.8263,50.4636,61.5025
139.6336,82.3022,50.4636,61.5025
136.6382,77.8714,51.4728,62.7325
135.8664,78.5665,50.4636,61.5025
132.5048,78.8636,49.4741,60.2965
130.8107,77.6957,50.4636,61.5025
131.7276,77.1341,49.4741,60.2965
128.6301,76.4460,51.4728,62.7325
127.9687,78.9952,50.4636,61.5025
123.4424,79.0653,52.5023,63.9872
122.2790,79.4453,50.4636,61.5025
119.9555,77.7743,52.5023,63.9872
120.4633,78.9785,50.4636,61.5025
118.4812,77.4655,52.5023,63.9872
118.9809,75.2992,52.5023,63.9872
120.7857,73.2584,51.4728,62.7325
122.4033,72.2571,51.4728,62.7325
125.2420,71.7144,51.4728,62.7325
129.7816,73.5342,51.4728,62.7325
135.3775,76.6267,52.5023,63.9872
139.5862,79.5733,51.4728,62.7325
141.1131,81.7401,52.5023,63.9872
142.3060,82.3658,53.5523,65.2669
143.7146,82.6609,53.5523,65.2669
143.7681,79.4202,55.7159,67.9037
146.6446,78.2586,53.5523,65.2669
146.5497,76.7013,53.5523,65.2669
148.1613,76.0557,52.5023,63.9872
147.9849,74.5849,53.5523,65.2669
150.3189,74.3262,52.5023,63.9872
149.9812,70.3183,53.5523,65.2669
154.0690,68.9684,52.5023,63.9872
156.9657,68.7884,53.5523,65.2669
158.3731,71.3772,52.5023,63.9872
157.9648,74.1354,53.5523,65.2669
160.7159,75.7193,53.5523,65.2669
160.1405,78.4484,53.5523,65.2669
159.6009,78.6082,51.4728,62.7325
157.3089,79.5705,51.4728,62.7325
155.0642,78.8317,51.4728,62.7325
152.7517,76.9864,51.4728,62.7325
147.0457,75.6886,52.5023,63.9872
143.0428,74.8221,54.6234,66.5722
145.4051,77.4791,52.5023,63.9872
144.4311,77.5140,52.5023,63.9872
144.8251,79.0429,50.4636,61.5025
141.9757,77.0828,52.5023,63.9872
139.0611,75.2509,51.4728,62.7325
134.9827,71.6506,52.5023,63.9872
136.1060,68.6979,50.4636,61.5025
134.9581,64.9718,51.4728,62.7325
131.0371,63.2199,51.4728,62.7325
137.5612,62.5349,52.5023,63.9872
141.0064,64.1233,51.4728,62.7325
145.4840,67.3936,52.5023,63.9872
147.6612,68.8619,54.6234,66.5722
149.3670,70.8004,53.5523,65.2669
154.1231,71.1338,51.4728,62.7325
157.0242,71.4444,49.4741,60.2965
155.0255,69.9605,51.4728,62.7325
151.8689,69.1423,51.4728,62.7325
149.2641,66.8629,52.5023,63.9872
148.9842,64.3033,53.5523,65.2669
146.6863,64.7337,53.5523,65.2669
144.1863,67.6532,52.5023,63.9872
142.5239,70.9066,53.5523,65.2669
141.2197,74.8400,52.5023,63.9872
138.8697,76.2275,52.5023,63.9872
133.8908,74.8420,51.4728,62.7325
128.4693,73.1440,51.4728,62.7325
126.5754,71.0036,52.5023,63.9872
123.5624,69.3959,51.4728,62.7325
120.4327,68.2751,52.5023,63.9872
119.2229,67.5366,52.5023,63.9872
116.4326,67.7110,52.5023,63.9872
116.4583,69.2020,50.4636,61.5025
115.4978,70.1584,51.4728,62.7325
116.8539,71.1371,52.5023,63.9872
120.3340,71.1519,51.4728,62.7325
124.5529,70.9878,51.4728,62.7325
129.5717,71.2541,52.5023,63.9872
135.8605,71.9475,50.4636,61.5025
140.7014,69.9706,49.4741,60.2965
141.7070,68.1369,51.4728,62.7325
145.0323,66.5511,51.4728,62.7325
147.1497,67.2979,51.4728,62.7325
149.6926,71.0850,50.4636,61.5025
149.2456,74.9892,50.4636,61.5025
149.8937,78.2217,48.5040,59.1143
149.0303,82.2310,47.5529,57.9551
147.1402,84.4444,47.5529,57.9551
145.7452,85.9004,47.5529,57.9551
141.9625,84.4769,48.5040,59.1143
136.7092,80.2787,49.4741,60.2965
137.7096,77.8032,47.5529,57.9551
132.1862,75.2926,48.5040,59.1143
128.6504,75.1161,49.4741,60.2965
124.1447,78.5955,48.5040,59.1143
120.9743,80.4144,50.4636,61.5025
120.3615,80.0971,49.4741,60.2965
118.4965,78.4359,50.4636,61.5025
114.9847,77.2471,51.4728,62.7325
113.5599,77.1169,52.5023,63.9872
111.5890,77.2134,52.5023,63.9872
109.4063,76.5226,52.5023,63.9872
107.4280,76.3497,52.5023,63.9872
104.7890,75.6520,52.5023,63.9872
103.5071,74.5425,50.4636,61.5025
