123.0000,87.0000,132.0000,176.0000
122.8958,86.2715,132.0000,176.0000
123.6041,86.1132,132.0000,176.0000
124.3283,86.4007,132.0000,176.0000
124.5447,86.9478,132.0000,176.0000
123.3075,83.2023,137.3328,183.1104
126.7093,86.8806,132.0000,176.0000
128.4063,86.7665,132.0000,176.0000
129.2938,85.1411,134.6400,179.5200
130.0604,85.6638,134.6400,179.5200
132.0015,86.8115,132.0000,176.0000
134.8108,88.3507,129.4118,172.5490
134.9268,86.3015,132.0000,176.0000
137.0481,85.6579,132.0000,176.0000
137.4621,84.2767,134.6400,179.5200
138.8630,84.4151,134.6400,179.5200
140.3413,83.9647,134.6400,179.5200
141.9467,85.3297,132.0000,176.0000
142.1381,83.5329,134.6400,179.5200
143.0642,83.1702,134.6400,179.5200
141.4294,80.9978,137.3328,183.1104
143.4965,84.2178,132.0000,176.0000
142.2277,82.5791,134.6400,179.5200
141.1656,82.4509,134.6400,179.5200
139.4301,82.7558,132.0000,176.0000
137.3472,82.8582,132.0000,176.0000
134.9782,82.7709,132.0000,176.0000
132.4331,80.8308,134.6400,179.5200
132.4237,81.7073,132.0000,176.0000
130.7573,80.7725,134.6400,179.5200
131.7603,82.1807,132.0000,176.0000
130.1332,80.7641,134.6400,179.5200
131.6594,82.2724,132.0000,176.0000
130.1490,79.2743,137.3328,183.1104
133.1310,81.6400,134.6400,179.5200
132.6042,79.8247,137.3328,183.1104
133.1733,79.9088,137.3328,183.1104
134.4001,80.3832,137.3328,183.1104
135.4952,80.6813,137.3328,183.1104
135.6686,80.7077,137.3328,183.1104
136.4848,81.1045,137.3328,183.1104
137.7859,80.5033,137.3328,183.1104
137.8672,80.7785,137.3328,183.1104
138.5783,80.4313,137.3328,183.1104
139.6493,80.5729,137.3328,183.1104
140.9703,80.9956,137.3328,183.1104
140.6895,79.0005,140.0795,186.7726
142.2693,79.7618,137.3328,183.1104
142.5035,78.5012,140.0795,186.7726
143.3486,77.8995,140.0795,186.7726
146.9789,81.5074,134.6400,179.5200
146.5911,79.0726,137.3328,183.1104
146.6721,77.2160,140.0795,186.7726
146.4009,74.9388,142.8810,190.5081
146.9595,74.5651,142.8810,190.5081
149.6089,78.3992,137.3328,183.1104
150.1762,78.2067,137.3328,183.1104
148.1058,73.7794,142.8810,190.5081
149.5780,76.2573,140.0795,186.7726
148.5947,73.8684,142.8810,190.5081
147.9241,73.3653,142.8810,190.5081
147.4443,73.1519,142.8810,190.5081
148.2730,75.0261,140.0795,186.7726
147.5183,75.5405,140.0795,186.7726
146.7591,75.9059,140.0795,186.7726
145.8467,75.9388,140.0795,186.7726
145.2174,75.8739,140.0795,186.7726
142.4024,73.2716,142.8810,190.5081
143.9619,75.2456,140.0795,186.7726
144.6628,76.8247,137.3328,183.1104
143.2452,74.8586,140.0795,186.7726
143.4706,74.8899,140.0795,186.7726
144.0466,74.6058,140.0795,186.7726
144.3726,74.2795,140.0795,186.7726
143.3151,71.4308,142.8810,190.5081
145.5458,73.8368,140.0795,186.7726
146.4961,73.4955,140.0795,186.7726
146.9556,73.2462,140.0795,186.7726
147.1557,72.8593,140.0795,186.7726
145.8201,69.1136,145.7387,194.3182
149.4092,73.4803,140.0795,186.7726
150.0090,73.4423,140.0795,186.7726
151.2958,74.1632,140.0795,186.7726
151.8923,75.1453,140.0795,186.7726
152.4175,75.5953,140.0795,186.7726
153.4872,76.1098,140.0795,186.7726
154.2226,76.7545,140.0795,186.7726
154.2369,78.1014,140.0795,186.7726
154.7307,77.9745,140.0795,186.7726
156.0210,78.1109,140.0795,186.7726
156.6158,77.9629,140.0795,186.7726
157.3352,78.2145,140.0795,186.7726
157.4053,79.0397,140.0795,186.7726
157.6749,79.6265,140.0795,186.7726
158.3498,79.3031,140.0795,186.7726
158.6835,79.7677,140.0795,186.7726
159.0917,79.9435,140.0795,186.7726
157.0248,77.9501,142.8810,190.5081
158.5272,80.0194,140.0795,186.7726
155.8677,75.9315,145.7387,194.3182
156.6509,76.8017,142.8810,190.5081
157.4349,79.1352,140.0795,186.7726
155.8035,76.3023,142.8810,190.5081
155.5018,76.1242,142.8810,190.5081
157.5612,78.7696,140.0795,186.7726
154.3646,75.2227,145.7387,194.3182
155.6307,76.2664,142.8810,190.5081
157.2375,78.4904,140.0795,186.7726
157.2691,78.3663,140.0795,186.7726
157.0321,78.3238,140.0795,186.7726
157.6517,78.2742,140.0795,186.7726
159.2468,79.7586,137.3328,183.1104
159.8636,79.5685,137.3328,183.1104
161.3514,79.3482,137.3328,183.1104
162.2981,79.2026,137.3328,183.1104
163.0865,77.8043,140.0795,186.7726
166.6978,78.5571,137.3328,183.1104
168.5822,78.2410,137.3328,183.1104
171.1009,77.9337,137.3328,183.1104
176.8552,80.4971,132.0000,176.0000
176.7805,76.0165,137.3328,183.1104
180.5747,75.4608,137.3328,183.1104
186.4681,76.8496,134.6400,179.5200
187.0767,72.4305,140.0795,186.7726
193.5739,74.8733,134.6400,179.5200
197.8709,74.2979,132.0000,176.0000
199.4674,70.0671,137.3328,183.1104
205.1650,71.1826,134.6400,179.5200
205.6525,66.5140,140.0795,186.7726
212.5421,69.2114,134.6400,179.5200
218.7435,70.8033,129.4118,172.5490
220.8924,66.7923,134.6400,179.5200
225.3776,66.8553,132.0000,176.0000
230.5082,67.8416,129.4118,172.5490
233.3610,64.2643,134.6400,179.5200
237.6366,64.1285,134.6400,179.5200
242.8587,66.5159,129.4118,172.5490
248.1749,67.5261,129.4118,172.5490
251.8629,66.7802,132.0000,176.0000
257.1294,70.2913,126.8743,169.1657
258.3690,67.6511,132.0000,176.0000
262.0309,68.8325,132.0000,176.0000
265.3694,67.7295,134.6400,179.5200
269.1444,67.9384,134.6400,179.5200
276.2234,71.8924,129.4118,172.5490
278.5311,69.8841,134.6400,179.5200
285.1053,72.6470,132.0000,176.0000
293.6967,76.5479,126.8743,169.1657
295.6060,74.3053,132.0000,176.0000
300.3804,75.0551,132.0000,176.0000
305.2894,74.2768,134.6400,179.5200
311.5452,76.1946,132.0000,176.0000
318.9093,75.9245,132.0000,176.0000
326.2376,75.5130,132.0000,176.0000
334.8990,77.8011,126.8743,169.1657
340.5932,76.1111,129.4118,172.5490
346.5422,73.7654,132.0000,176.0000
354.3234,76.2959,126.8743,169.1657
360.6295,74.8407,129.4118,172.5490
367.6387,74.6656,126.8743,169.1657
371.9940,71.0642,132.0000,176.0000
379.4987,73.8375,126.8743,169.1657
383.9784,69.8528,132.0000,176.0000
388.1588,69.6218,132.0000,176.0000
394.0001,70.8018,129.4118,172.5490
397.3282,69.1477,132.0000,176.0000
401.6675,70.6894,129.4118,172.5490
405.2484,72.4914,126.8743,169.1657
409.5364,74.7466,124.3865,165.8487
411.5193,75.8341,124.3865,165.8487
412.0061,74.7880,126.8743,169.1657
411.8461,72.0200,132.0000,176.0000
414.6293,76.2543,129.4118,172.5490
417.1412,79.6362,126.8743,169.1657
417.7820,79.3997,129.4118,172.5490
417.2598,78.5580,132.0000,176.0000
418.9096,81.5240,129.4118,172.5490
418.1537,82.4309,129.4118,172.5490
417.7971,82.7440,129.4118,172.5490
415.8577,81.8121,132.0000,176.0000
416.5153,86.3596,126.8743,169.1657
415.2021,86.7685,126.8743,169.1657
411.1635,84.8895,129.4118,172.5490
408.6628,84.5085,129.4118,172.5490
406.9050,84.6790,129.4118,172.5490
405.7362,86.1388,126.8743,169.1657
403.4059,84.8847,129.4118,172.5490
400.9389,82.7702,132.0000,176.0000
401.6587,85.9242,126.8743,169.1657
401.6214,87.9403,124.3865,165.8487
399.0753,85.9292,126.8743,169.1657
395.7990,84.2420,129.4118,172.5490
395.0248,85.6362,126.8743,169.1657
391.7362,82.3188,132.0000,176.0000
392.4224,86.8816,126.8743,169.1657
390.9647,84.6767,129.4118,172.5490
389.3516,83.0661,132.0000,176.0000
388.8673,84.8290,132.0000,176.0000
388.6243,85.4891,132.0000,176.0000
387.6212,85.6808,134.6400,179.5200
386.7980,87.9435,134.6400,179.5200
385.7846,90.3313,134.6400,179.5200
386.3043,96.4158,129.4118,172.5490
381.9959,97.7978,134.6400,179.5200
378.9657,102.8808,132.0000,176.0000
377.3940,108.9160,129.4118,172.5490
372.6554,109.4538,134.6400,179.5200
367.5152,112.4151,137.3328,183.1104
365.8954,116.3381,137.3328,183.1104
363.4586,120.4535,137.3328,183.1104
361.4516,120.4679,140.0795,186.7726
363.8732,120.4503,140.0795,186.7726
364.9944,123.7965,137.3328,183.1104
365.4939,130.1021,132.0000,176.0000
367.2605,136.5462,126.8743,169.1657
363.3374,133.9570,132.0000,176.0000
363.7401,137.8529,129.4118,172.5490
360.6328,138.6923,132.0000,176.0000
358.1975,138.1636,134.6400,179.5200
357.4776,138.9716,134.6400,179.5200
359.0008,144.0515,129.4118,172.5490
356.3823,142.9203,134.6400,179.5200
357.0490,148.2188,129.4118,172.5490
357.7078,150.9669,126.8743,169.1657
355.2291,149.7349,132.0000,176.0000
355.3226,152.2008,132.0000,176.0000
355.0469,154.3578,132.0000,176.0000
355.6171,155.6234,132.0000,176.0000
357.0234,159.0294,129.4118,172.5490
354.6271,158.2011,134.6400,179.5200
356.3764,161.3064,132.0000,176.0000
357.6160,164.2312,129.4118,172.5490
355.7166,164.4029,132.0000,176.0000
355.9766,164.9146,132.0000,176.0000
354.8191,163.4229,134.6400,179.5200
354.6961,163.7594,134.6400,179.5200
355.1474,165.5677,132.0000,176.0000
353.9913,164.5475,134.6400,179.5200
355.7478,168.0909,129.4118,172.5490
355.2225,168.2250,129.4118,172.5490
352.4740,165.5486,134.6400,179.5200
353.7615,168.4025,129.4118,172.5490
352.7776,168.6770,129.4118,172.5490
351.8596,168.8950,129.4118,172.5490
350.2524,167.6121,129.4118,172.5490
348.0183,165.4521,132.0000,176.0000
346.4856,162.7134,134.6400,179.5200
346.3763,162.5341,132.0000,176.0000
348.5656,164.4332,126.8743,169.1657
346.5254,160.8983,129.4118,172.5490
343.6159,157.5298,134.6400,179.5200
345.4316,158.7455,129.4118,172.5490
343.0942,156.2296,132.0000,176.0000
342.2750,155.0731,132.0000,176.0000
339.6294,152.7950,134.6400,179.5200
339.5474,153.0664,132.0000,176.0000
337.2447,151.4769,134.6400,179.5200
335.0838,151.4095,134.6400,179.5200
333.4584,151.0307,134.6400,179.5200
328.6903,147.5104,140.0795,186.7726
325.4634,147.4139,140.0795,186.7726
320.0846,146.0092,142.8810,190.5081
319.0938,148.9809,140.0795,186.7726
315.5596,149.3652,140.0795,186.7726
311.9110,151.0433,140.0795,186.7726
310.5920,155.9197,134.6400,179.5200
306.1669,155.3833,137.3328,183.1104
299.9076,154.1514,142.8810,190.5081
295.0453,153.8164,145.7387,194.3182
291.8547,154.7425,145.7387,194.3182
290.2400,157.3844,142.8810,190.5081
289.9399,160.9373,137.3328,183.1104
287.1366,160.5629,137.3328,183.1104
279.7672,157.1315,142.8810,190.5081
275.1913,155.7834,142.8810,190.5081
273.7133,156.9150,140.0795,186.7726
265.9823,153.4668,142.8810,190.5081
260.9289,152.0174,142.8810,190.5081
255.0370,150.7689,142.8810,190.5081
250.2589,149.0266,142.8810,190.5081
245.2526,147.4256,142.8810,190.5081
241.6296,145.1143,142.8810,190.5081
237.9127,143.8648,142.8810,190.5081
230.6027,138.4098,148.6534,198.2046
225.2894,133.9144,151.6265,202.1687
218.4696,127.5376,157.7522,210.3363
214.8707,124.8853,157.7522,210.3363
214.8468,124.7394,154.6590,206.2121
211.2998,121.9749,154.6590,206.2121
209.2254,120.4185,151.6265,202.1687
206.9721,118.1638,151.6265,202.1687
199.9553,112.0849,157.7522,210.3363
202.0393,113.7678,151.6265,202.1687
196.6337,107.9538,157.7522,210.3363
194.9848,106.2732,157.7522,210.3363
193.8478,104.4092,157.7522,210.3363
195.0646,105.5052,154.6590,206.2121
189.2880,101.3867,160.9073,214.5430
191.1795,104.0363,154.6590,206.2121
190.3698,105.3206,151.6265,202.1687
188.8870,104.3128,151.6265,202.1687
186.5786,104.1309,151.6265,202.1687
184.1665,102.4515,154.6590,206.2121
182.7450,103.7452,151.6265,202.1687
181.8379,104.3615,148.6534,198.2046
179.6963,104.0196,148.6534,198.2046
175.8441,102.4217,151.6265,202.1687
174.7964,102.7098,148.6534,198.2046
173.4205,101.5642,148.6534,198.2046
172.8976,102.1960,145.7387,194.3182
169.3237,98.9741,148.6534,198.2046
167.5957,98.0927,148.6534,198.2046
167.3986,98.0989,145.7387,194.3182
165.1322,95.6539,148.6534,198.2046
161.8821,92.6431,151.6265,202.1687
163.9362,95.1751,145.7387,194.3182
162.5824,94.5457,145.7387,194.3182
160.9190,93.8362,145.7387,194.3182
160.4021,94.0071,142.8810,190.5081
157.5182,91.1044,145.7387,194.3182
155.4371,89.9958,145.7387,194.3182
152.5746,87.4942,148.6534,198.2046
152.8027,88.1352,145.7387,194.3182
151.4690,85.5740,148.6534,198.2046
150.5688,84.9860,148.6534,198.2046
149.8091,84.1736,148.6534,198.2046
149.5732,82.9445,148.6534,198.2046
150.8972,83.7676,145.7387,194.3182
149.6262,80.7214,148.6534,198.2046
148.7507,78.5415,148.6534,198.2046
149.7631,79.3690,145.7387,194.3182
149.6323,79.0964,145.7387,194.3182
150.1673,81.0959,142.8810,190.5081
149.9423,81.0258,142.8810,190.5081
149.2059,81.4489,142.8810,190.5081
150.0136,84.8231,140.0795,186.7726
149.3119,85.9148,140.0795,186.7726
148.4988,89.0002,137.3328,183.1104
147.8680,88.3591,140.0795,186.7726
147.1993,90.0858,140.0795,186.7726
147.4060,90.6463,140.0795,186.7726
146.3360,89.0977,142.8810,190.5081
148.9234,91.2717,140.0795,186.7726
150.2523,91.8913,140.0795,186.7726
150.5050,89.9211,142.8810,190.5081
151.9940,90.2758,142.8810,190.5081
154.1840,91.1011,142.8810,190.5081
155.4562,89.3010,145.7387,194.3182
159.1443,92.2346,142.8810,190.5081
160.1290,90.7456,145.7387,194.3182
163.1004,91.5353,145.7387,194.3182
166.7803,93.9145,142.8810,190.5081
168.9196,94.4120,142.8810,190.5081
172.5540,98.4381,137.3328,183.1104
173.9700,97.4772,140.0795,186.7726
173.8923,96.5147,142.8810,190.5081
175.1173,97.5211,142.8810,190.5081
178.2017,99.1553,140.0795,186.7726
178.6173,100.2451,140.0795,186.7726
175.4802,96.7140,145.7387,194.3182
176.7097,99.0635,142.8810,190.5081
173.6902,97.5023,148.6534,198.2046
176.0432,98.6382,142.8810,190.5081
171.0172,94.8639,148.6534,198.2046
170.9059,96.4292,145.7387,194.3182
171.1947,95.2851,145.7387,194.3182
172.2791,96.9328,142.8810,190.5081
173.0771,95.9414,142.8810,190.5081
170.1895,94.0410,145.7387,194.3182
171.1903,94.5911,142.8810,190.5081
169.7820,92.2836,145.7387,194.3182
170.6052,92.0551,142.8810,190.5081
170.2371,91.5297,142.8810,190.5081
172.0154,93.0022,140.0795,186.7726
170.6528,90.2089,142.8810,190.5081
169.7697,87.1670,145.7387,194.3182
173.9502,90.5036,140.0795,186.7726
172.5701,87.7762,142.8810,190.5081
174.2576,87.3271,142.8810,190.5081
175.2850,87.2472,142.8810,190.5081
179.9734,89.3222,140.0795,186.7726
183.0545,89.2367,140.0795,186.7726
184.8163,89.6769,140.0795,186.7726
190.6919,92.6536,134.6400,179.5200
191.8401,92.6364,134.6400,179.5200
193.6126,93.4910,134.6400,179.5200
192.4547,93.0005,137.3328,183.1104
193.2468,93.9941,137.3328,183.1104
195.0752,96.0570,134.6400,179.5200
194.4646,93.9023,137.3328,183.1104
194.0105,94.7345,137.3328,183.1104
196.6952,96.8850,134.6400,179.5200
197.3125,97.5677,134.6400,179.5200
195.6985,96.6485,137.3328,183.1104
197.7672,98.1783,134.6400,179.5200
195.3832,96.8820,137.3328,183.1104
194.8621,97.2251,140.0795,186.7726
194.4529,97.2490,140.0795,186.7726
194.3650,97.4271,140.0795,186.7726
194.0375,97.3015,140.0795,186.7726
194.9106,98.9302,137.3328,183.1104
193.8550,98.3130,140.0795,186.7726
194.2011,99.5789,137.3328,183.1104
195.9771,100.8418,134.6400,179.5200
194.0558,99.1848,137.3328,183.1104
194.1300,99.1046,137.3328,183.1104
193.5001,97.4436,140.0795,186.7726
193.9456,98.8506,137.3328,183.1104
196.9424,101.2263,132.0000,176.0000
196.7361,101.1444,132.0000,176.0000
196.9890,100.8775,132.0000,176.0000
197.0649,100.9615,132.0000,176.0000
197.1743,100.6571,132.0000,176.0000
195.3926,97.4567,137.3328,183.1104
196.7938,99.2735,134.6400,179.5200
197.0605,98.8785,134.6400,179.5200
197.4611,98.4305,134.6400,179.5200
199.4857,100.7048,129.4118,172.5490
199.9146,100.0193,129.4118,172.5490
199.9559,99.5680,129.4118,172.5490
198.2506,97.7146,134.6400,179.5200
198.4043,98.6047,132.0000,176.0000
199.9144,99.9995,129.4118,172.5490
197.8895,97.6371,134.6400,179.5200
199.3590,100.4437,129.4118,172.5490
198.0846,99.2510,132.0000,176.0000
197.6111,98.4971,134.6400,179.5200
196.9870,98.4736,134.6400,179.5200
198.7781,100.5990,129.4118,172.5490
197.8246,99.8129,132.0000,176.0000
197.9092,100.2864,132.0000,176.0000
198.2139,100.6167,132.0000,176.0000
195.2627,98.5420,137.3328,183.1104
197.9213,101.2236,132.0000,176.0000
197.5547,100.0998,134.6400,179.5200
195.4252,98.7851,137.3328,183.1104
195.3192,98.3827,140.0795,186.7726
197.4769,101.4363,134.6400,179.5200
195.7228,99.2528,137.3328,183.1104
198.4748,102.2022,132.0000,176.0000
198.4070,102.5943,132.0000,176.0000
195.6043,99.9883,137.3328,183.1104
198.2924,103.2602,132.0000,176.0000
195.5110,100.3504,137.3328,183.1104
198.7263,103.6696,132.0000,176.0000
198.8110,103.6063,132.0000,176.0000
198.5741,103.8523,132.0000,176.0000
195.8142,101.6737,137.3328,183.1104
199.0567,104.2869,132.0000,176.0000
196.0035,102.4098,137.3328,183.1104
199.1438,104.9693,132.0000,176.0000
199.4179,105.0745,132.0000,176.0000
199.8079,105.2454,132.0000,176.0000
199.6963,105.4949,132.0000,176.0000
200.0358,105.7146,132.0000,176.0000
199.9413,106.2225,132.0000,176.0000
200.1666,106.5333,132.0000,176.0000
200.1937,106.5366,132.0000,176.0000
198.7364,105.4562,134.6400,179.5200
200.0400,107.1386,132.0000,176.0000
200.2039,107.4019,132.0000,176.0000
199.9361,107.3426,132.0000,176.0000
197.5702,104.5246,137.3328,183.1104
199.3703,106.8877,134.6400,179.5200
199.8358,106.7020,134.6400,179.5200
201.1605,107.9762,132.0000,176.0000
200.8123,106.8518,134.6400,179.5200
200.5900,107.0568,134.6400,179.5200
200.8379,106.9374,134.6400,179.5200
201.2722,107.2399,134.6400,179.5200
203.5005,109.6595,129.4118,172.5490
201.9295,106.8273,134.6400,179.5200
202.5051,107.7195,134.6400,179.5200
204.1331,108.9029,132.0000,176.0000
205.4551,109.5167,132.0000,176.0000
205.3296,108.9031,134.6400,179.5200
206.4466,109.0688,134.6400,179.5200
207.3892,109.1365,134.6400,179.5200
207.8864,108.8583,134.6400,179.5200
208.0237,108.7414,134.6400,179.5200
208.4774,109.1260,134.6400,179.5200
208.6837,108.7338,134.6400,179.5200
209.9991,108.7177,134.6400,179.5200
210.8761,108.9540,134.6400,179.5200
211.5818,109.1369,134.6400,179.5200
213.7825,109.8328,134.6400,179.5200
215.7724,109.7309,134.6400,179.5200
217.1224,110.1839,134.6400,179.5200
219.7186,110.3342,134.6400,179.5200
220.5807,108.6225,137.3328,183.1104
225.0245,110.4734,134.6400,179.5200
227.9117,111.0266,134.6400,179.5200
230.5114,111.4432,134.6400,179.5200
232.6508,111.5451,134.6400,179.5200
234.9721,111.9848,134.6400,179.5200
237.4468,112.2041,134.6400,179.5200
237.5311,109.9906,137.3328,183.1104
238.9641,110.2010,137.3328,183.1104
243.2556,112.5202,134.6400,179.5200
244.6788,112.0059,134.6400,179.5200
246.6708,113.3507,132.0000,176.0000
247.3410,112.4055,134.6400,179.5200
248.8855,112.9030,134.6400,179.5200
250.7616,113.5716,134.6400,179.5200
253.2080,114.0755,132.0000,176.0000
252.0254,111.1160,137.3328,183.1104
255.8738,113.9518,132.0000,176.0000
255.4496,111.0494,137.3328,183.1104
259.3693,113.1563,134.6400,179.5200
260.5371,113.0944,134.6400,179.5200
261.9821,112.7081,134.6400,179.5200
263.9940,111.7649,134.6400,179.5200
265.4974,110.7056,134.6400,179.5200
266.9361,109.9518,134.6400,179.5200
268.2300,106.3389,137.3328,183.1104
271.5530,107.4793,134.6400,179.5200
272.9508,107.1974,134.6400,179.5200
274.7033,106.0747,134.6400,179.5200
276.5836,105.4997,134.6400,179.5200
276.6401,102.8628,137.3328,183.1104
278.7547,102.4858,137.3328,183.1104
282.3105,103.9913,134.6400,179.5200
283.8334,102.9627,134.6400,179.5200
284.9042,99.9593,137.3328,183.1104
286.8010,98.1683,140.0795,186.7726
289.0687,98.7347,137.3328,183.1104
292.4747,96.8455,137.3328,183.1104
294.9240,95.6265,137.3328,183.1104
297.0774,94.1429,137.3328,183.1104
301.8102,95.0961,134.6400,179.5200
303.7359,94.0752,134.6400,179.5200
304.3306,91.5323,137.3328,183.1104
306.5058,88.9388,140.0795,186.7726
309.2634,88.2266,140.0795,186.7726
307.4930,83.6677,145.7387,194.3182
310.4645,83.2587,145.7387,194.3182
314.4956,86.2199,140.0795,186.7726
316.9352,86.2179,140.0795,186.7726
316.3100,83.7827,142.8810,190.5081
315.4017,81.0943,145.7387,194.3182
316.0226,80.9841,145.7387,194.3182
314.9605,78.9419,148.6534,198.2046
313.5069,78.0497,151.6265,202.1687
314.4611,81.4335,148.6534,198.2046
310.7666,79.3244,154.6590,206.2121
309.4520,82.6100,151.6265,202.1687
306.1208,83.5563,154.6590,206.2121
304.0255,88.1747,151.6265,202.1687
298.3342,87.9875,157.7522,210.3363
294.1254,90.5978,160.9073,214.5430
290.1605,93.0684,160.9073,214.5430
287.5367,95.3465,157.7522,210.3363
283.0723,95.8585,160.9073,214.5430
277.0202,92.0739,167.4079,223.2106
273.9791,96.4671,164.1254,218.8339
269.1679,97.4908,167.4079,223.2106
266.7509,101.9498,164.1254,218.8339
261.3251,103.0784,167.4079,223.2106
259.7581,106.0678,167.4079,223.2106
258.9035,109.2632,167.4079,223.2106
257.2525,113.2667,164.1254,218.8339
250.9518,110.2923,170.7561,227.6748
246.1888,108.0014,174.1712,232.2283
244.4453,107.1697,174.1712,232.2283
244.7791,109.6493,167.4079,223.2106
240.5450,102.0314,170.7561,227.6748
239.2567,96.0171,167.4079,223.2106
239.0688,90.2797,160.9073,214.5430
235.5956,76.3956,164.1254,218.8339
235.1468,63.7485,160.9073,214.5430
233.7231,51.2870,160.9073,214.5430
227.5491,31.4620,167.4079,223.2106
223.5918,17.2448,170.7561,227.6748
225.0097,9.9398,164.1254,218.8339
225.0583,4.1138,160.9073,214.5430
215.7607,-5.5548,167.4079,223.2106
218.1531,-6.8108,160.9073,214.5430
219.7503,-8.6909,157.7522,210.3363
215.6025,-13.1368,160.9073,214.5430
216.3680,-9.7047,154.6590,206.2121
211.8643,-11.1143,157.7522,210.3363
214.9363,-4.6240,151.6265,202.1687
214.4115,-0.4183,148.6534,198.2046
214.8770,4.5816,145.7387,194.3182
217.2372,12.4932,140.0795,186.7726
214.1958,15.8161,140.0795,186.7726
215.1203,21.6039,134.6400,179.5200
216.1233,26.8153,129.4118,172.5490
212.8250,26.9727,132.0000,176.0000
213.3677,30.8838,129.4118,172.5490
210.6981,30.9760,134.6400,179.5200
209.3568,32.8241,132.0000,176.0000
207.1657,33.9215,132.0000,176.0000
205.2686,35.3182,132.0000,176.0000
203.1658,37.5419,129.4118,172.5490
200.2510,34.1572,134.6400,179.5200
197.9883,36.6463,132.0000,176.0000
196.1390,37.7862,129.4118,172.5490
195.4039,39.8266,126.8743,169.1657
192.1986,40.8189,126.8743,169.1657
188.9396,42.9024,126.8743,169.1657
188.9170,45.7392,124.3865,165.8487
187.1265,49.9296,121.9476,162.5968
184.5487,52.5230,121.9476,162.5968
182.5140,54.3849,121.9476,162.5968
180.1454,55.1136,124.3865,165.8487
176.6662,55.2441,126.8743,169.1657
174.0356,55.2347,129.4118,172.5490
174.4430,57.8551,126.8743,169.1657
173.4898,58.8004,126.8743,169.1657
171.0550,57.4281,132.0000,176.0000
172.0491,61.7249,129.4118,172.5490
172.9260,66.4498,126.8743,169.1657
171.8486,70.1522,126.8743,169.1657
171.7597,75.7048,124.3865,165.8487
167.9673,76.8111,126.8743,169.1657
165.9432,79.4196,129.4118,172.5490
163.9102,83.5073,129.4118,172.5490
161.1643,85.0726,132.0000,176.0000
160.8801,89.7687,129.4118,172.5490
159.6242,92.2090,129.4118,172.5490
158.5898,94.2420,129.4118,172.5490
157.3762,94.5368,132.0000,176.0000
158.8575,96.3146,132.0000,176.0000
162.1723,98.0845,129.4118,172.5490
164.0682,97.6286,132.0000,176.0000
168.9117,100.5353,129.4118,172.5490
173.5427,102.4460,126.8743,169.1657
172.3348,101.5451,132.0000,176.0000
178.0680,106.2950,126.8743,169.1657
181.1218,108.3193,126.8743,169.1657
182.8202,109.0444,129.4118,172.5490
183.4783,109.2594,132.0000,176.0000
185.2586,111.6180,129.4118,172.5490
185.9892,111.1826,126.8743,169.1657
187.0567,110.5908,124.3865,165.8487
187.4535,110.3839,121.9476,162.5968
183.1969,104.0707,126.8743,169.1657
182.5459,100.2780,126.8743,169.1657
183.6605,98.0523,124.3865,165.8487
184.0366,95.0565,121.9476,162.5968
178.4263,88.3946,126.8743,169.1657
178.4904,88.5898,124.3865,165.8487
174.5637,85.8663,126.8743,169.1657
175.8168,88.9915,121.9476,162.5968
173.5371,88.8055,121.9476,162.5968
167.8498,86.2649,126.8743,169.1657
168.4126,88.7321,124.3865,165.8487
165.2366,87.1984,126.8743,169.1657
167.3382,91.4771,121.9476,162.5968
164.1566,89.8052,126.8743,169.1657
165.3764,90.8775,126.8743,169.1657
167.7569,92.0213,126.8743,169.1657
168.3011,89.6151,132.0000,176.0000
172.4725,90.6412,132.0000,176.0000
180.5596,93.0518,126.8743,169.1657
182.2017,90.1027,132.0000,176.0000
186.8645,91.0006,129.4118,172.5490
190.6267,91.8028,126.8743,169.1657
192.0723,91.1247,126.8743,169.1657
191.6455,89.1881,129.4118,172.5490
194.0250,90.1185,126.8743,169.1657
192.1614,87.2573,129.4118,172.5490
189.7744,82.5212,134.6400,179.5200
191.1920,83.4064,129.4118,172.5490
187.4018,79.0441,134.6400,179.5200
186.2748,77.3568,134.6400,179.5200
182.0866,73.1049,140.0795,186.7726
183.7121,76.1880,134.6400,179.5200
180.2913,73.8890,140.0795,186.7726
175.0872,70.3937,145.7387,194.3182
173.5176,72.3563,145.7387,194.3182
176.3182,77.1488,140.0795,186.7726
173.1966,75.3020,145.7387,194.3182
176.0496,80.2934,140.0795,186.7726
178.0782,79.2328,140.0795,186.7726
177.3892,72.8226,145.7387,194.3182
178.8244,67.8507,151.6265,202.1687
182.2712,65.1810,154.6590,206.2121
190.5587,64.0129,154.6590,206.2121
192.9871,57.8720,160.9073,214.5430
199.4276,59.5410,157.7522,210.3363
200.4916,54.3682,164.1254,218.8339
206.5929,57.2218,160.9073,214.5430
211.4083,58.8017,160.9073,214.5430
215.4311,61.4636,157.7522,210.3363
215.0602,58.4161,164.1254,218.8339
216.2480,63.0271,157.7522,210.3363
213.5772,61.8666,157.7522,210.3363
209.7114,59.2922,160.9073,214.5430
202.1267,52.7204,167.4079,223.2106
195.7079,49.7207,167.4079,223.2106
194.5544,52.0339,160.9073,214.5430
191.1156,53.3578,157.7522,210.3363
189.1557,56.6271,154.6590,206.2121
185.9372,59.7760,151.6265,202.1687
181.7615,57.6504,157.7522,210.3363
180.3037,60.6228,157.7522,210.3363
178.8115,63.4368,157.7522,210.3363
176.8860,64.2963,157.7522,210.3363
175.7335,64.9253,157.7522,210.3363
175.6904,66.1126,157.7522,210.3363
173.9844,63.0600,164.1254,218.8339
172.2571,62.4822,167.4079,223.2106
174.7291,66.4967,164.1254,218.8339
179.0716,70.0432,160.9073,214.5430
186.2475,73.8170,157.7522,210.3363
194.7439,76.1721,157.7522,210.3363
202.2933,75.3182,164.1254,218.8339
210.1632,72.5056,170.7561,227.6748
223.0821,77.7513,164.1254,218.8339
233.7166,82.0302,157.7522,210.3363
246.3364,84.5405,151.6265,202.1687
253.2249,84.6860,151.6265,202.1687
261.1507,84.8372,148.6534,198.2046
264.4676,79.5390,151.6265,202.1687
266.6605,76.3276,151.6265,202.1687
268.6182,71.2102,154.6590,206.2121
269.9026,67.3519,154.6590,206.2121
267.7913,60.3616,160.9073,214.5430
267.4211,58.9752,160.9073,214.5430
268.4475,62.7910,154.6590,206.2121
269.2232,68.5818,148.6534,198.2046
266.6222,68.5640,154.6590,206.2121
264.7324,73.9779,151.6265,202.1687
263.5691,80.2670,151.6265,202.1687
262.2786,85.9494,151.6265,202.1687
262.5388,94.3326,145.7387,194.3182
261.7632,100.8591,140.0795,186.7726
259.6704,106.9036,134.6400,179.5200
252.2059,106.3545,140.0795,186.7726
249.7615,111.1090,140.0795,186.7726
242.8923,109.5098,145.7387,194.3182
247.2848,116.7571,140.0795,186.7726
249.6924,119.9479,137.3328,183.1104
253.0839,123.7034,134.6400,179.5200
257.1537,124.7795,132.0000,176.0000
262.9128,127.7141,129.4118,172.5490
270.2393,126.9390,132.0000,176.0000
280.6067,127.7077,132.0000,176.0000
288.3538,127.3100,134.6400,179.5200
297.5863,130.0450,134.6400,179.5200
306.7912,131.4164,134.6400,179.5200
315.3758,133.6949,134.6400,179.5200
326.2863,135.3348,134.6400,179.5200
335.0778,137.2589,132.0000,176.0000
343.6837,140.4736,129.4118,172.5490
352.8380,146.3139,126.8743,169.1657
362.1342,152.1110,124.3865,165.8487
367.6698,154.0513,124.3865,165.8487
371.8424,156.2616,124.3865,165.8487
378.0627,158.0293,124.3865,165.8487
381.3168,159.5009,126.8743,169.1657
389.0412,164.5604,121.9476,162.5968
389.9325,163.1850,126.8743,169.1657
394.2564,164.0963,126.8743,169.1657
399.6442,166.1394,124.3865,165.8487
404.3643,169.3692,121.9476,162.5968
405.7649,169.9412,126.8743,169.1657
411.5065,173.9285,124.3865,165.8487
415.3867,177.4554,119.5565,159.4086
420.9144,182.2517,117.2122,156.2830
419.8522,180.0606,119.5565,159.4086
421.5958,181.6014,119.5565,159.4086
426.2259,184.6418,114.9139,153.2186
426.7694,185.7420,114.9139,153.2186
428.4466,188.2531,110.4517,147.2689
425.9012,186.8860,114.9139,153.2186
423.1602,185.6666,117.2122,156.2830
423.1733,188.2155,112.6607,150.2143
423.8081,189.8438,108.2860,144.3813
422.0031,189.2863,108.2860,144.3813
417.1794,187.5995,112.6607,150.2143
415.1046,188.7787,110.4517,147.2689
411.9299,187.9525,112.6607,150.2143
409.8866,188.0438,112.6607,150.2143
408.4495,189.2595,110.4517,147.2689
406.1065,190.1317,110.4517,147.2689
404.7232,191.2686,108.2860,144.3813
401.9062,189.6367,110.4517,147.2689
399.8195,188.9850,110.4517,147.2689
401.2842,192.3681,106.1627,141.5503
400.6093,193.6609,104.0811,138.7748
399.7391,193.6522,104.0811,138.7748
398.7112,194.1730,104.0811,138.7748
398.1495,194.7717,104.0811,138.7748
398.1070,195.5422,102.0403,136.0537
396.5992,195.6938,102.0403,136.0537
395.6834,197.2115,102.0403,136.0537
393.0295,195.6518,106.1627,141.5503
393.5704,197.9475,102.0403,136.0537
394.6290,200.6800,98.0779,130.7706
393.1863,201.0348,98.0779,130.7706
388.8894,199.4774,102.0403,136.0537
387.0729,199.9620,102.0403,136.0537
384.9279,199.9803,102.0403,136.0537
382.5635,199.7188,102.0403,136.0537
379.9821,199.4186,102.0403,136.0537
376.8945,197.4250,104.0811,138.7748
374.9090,197.1357,104.0811,138.7748
371.4481,196.1585,106.1627,141.5503
371.5447,197.7395,102.0403,136.0537
369.0154,197.2845,102.0403,136.0537
366.8779,196.9534,102.0403,136.0537
367.2594,199.2635,98.0779,130.7706
364.1919,195.8774,102.0403,136.0537
363.0582,195.1271,102.0403,136.0537
362.9191,195.7694,100.0395,133.3860
360.4625,193.7266,102.0403,136.0537
360.7478,195.0514,100.0395,133.3860
359.9933,195.1106,100.0395,133.3860
358.8577,195.4267,100.0395,133.3860
357.7212,194.8723,100.0395,133.3860
356.2266,193.7432,102.0403,136.0537
355.6479,193.2527,102.0403,136.0537
354.6753,193.2790,102.0403,136.0537
356.7914,195.7375,98.0779,130.7706
354.4573,193.2995,102.0403,136.0537
354.2369,192.8249,104.0811,138.7748
353.8930,193.4824,102.0403,136.0537
353.6015,194.0261,102.0403,136.0537
353.0051,194.0487,102.0403,136.0537
352.9479,195.2853,102.0403,136.0537
351.4775,195.0396,104.0811,138.7748
350.9651,195.8319,102.0403,136.0537
349.6832,195.6030,102.0403,136.0537
347.2104,194.7942,104.0811,138.7748
342.7927,191.0557,108.2860,144.3813
343.4744,192.8642,104.0811,138.7748
341.3926,192.4215,102.0403,136.0537
339.9299,192.8079,100.0395,133.3860
332.4247,189.6898,102.0403,136.0537
330.4787,190.2620,98.0779,130.7706
325.1538,188.2157,100.0395,133.3860
317.5150,185.5066,104.0811,138.7748
310.9262,184.8864,104.0811,138.7748
305.4781,186.0172,102.0403,136.0537
297.3340,184.3791,106.1627,141.5503
292.6094,186.9354,104.0811,138.7748
288.9773,187.7028,102.0403,136.0537
284.5873,188.2212,102.0403,136.0537
280.2310,188.4951,102.0403,136.0537
275.8062,188.3295,102.0403,136.0537
273.0752,187.9565,102.0403,136.0537
270.9290,187.4873,102.0403,136.0537
267.0243,184.5345,106.1627,141.5503
263.5156,181.1097,110.4517,147.2689
262.3595,179.1846,112.6607,150.2143
263.2016,179.7606,110.4517,147.2689
262.5895,177.9957,112.6607,150.2143
263.0137,176.8483,112.6607,150.2143
264.5532,177.6104,110.4517,147.2689
262.9317,174.8282,112.6607,150.2143
264.6308,174.9676,108.2860,144.3813
266.5972,173.9014,104.0811,138.7748
263.3912,167.2718,108.2860,144.3813
262.0592,162.7856,110.4517,147.2689
260.3043,159.6880,110.4517,147.2689
256.8123,155.3096,114.9139,153.2186
255.0825,154.4792,112.6607,150.2143
251.5616,152.9759,114.9139,153.2186
247.4834,151.2440,114.9139,153.2186
243.3900,148.5155,114.9139,153.2186
239.5069,145.6238,114.9139,153.2186
235.5443,142.3284,114.9139,153.2186
230.2128,138.4216,117.2122,156.2830
226.2884,135.9880,117.2122,156.2830
221.3705,133.0632,119.5565,159.4086
217.0749,131.1375,121.9476,162.5968
213.2890,129.9789,124.3865,165.8487
209.0115,129.4932,126.8743,169.1657
206.3749,130.5501,126.8743,169.1657
205.7095,133.6207,124.3865,165.8487
204.0380,134.3044,124.3865,165.8487
203.2238,137.6672,119.5565,159.4086
199.7071,135.0336,121.9476,162.5968
193.9389,131.8210,126.8743,169.1657
191.4773,130.0929,126.8743,169.1657
190.9357,130.0338,124.3865,165.8487
188.4303,127.6122,124.3865,165.8487
186.5089,125.8819,121.9476,162.5968
183.8160,122.5923,119.5565,159.4086
183.1854,120.8420,117.2122,156.2830
180.0681,119.8798,114.9139,153.2186
177.6096,116.3112,117.2122,156.2830
173.7225,112.0076,121.9476,162.5968
170.6723,107.1993,126.8743,169.1657
171.2258,104.8595,129.4118,172.5490
175.0546,103.6840,129.4118,172.5490
179.3622,100.4953,132.0000,176.0000
188.5249,102.8000,129.4118,172.5490
196.7239,101.0592,134.6400,179.5200
202.6224,98.7036,137.3328,183.1104
214.3071,96.1140,140.0795,186.7726
222.5881,90.4636,145.7387,194.3182
237.1253,89.6223,140.0795,186.7726
243.9544,82.3451,145.7387,194.3182
250.6234,83.2013,140.0795,186.7726
254.3386,80.7856,137.3328,183.1104
252.0773,75.1782,142.8810,190.5081
250.0856,72.6037,145.7387,194.3182
248.3218,70.1703,148.6534,198.2046
245.8076,68.6506,148.6534,198.2046
243.4476,69.0311,145.7387,194.3182
238.9874,68.1694,145.7387,194.3182
232.5748,64.5878,148.6534,198.2046
223.4829,61.6161,154.6590,206.2121
217.8132,63.1413,151.6265,202.1687
212.1974,62.6155,154.6590,206.2121
207.1105,63.5280,154.6590,206.2121
205.9719,63.4688,154.6590,206.2121
203.8947,65.2762,154.6590,206.2121
200.3873,62.1955,160.9073,214.5430
199.5408,60.4797,164.1254,218.8339
198.1855,58.4932,170.7561,227.6748
201.0080,61.9044,167.4079,223.2106
200.6264,62.0720,170.7561,227.6748
200.1887,63.7302,170.7561,227.6748
197.6798,63.6439,174.1712,232.2283
196.7457,66.0787,174.1712,232.2283
197.9403,66.8778,174.1712,232.2283
193.2808,58.3729,181.2077,241.6103
190.0640,52.8727,184.8319,246.4425
190.8858,48.8614,188.5285,251.3713
191.2096,54.1016,181.2077,241.6103
191.1346,52.2964,184.8319,246.4425
191.8861,52.9532,184.8319,246.4425
188.9846,51.2019,188.5285,251.3713
190.2536,53.7502,184.8319,246.4425
191.4756,54.8910,181.2077,241.6103
194.5898,54.2289,181.2077,241.6103
191.0788,49.9951,188.5285,251.3713
197.0846,55.9073,181.2077,241.6103
199.3452,59.3355,181.2077,241.6103
202.3133,60.5072,181.2077,241.6103
212.5414,67.7553,174.1712,232.2283
221.3965,73.8032,170.7561,227.6748
226.9593,77.5870,170.7561,227.6748
232.9449,77.4029,177.6546,236.8728
245.3845,82.0181,177.6546,236.8728
262.9640,91.6487,170.7561,227.6748
279.0918,105.0093,164.1254,218.8339
298.6861,114.3642,157.7522,210.3363
311.0438,121.7793,157.7522,210.3363
325.7293,122.8215,160.9073,214.5430
340.1973,129.2551,157.7522,210.3363
353.6690,134.7887,157.7522,210.3363
366.4267,136.9043,160.9073,214.5430
375.4769,137.9569,164.1254,218.8339
380.3460,140.4781,170.7561,227.6748
390.0318,146.7829,164.1254,218.8339
397.4903,152.9600,160.9073,214.5430
404.7911,162.2947,154.6590,206.2121
412.2716,169.0767,148.6534,198.2046
418.2526,176.1604,142.8810,190.5081
419.4039,180.6774,142.8810,190.5081
421.9671,186.8555,142.8810,190.5081
424.0556,194.8868,140.0795,186.7726
423.4872,198.2875,142.8810,190.5081
423.4058,203.2471,142.8810,190.5081
420.2395,205.5414,145.7387,194.3182
417.2812,208.7678,148.6534,198.2046
411.3052,212.9655,154.6590,206.2121
408.6401,224.4164,148.6534,198.2046
403.2156,231.5844,148.6534,198.2046
399.9582,243.5956,142.8810,190.5081
395.6074,254.5524,137.3328,183.1104
390.2275,264.7402,134.6400,179.5200
384.7003,272.4531,134.6400,179.5200
376.3374,277.8082,140.0795,186.7726
371.0855,286.2260,137.3328,183.1104
364.8971,291.4997,140.0795,186.7726
362.9875,300.5863,134.6400,179.5200
359.1402,307.5220,132.0000,176.0000
356.5358,316.6643,129.4118,172.5490
352.6583,321.5964,129.4118,172.5490
351.1054,325.9460,129.4118,172.5490
349.7130,329.1806,129.4118,172.5490
347.7763,329.8561,134.6400,179.5200
349.9855,333.4210,129.4118,172.5490
354.8287,337.6241,124.3865,165.8487
358.1929,337.1760,124.3865,165.8487
361.0549,336.6882,124.3865,165.8487
365.1670,335.4732,124.3865,165.8487
369.0298,333.5904,124.3865,165.8487
373.3738,333.2692,121.9476,162.5968
378.9910,330.9322,117.2122,156.2830
383.5400,324.1433,117.2122,156.2830
388.6928,317.4408,112.6607,150.2143
390.9745,309.4485,112.6607,150.2143
394.9249,303.4259,110.4517,147.2689
396.3606,297.0523,108.2860,144.3813
400.3273,294.1816,104.0811,138.7748
400.3122,289.9773,104.0811,138.7748
400.5639,286.5013,102.0403,136.0537
400.4036,283.2047,102.0403,136.0537
400.3766,280.4133,102.0403,136.0537
401.2978,279.4235,98.0779,130.7706
399.6375,275.7294,102.0403,136.0537
401.1300,275.9228,98.0779,130.7706
403.6000,278.2592,94.2695,125.6926
403.1072,278.2044,94.2695,125.6926
404.7210,279.7538,90.6089,120.8118
405.7877,279.9485,88.8322,118.4430
406.9517,280.0776,87.0904,116.1205
406.8549,278.6850,88.8322,118.4430
406.8283,278.2121,88.8322,118.4430
408.8842,279.6580,85.3828,113.8437
407.5640,278.2399,87.0904,116.1205
410.2902,279.9266,83.7086,111.6114
409.9485,278.4132,83.7086,111.6114
409.6778,275.1300,83.7086,111.6114
409.4616,273.1651,83.7086,111.6114
407.5447,269.2094,85.3828,113.8437
407.2418,268.4226,83.7086,111.6114
405.9377,266.1615,83.7086,111.6114
403.8795,264.5009,83.7086,111.6114
401.9044,263.5032,83.7086,111.6114
398.4078,261.5164,85.3828,113.8437
393.5982,258.0189,88.8322,118.4430
392.3691,258.5158,85.3828,113.8437
388.9378,257.5410,85.3828,113.8437
385.7120,255.7633,85.3828,113.8437
382.9415,254.6014,85.3828,113.8437
378.0885,252.1260,88.8322,118.4430
376.2398,250.3129,88.8322,118.4430
372.9762,248.9308,90.6089,120.8118
371.8852,248.7082,87.0904,116.1205
372.2328,249.2382,83.7086,111.6114
370.2547,247.6101,83.7086,111.6114
368.7525,245.9358,83.7086,111.6114
368.2069,244.5328,83.7086,111.6114
367.5864,243.3657,83.7086,111.6114
368.3709,242.6370,82.0672,109.4230
368.0184,239.8719,85.3828,113.8437
369.5956,239.9863,83.7086,111.6114
370.5970,238.4241,83.7086,111.6114
369.1794,234.4104,87.0904,116.1205
371.6005,235.8010,83.7086,111.6114
373.2749,234.2083,82.0672,109.4230
373.6067,232.2650,82.0672,109.4230
374.2018,230.4416,82.0672,109.4230
374.6136,228.0816,83.7086,111.6114
375.2357,226.8941,82.0672,109.4230
375.4015,224.4504,83.7086,111.6114
372.5599,219.7071,87.0904,116.1205
374.4842,219.9481,83.7086,111.6114
372.5520,217.0431,85.3828,113.8437
369.8110,213.2538,87.0904,116.1205
369.4097,212.7720,85.3828,113.8437
366.2413,209.9515,87.0904,116.1205
366.9471,211.1208,83.7086,111.6114
362.9856,207.0736,87.0904,116.1205
363.4950,207.5618,83.7086,111.6114
362.7129,206.6741,83.7086,111.6114
360.5022,204.1709,85.3828,113.8437
359.1735,202.3425,85.3828,113.8437
359.0924,200.8102,83.7086,111.6114
357.3713,198.4245,85.3828,113.8437
355.9554,196.0684,85.3828,113.8437
355.3969,194.8634,85.3828,113.8437
354.3021,193.0312,85.3828,113.8437
353.5312,191.4110,85.3828,113.8437
352.9267,190.7515,83.7086,111.6114
350.6832,188.4935,85.3828,113.8437
349.5771,187.1636,85.3828,113.8437
348.6760,187.1633,83.7086,111.6114
346.9075,185.6842,83.7086,111.6114
343.9553,183.6393,85.3828,113.8437
342.2078,183.7692,83.7086,111.6114
338.7619,182.1130,85.3828,113.8437
335.7012,182.0727,85.3828,113.8437
333.3226,182.7959,82.0672,109.4230
328.9162,181.6286,85.3828,113.8437
325.5758,181.5297,85.3828,113.8437
322.2698,181.5879,85.3828,113.8437
317.4347,179.0144,88.8322,118.4430
316.2985,180.9680,85.3828,113.8437
311.5245,179.1445,87.0904,116.1205
308.3358,177.8102,87.0904,116.1205
305.8617,177.4288,87.0904,116.1205
303.7311,178.1249,85.3828,113.8437
298.8895,174.7100,88.8322,118.4430
295.5290,173.5245,88.8322,118.4430
290.9015,170.7836,92.4210,123.2280
288.7408,171.2295,88.8322,118.4430
285.2873,170.6127,88.8322,118.4430
281.9370,170.6270,87.0904,116.1205
277.8502,169.6588,88.8322,118.4430
275.9262,171.6073,85.3828,113.8437
273.0484,171.2563,85.3828,113.8437
267.8388,169.8865,87.0904,116.1205
264.6031,171.6229,85.3828,113.8437
259.5239,172.1893,87.0904,116.1205
256.6426,172.7121,87.0904,116.1205
254.2751,171.4995,88.8322,118.4430
251.5324,170.6776,88.8322,118.4430
250.9212,171.8794,85.3828,113.8437
246.5743,170.5788,87.0904,116.1205
242.4132,168.2643,90.6089,120.8118
239.8155,168.0497,90.6089,120.8118
237.2229,166.0606,92.4210,123.2280
234.1587,164.4117,94.2695,125.6926
233.7166,165.4973,90.6089,120.8118
230.1093,162.8529,94.2695,125.6926
228.0942,162.6046,94.2695,125.6926
228.6278,163.8120,90.6089,120.8118
224.3456,160.6931,94.2695,125.6926
225.3266,161.5544,90.6089,120.8118
223.8808,161.2823,90.6089,120.8118
222.6844,161.0435,90.6089,120.8118
220.8787,159.2360,92.4210,123.2280
223.3132,161.0393,88.8322,118.4430
226.4756,162.9024,85.3828,113.8437
225.5411,162.0435,88.8322,118.4430
225.4784,161.0268,90.6089,120.8118
226.2988,161.0552,90.6089,120.8118
230.1105,159.9992,92.4210,123.2280
233.5619,160.4496,92.4210,123.2280
236.7945,160.1898,92.4210,123.2280
240.0623,160.2914,92.4210,123.2280
242.2736,160.0526,94.2695,125.6926
245.2244,161.3965,94.2695,125.6926
249.7489,161.2990,92.4210,123.2280
250.9895,160.5391,94.2695,125.6926
251.3163,158.1330,96.1548,128.2065
250.5821,155.9116,100.0395,133.3860
251.6455,157.9355,96.1548,128.2065
253.6298,158.8539,94.2695,125.6926
253.2357,157.4599,94.2695,125.6926
254.3931,156.8766,94.2695,125.6926
253.8853,155.6763,94.2695,125.6926
251.7252,154.3541,96.1548,128.2065
251.1851,155.4703,94.2695,125.6926
246.9478,150.6445,98.0779,130.7706
245.1018,147.0365,100.0395,133.3860
243.3167,142.1160,100.0395,133.3860
239.7356,135.6651,102.0403,136.0537
235.6254,128.8877,106.1627,141.5503
230.3636,123.9154,108.2860,144.3813
227.0262,117.8583,110.4517,147.2689
227.6036,118.5804,106.1627,141.5503
225.1006,119.9914,104.0811,138.7748
216.9597,118.8296,108.2860,144.3813
213.0778,120.9095,110.4517,147.2689
