310.0000,102.0000,39.0000,50.0000
308.0547,100.1246,39.0000,50.0000
306.6375,99.1240,39.0000,50.0000
305.0694,97.5701,39.0000,50.0000
303.8842,96.8460,39.0000,50.0000
302.4947,95.3256,39.0000,50.0000
301.4523,94.4559,39.0000,50.0000
300.3070,93.1173,39.0000,50.0000
297.9585,91.2886,39.0000,50.0000
297.0142,90.4103,39.0000,50.0000
296.0501,89.3650,39.0000,50.0000
295.2143,88.7196,39.0000,50.0000
294.4332,87.7413,39.0000,50.0000
293.6842,87.2001,39.0000,50.0000
292.2083,85.8950,39.0000,50.0000
291.6559,84.7902,39.0000,50.0000
290.8831,84.2848,39.0000,50.0000
289.7024,83.0351,39.0000,50.0000
289.0258,82.1901,39.0000,50.0000
288.5826,82.1814,39.0000,50.0000
287.2415,81.5139,39.0000,50.0000
286.0878,80.3705,39.7800,51.0000
285.3083,80.8518,39.0000,50.0000
284.6197,81.1110,39.0000,50.0000
283.1450,81.1018,39.0000,50.0000
282.1004,80.2709,39.7800,51.0000
280.7307,80.7545,39.0000,50.0000
278.9765,80.8004,39.0000,50.0000
277.4416,80.3780,39.7800,51.0000
274.8766,79.5946,40.5756,52.0200
274.1551,79.5673,39.7800,51.0000
271.8479,79.1686,39.7800,51.0000
269.7854,78.9115,39.7800,51.0000
267.1510,77.3529,41.3871,53.0604
265.2184,77.4262,41.3871,53.0604
262.9671,76.8164,42.2149,54.1216
263.5288,78.1327,40.5756,52.0200
260.6888,77.6643,41.3871,53.0604
258.6035,77.6523,42.2149,54.1216
257.7002,78.1844,42.2149,54.1216
255.7440,79.0488,42.2149,54.1216
253.8396,79.4097,43.0592,55.2040
252.9871,79.6164,42.2149,54.1216
250.9391,80.2268,42.2149,54.1216
251.6012,82.5510,40.5756,52.0200
248.7894,81.9067,41.3871,53.0604
247.3720,81.8848,41.3871,53.0604
246.8992,81.5328,41.3871,53.0604
247.9083,82.8691,39.7800,51.0000
247.3976,82.1257,40.5756,52.0200
247.6237,81.1131,40.5756,52.0200
248.0231,80.4909,40.5756,52.0200
249.3782,78.7633,40.5756,52.0200
251.6378,76.8568,39.7800,51.0000
253.2980,76.1615,39.0000,50.0000
256.0258,72.5809,39.7800,51.0000
257.5747,70.0159,40.5756,52.0200
262.1079,66.9790,39.7800,51.0000
265.8927,62.9383,40.5756,52.0200
268.8809,62.1251,39.0000,50.0000
273.2262,58.3141,37.4856,48.0584
276.4771,57.1508,36.0300,46.1923
280.2752,53.8863,37.4856,48.0584
284.7882,52.0588,37.4856,48.0584
286.8807,51.8713,36.7506,47.1161
290.3706,50.1979,37.4856,48.0584
291.9329,48.3568,39.0000,50.0000
294.6828,46.3841,40.5756,52.0200
298.4198,44.8561,40.5756,52.0200
300.1558,44.7955,40.5756,52.0200
303.1401,43.4600,40.5756,52.0200
305.4312,40.6597,41.3871,53.0604
307.4880,40.4521,40.5756,52.0200
310.3586,39.2870,40.5756,52.0200
312.9322,37.8813,40.5756,52.0200
313.2902,36.6427,41.3871,53.0604
315.0607,35.3231,41.3871,53.0604
315.7438,34.2750,41.3871,53.0604
318.0256,33.6475,40.5756,52.0200
319.6971,33.1252,39.0000,50.0000
319.8240,31.1457,40.5756,52.0200
321.0614,29.4485,40.5756,52.0200
321.1416,27.8304,40.5756,52.0200
321.3711,25.9851,40.5756,52.0200
321.5310,24.7391,40.5756,52.0200
321.3937,24.4528,40.5756,52.0200
320.2730,23.7458,40.5756,52.0200
320.9678,24.1172,39.0000,50.0000
319.4064,22.8138,40.5756,52.0200
317.5100,21.9375,42.2149,54.1216
316.8433,22.4044,42.2149,54.1216
317.4782,24.9819,40.5756,52.0200
315.9618,23.5356,42.2149,54.1216
316.7668,25.3931,40.5756,52.0200
315.1555,24.2293,42.2149,54.1216
315.1929,25.4312,41.3871,53.0604
314.5826,24.9781,42.2149,54.1216
315.2801,27.5585,40.5756,52.0200
313.8687,28.6277,40.5756,52.0200
313.3870,29.7725,40.5756,52.0200
312.6899,31.2782,40.5756,52.0200
312.6675,32.8071,39.0000,50.0000
311.7933,33.9471,38.2353,49.0196
311.8548,34.5880,39.0000,50.0000
310.6681,34.4133,40.5756,52.0200
309.8171,33.2183,42.2149,54.1216
310.5773,35.1224,40.5756,52.0200
310.4591,36.0018,40.5756,52.0200
310.4197,35.7805,40.5756,52.0200
310.4244,35.2935,40.5756,52.0200
311.6427,34.3507,40.5756,52.0200
312.1638,34.3447,40.5756,52.0200
313.1550,34.5470,40.5756,52.0200
314.3913,34.8158,39.0000,50.0000
315.9555,35.5845,37.4856,48.0584
317.4934,36.6348,36.0300,46.1923
319.3621,37.2855,35.3235,45.2865
319.6916,36.4463,36.0300,46.1923
321.6493,35.6944,37.4856,48.0584
322.7113,35.4901,39.0000,50.0000
323.3746,34.8597,40.5756,52.0200
324.0518,34.6381,40.5756,52.0200
325.4097,36.7770,39.0000,50.0000
326.8674,37.9636,40.5756,52.0200
327.9386,39.1636,40.5756,52.0200
329.5269,40.4048,40.5756,52.0200
330.5749,42.4718,39.7800,51.0000
331.0496,43.6045,38.2353,49.0196
332.1808,44.9871,38.2353,49.0196
332.2339,45.6634,39.0000,50.0000
331.6356,45.2958,40.5756,52.0200
330.9526,46.4509,40.5756,52.0200
329.9302,45.8001,41.3871,53.0604
329.8548,47.2637,40.5756,52.0200
328.7767,48.8952,39.0000,50.0000
327.3628,48.2351,40.5756,52.0200
325.3321,48.9484,40.5756,52.0200
324.0164,48.3383,40.5756,52.0200
323.6468,49.9852,39.7800,51.0000
321.6528,50.4511,39.0000,50.0000
319.3732,49.1544,39.7800,51.0000
317.7812,49.2350,40.5756,52.0200
316.2509,48.6517,40.5756,52.0200
312.1196,48.5792,39.0000,50.0000
311.4629,48.5021,39.0000,50.0000
309.4715,47.1944,40.5756,52.0200
307.4281,47.5177,40.5756,52.0200
306.5384,47.6595,40.5756,52.0200
305.9737,48.0461,39.0000,50.0000
305.2595,48.3576,39.0000,50.0000
303.5407,47.8886,37.4856,48.0584
303.0871,47.2378,36.7506,47.1161
302.9494,47.4064,36.0300,46.1923
302.1014,46.2257,37.4856,48.0584
302.5374,48.0330,39.0000,50.0000
302.9208,48.2991,38.2353,49.0196
302.2246,46.1528,39.7800,51.0000
299.4182,43.6979,41.3871,53.0604
299.5024,44.4137,40.5756,52.0200
298.5412,44.0778,39.0000,50.0000
297.4721,43.7359,39.7800,51.0000
295.6604,44.0757,39.0000,50.0000
294.2430,42.8558,39.0000,50.0000
293.2427,43.5328,37.4856,48.0584
292.7508,43.2851,37.4856,48.0584
292.4896,45.1096,36.0300,46.1923
290.5828,43.5416,37.4856,48.0584
290.6507,43.7442,39.0000,50.0000
289.6258,44.1404,39.7800,51.0000
289.2226,44.5236,39.0000,50.0000
288.6591,45.5507,39.0000,50.0000
288.4698,45.5410,39.7800,51.0000
288.1237,45.7282,39.0000,50.0000
288.2431,47.1699,37.4856,48.0584
287.6605,46.4777,37.4856,48.0584
289.0142,47.9110,36.0300,46.1923
289.1531,47.7632,36.7506,47.1161
289.8900,47.6356,36.0300,46.1923
291.5274,50.2743,34.6309,44.3986
291.9413,48.3266,36.0300,46.1923
294.2476,49.8896,34.6309,44.3986
293.6393,48.6554,36.0300,46.1923
293.9592,47.3345,37.4856,48.0584
295.7772,48.7074,36.0300,46.1923
298.4249,49.5037,35.3235,45.2865
299.5432,49.0304,36.0300,46.1923
301.3971,49.3135,36.0300,46.1923
302.7266,49.8752,35.3235,45.2865
304.4245,50.3630,35.3235,45.2865
307.2451,51.1628,35.3235,45.2865
310.3512,51.9910,34.6309,44.3986
311.7663,53.6451,33.2861,42.6745
312.5089,53.2716,32.6335,41.8378
314.2807,54.1027,33.2861,42.6745
315.0772,53.8830,32.6335,41.8378
318.3283,55.5334,33.2861,42.6745
319.5165,56.4450,31.9936,41.0174
321.4496,56.8272,33.2861,42.6745
322.5355,58.3625,33.2861,42.6745
325.1502,59.0165,33.2861,42.6745
326.9335,59.4766,33.2861,42.6745
328.3551,60.8883,31.9936,41.0174
328.9119,60.8669,31.9936,41.0174
331.2925,62.2641,33.2861,42.6745
331.8666,62.6276,32.6335,41.8378
332.6478,63.6360,31.9936,41.0174
333.0439,64.5389,31.9936,41.0174
333.9496,65.4555,33.2861,42.6745
334.3197,65.7055,32.6335,41.8378
335.5790,67.1396,33.9518,43.5280
334.4563,65.2498,35.3235,45.2865
335.4055,67.6849,34.6309,44.3986
334.9758,68.6277,34.6309,44.3986
334.2150,68.1051,36.0300,46.1923
333.6125,69.2141,35.3235,45.2865
333.1100,69.9047,36.0300,46.1923
333.2963,70.2622,35.3235,45.2865
332.8879,70.8660,35.3235,45.2865
332.5987,71.0019,35.3235,45.2865
332.8238,70.3602,35.3235,45.2865
333.2186,70.3063,36.0300,46.1923
332.7172,69.2816,36.0300,46.1923
332.5690,68.2522,36.7506,47.1161
332.4412,67.9667,36.7506,47.1161
332.3510,67.3699,36.7506,47.1161
332.0657,67.5643,35.3235,45.2865
331.8600,67.3355,35.3235,45.2865
331.9317,67.0561,35.3235,45.2865
330.2132,66.6906,36.0300,46.1923
330.5566,67.2116,36.0300,46.1923
329.9657,66.7362,36.7506,47.1161
329.7065,66.8452,37.4856,48.0584
328.4984,67.5435,37.4856,48.0584
327.9810,67.6077,37.4856,48.0584
327.1207,67.8251,37.4856,48.0584
325.3045,68.0887,37.4856,48.0584
325.7074,67.9617,39.0000,50.0000
325.0814,69.8520,37.4856,48.0584
324.9573,70.4243,36.0300,46.1923
324.6367,71.6658,35.3235,45.2865
324.0548,71.7126,36.7506,47.1161
323.1180,71.9088,36.0300,46.1923
322.7764,72.4339,36.0300,46.1923
320.8249,73.8238,35.3235,45.2865
319.8885,73.2114,36.0300,46.1923
318.7525,74.3222,35.3235,45.2865
316.9470,74.6153,36.7506,47.1161
315.7115,74.9947,36.7506,47.1161
314.8787,75.4279,36.7506,47.1161
312.7026,75.7336,36.7506,47.1161
311.1939,75.2694,37.4856,48.0584
309.3709,75.2834,38.2353,49.0196
307.6467,76.3402,37.4856,48.0584
306.3054,76.5120,37.4856,48.0584
304.3271,77.8345,36.0300,46.1923
303.1623,78.3974,36.7506,47.1161
300.4463,78.4012,37.4856,48.0584
298.8866,77.5488,39.0000,50.0000
297.0550,78.2815,38.2353,49.0196
296.8657,79.8414,36.7506,47.1161
295.0601,80.1479,36.7506,47.1161
293.8871,79.6504,38.2353,49.0196
293.4243,81.1279,36.7506,47.1161
293.4511,82.1767,36.0300,46.1923
292.9352,83.0564,36.7506,47.1161
293.1815,84.1561,36.0300,46.1923
292.1868,85.3075,36.7506,47.1161
291.3878,86.0161,37.4856,48.0584
292.0423,88.6963,36.0300,46.1923
293.4234,90.9552,34.6309,44.3986
294.0542,93.1325,35.3235,45.2865
293.3872,95.5746,36.7506,47.1161
294.4862,98.3161,35.3235,45.2865
294.2971,99.1642,36.7506,47.1161
293.6006,103.6219,37.4856,48.0584
294.2229,105.7258,36.7506,47.1161
294.7585,110.3891,35.3235,45.2865
295.0200,112.1177,35.3235,45.2865
294.3876,115.5607,36.0300,46.1923
294.3542,117.7046,36.0300,46.1923
293.4631,118.0840,36.7506,47.1161
292.0399,120.3046,36.0300,46.1923
293.0764,122.4363,34.6309,44.3986
292.0592,124.5436,33.2861,42.6745
292.1231,123.8592,31.9936,41.0174
295.6639,123.0558,31.9936,41.0174
297.7810,122.3714,33.2861,42.6745
303.9562,116.7456,33.9518,43.5280
305.5831,114.2107,33.9518,43.5280
307.2057,111.4191,34.6309,44.3986
308.5153,105.5193,34.6309,44.3986
308.8656,103.3254,33.9518,43.5280
307.6390,96.9101,33.2861,42.6745
306.6325,94.3391,33.2861,42.6745
304.3970,90.0377,33.2861,42.6745
298.1828,81.8811,34.6309,44.3986
296.2721,78.4516,36.0300,46.1923
292.8706,71.1938,37.4856,48.0584
291.7221,68.3269,37.4856,48.0584
291.0540,66.4161,39.0000,50.0000
284.9206,59.1487,37.4856,48.0584
285.1491,56.7940,36.7506,47.1161
284.5653,53.9096,37.4856,48.0584
283.0141,47.9697,37.4856,48.0584
283.6867,46.1592,36.0300,46.1923
284.8749,39.8692,35.3235,45.2865
285.4455,37.5707,34.6309,44.3986
282.1255,34.6057,35.3235,45.2865
283.0388,33.3327,33.9518,43.5280
282.1390,29.5591,33.9518,43.5280
279.4732,27.0564,32.6335,41.8378
279.7427,26.1754,31.3663,40.2132
278.5505,22.7305,31.3663,40.2132
277.0946,21.0771,30.7512,39.4247
276.2995,19.8577,31.3663,40.2132
275.4970,18.7901,31.3663,40.2132
274.4960,16.2996,30.1483,38.6516
274.8828,17.5676,28.9776,37.1507
274.2951,16.6995,27.8523,35.7081
274.5029,15.7814,27.8523,35.7081
274.0059,15.1019,27.8523,35.7081
273.9862,14.7614,28.9776,37.1507
273.6562,13.7732,30.1483,38.6516
273.7191,13.9192,31.3663,40.2132
274.5977,14.6803,31.3663,40.2132
273.6303,15.5163,30.7512,39.4247
273.9440,15.8249,31.3663,40.2132
273.0146,16.4870,31.9936,41.0174
274.4543,17.0326,31.3663,40.2132
273.8729,17.3692,31.3663,40.2132
273.7828,18.6573,30.1483,38.6516
273.7709,19.1155,30.1483,38.6516
274.5431,20.6253,29.5571,37.8938
275.3309,21.4822,29.5571,37.8938
275.4678,21.5841,30.1483,38.6516
275.9695,23.8644,30.7512,39.4247
276.2137,25.4658,31.3663,40.2132
276.6851,27.1377,30.7512,39.4247
276.6089,27.8605,30.1483,38.6516
277.5341,29.6619,30.1483,38.6516
277.6055,30.9733,30.1483,38.6516
277.7564,32.6188,30.1483,38.6516
278.7252,36.0835,31.3663,40.2132
280.0131,37.5830,30.7512,39.4247
280.4228,39.7087,30.7512,39.4247
281.0524,41.2859,29.5571,37.8938
280.1169,42.6872,30.1483,38.6516
281.1191,44.1440,30.1483,38.6516
281.2812,46.1404,30.1483,38.6516
281.7690,49.5947,31.3663,40.2132
280.9163,50.7467,32.6335,41.8378
280.9952,53.1609,32.6335,41.8378
281.6832,54.3305,32.6335,41.8378
281.5320,56.3067,33.9518,43.5280
282.9113,58.3406,32.6335,41.8378
282.7717,61.7752,33.2861,42.6745
283.0161,62.5039,32.6335,41.8378
283.5674,67.3270,33.9518,43.5280
283.8025,69.8049,32.6335,41.8378
283.8786,71.4369,32.6335,41.8378
286.2992,74.7543,31.3663,40.2132
284.6121,75.2093,32.6335,41.8378
