264.0000,311.0000,37.0000,69.0000
266.0943,310.1813,36.2745,67.6471
265.0161,307.6517,37.0000,69.0000
266.5857,306.6513,36.2745,67.6471
266.7011,299.9650,37.0000,69.0000
268.0547,298.8800,37.0000,69.0000
269.2302,299.3591,35.5632,66.3206
270.6779,297.8462,34.8659,65.0202
269.7204,296.7618,36.2745,67.6471
268.9418,292.8198,37.7400,70.3800
266.4162,293.2427,37.7400,70.3800
263.5511,292.6754,38.4948,71.7876
262.7426,292.5122,39.2647,73.2234
262.6726,289.9931,39.2647,73.2234
262.8842,288.6153,39.2647,73.2234
261.9008,290.5194,37.7400,70.3800
259.4062,290.2394,37.0000,69.0000
257.7004,289.1103,37.0000,69.0000
256.3020,288.9492,35.5632,66.3206
254.7956,288.4832,37.0000,69.0000
252.4778,288.0016,37.0000,69.0000
251.7159,287.1156,37.0000,69.0000
250.8271,286.0243,37.0000,69.0000
250.3200,285.6796,35.5632,66.3206
248.9791,283.8924,37.0000,69.0000
247.1599,283.9223,37.0000,69.0000
246.0858,284.6047,37.0000,69.0000
246.7443,285.1169,35.5632,66.3206
245.5209,287.1261,34.1823,63.7453
244.4197,285.3328,34.8659,65.0202
243.2268,285.6735,36.2745,67.6471
240.7049,287.1508,37.7400,70.3800
239.6790,282.3700,39.2647,73.2234
236.7340,278.5161,40.0500,74.6878
235.8757,277.4901,39.2647,73.2234
233.0517,276.6457,38.4948,71.7876
232.4397,276.6765,37.0000,69.0000
231.9232,276.1805,37.0000,69.0000
231.5030,277.4296,35.5632,66.3206
232.1948,276.8003,34.1823,63.7453
231.5851,275.0546,34.8659,65.0202
230.5514,278.4106,34.1823,63.7453
229.8513,278.4138,34.1823,63.7453
230.6541,276.7657,32.8549,61.2700
230.6208,277.9799,32.8549,61.2700
230.6803,278.7909,31.5791,58.8908
232.5537,278.0911,32.2107,60.0687
234.3206,277.7195,32.2107,60.0687
234.2844,280.4903,32.2107,60.0687
236.0181,280.9199,33.5120,62.4954
245.5699,278.2981,34.8659,65.0202
248.2787,276.8877,34.8659,65.0202
249.2246,276.1768,35.5632,66.3206
251.5393,274.2186,35.5632,66.3206
256.8026,276.1415,34.8659,65.0202
257.8455,277.3637,33.5120,62.4954
258.8799,274.0159,34.8659,65.0202
260.2634,274.5062,36.2745,67.6471
262.9321,273.9057,37.0000,69.0000
264.2380,276.2307,36.2745,67.6471
266.9090,276.4490,34.8659,65.0202
268.6726,276.7981,33.5120,62.4954
270.2260,276.2265,34.1823,63.7453
232.3877,273.9388,34.1823,63.7453
230.7255,273.1853,35.5632,66.3206
229.4631,273.2597,35.5632,66.3206
228.1600,273.9968,36.2745,67.6471
227.9438,276.1811,36.2745,67.6471
228.5387,275.1751,36.2745,67.6471
228.4873,274.7201,36.2745,67.6471
228.4991,274.9914,34.8659,65.0202
228.3289,273.3041,34.1823,63.7453
226.5723,272.5587,34.8659,65.0202
227.7199,272.6666,33.5120,62.4954
227.1141,271.0797,33.5120,62.4954
224.9913,270.5113,34.8659,65.0202
224.9795,271.9853,34.8659,65.0202
226.6546,272.1592,33.5120,62.4954
225.6475,272.0015,32.8549,61.2700
224.2165,273.4918,33.5120,62.4954
222.8835,274.3032,34.1823,63.7453
222.0117,276.1810,33.5120,62.4954
221.3491,276.7859,34.1823,63.7453
220.4237,278.1171,33.5120,62.4954
217.8365,277.1487,34.8659,65.0202
219.6199,279.5401,33.5120,62.4954
218.7633,279.8590,34.8659,65.0202
219.2177,279.6997,36.2745,67.6471
220.3725,278.4529,36.2745,67.6471
221.3700,277.2360,37.7400,70.3800
222.4971,276.6934,36.2745,67.6471
222.0863,276.2248,35.5632,66.3206
223.2005,276.2893,35.5632,66.3206
224.1581,278.8252,34.1823,63.7453
224.2274,278.9095,35.5632,66.3206
226.3356,280.4260,34.1823,63.7453
228.7625,283.2292,33.5120,62.4954
230.3532,283.4778,34.1823,63.7453
232.3900,284.1468,32.8549,61.2700
233.8659,284.7889,32.2107,60.0687
235.0696,286.2725,32.8549,61.2700
236.4004,285.6565,34.1823,63.7453
238.1229,286.8218,34.1823,63.7453
238.9947,287.6990,32.8549,61.2700
239.6121,287.5312,33.5120,62.4954
240.8434,287.9092,32.8549,61.2700
242.9998,287.6064,32.8549,61.2700
245.2675,288.7702,31.5791,58.8908
246.5131,288.8878,31.5791,58.8908
247.8864,288.8338,32.2107,60.0687
249.4654,290.2907,30.9599,57.7361
250.9875,290.4576,31.5791,58.8908
252.7610,288.7999,32.2107,60.0687
253.8937,289.0877,31.5791,58.8908
252.8418,289.5524,31.5791,58.8908
252.3745,290.3775,32.8549,61.2700
253.8420,290.5435,31.5791,58.8908
253.7141,292.1004,30.9599,57.7361
253.4769,294.2437,29.7577,55.4941
253.1636,293.2282,29.7577,55.4941
252.5722,289.5690,30.9599,57.7361
252.3225,288.4286,30.9599,57.7361
253.3061,290.0174,30.3529,56.6040
253.5569,290.3616,29.1742,54.4060
253.8945,290.8484,29.7577,55.4941
253.3213,291.8170,28.6022,53.3392
253.5100,290.8283,28.6022,53.3392
254.2431,291.7171,29.1742,54.4060
253.8349,293.2220,30.3529,56.6040
253.2614,292.1836,31.5791,58.8908
254.0710,290.7870,32.2107,60.0687
254.5082,290.7614,32.2107,60.0687
254.8494,292.0724,32.2107,60.0687
255.5256,292.4737,32.2107,60.0687
255.3157,292.7472,32.8549,61.2700
255.7890,293.7684,34.1823,63.7453
256.5799,294.3253,33.5120,62.4954
258.2406,295.5872,32.2107,60.0687
258.4822,296.1866,30.9599,57.7361
259.7480,295.6235,30.9599,57.7361
261.7111,295.8668,29.7577,55.4941
261.2720,295.8177,30.3529,56.6040
259.7960,296.1653,31.5791,58.8908
259.2507,297.1935,31.5791,58.8908
259.8774,297.7492,30.3529,56.6040
259.1618,298.2719,29.1742,54.4060
258.8186,297.2146,28.6022,53.3392
257.5509,296.8378,29.7577,55.4941
255.7832,296.7857,30.3529,56.6040
254.4592,296.0085,30.3529,56.6040
253.0932,298.5882,29.7577,55.4941
252.4698,299.6172,28.6022,53.3392
253.6664,298.3897,28.6022,53.3392
253.5926,298.0268,28.0414,52.2934
253.2785,298.1689,29.1742,54.4060
253.1800,297.4187,29.7577,55.4941
253.9627,295.9229,29.1742,54.4060
254.6976,295.9135,30.3529,56.6040
255.2883,296.5938,30.3529,56.6040
256.2127,296.7600,29.1742,54.4060
256.7150,298.0355,29.7577,55.4941
257.8209,298.1193,29.1742,54.4060
259.6837,298.6485,28.0414,52.2934
259.6111,297.8394,29.1742,54.4060
260.8127,298.2139,29.7577,55.4941
261.9525,299.0896,29.7577,55.4941
262.3023,301.0513,29.7577,55.4941
263.4005,298.4980,30.3529,56.6040
264.6876,298.7798,29.7577,55.4941
264.7916,298.2383,30.3529,56.6040
265.4471,298.2262,30.3529,56.6040
266.2753,297.8059,29.1742,54.4060
267.6380,298.6584,28.0414,52.2934
268.6145,295.9480,28.0414,52.2934
269.3938,296.9627,28.0414,52.2934
269.0633,298.2480,28.6022,53.3392
270.2938,299.0051,28.0414,52.2934
270.1618,299.7479,28.6022,53.3392
271.3955,300.8662,27.4915,51.2680
272.7805,302.9645,26.9525,50.2628
273.8469,304.0991,25.9059,48.3110
274.5050,303.8543,26.9525,50.2628
273.4996,305.1929,28.0414,52.2934
272.8488,305.6068,28.6022,53.3392
273.1518,305.1254,29.1742,54.4060
272.6166,306.3922,29.1742,54.4060
273.3452,307.0024,28.0414,52.2934
272.9437,306.7584,29.1742,54.4060
272.9516,307.6289,28.0414,52.2934
274.2007,308.7823,26.9525,50.2628
274.2945,307.7583,26.9525,50.2628
273.9534,307.2523,27.4915,51.2680
274.4501,307.5592,27.4915,51.2680
274.1337,307.0335,28.0414,52.2934
273.4315,306.9796,29.1742,54.4060
273.2538,306.7488,29.1742,54.4060
272.7191,307.5123,29.1742,54.4060
271.9704,308.5184,29.7577,55.4941
272.1484,308.5796,30.3529,56.6040
271.4149,308.9800,30.3529,56.6040
270.1872,309.0069,29.1742,54.4060
269.8578,308.3732,30.3529,56.6040
268.1635,309.0825,30.3529,56.6040
267.5351,311.6241,29.7577,55.4941
267.8158,310.4853,29.1742,54.4060
268.9521,310.3493,29.1742,54.4060
269.8412,311.1658,28.6022,53.3392
271.2083,312.9964,27.4915,51.2680
271.9336,315.9633,26.9525,50.2628
271.4817,314.1827,28.0414,52.2934
272.1152,313.7270,29.1742,54.4060
272.8380,315.5297,28.0414,52.2934
274.1387,316.2532,26.9525,50.2628
272.8227,314.6097,28.0414,52.2934
272.5139,314.0576,29.1742,54.4060
272.8646,315.2567,28.0414,52.2934
272.7649,314.3333,29.1742,54.4060
274.0715,314.3143,28.6022,53.3392
274.4796,313.1874,29.1742,54.4060
275.3678,313.0619,29.1742,54.4060
276.1054,313.0023,29.1742,54.4060
277.0768,314.6702,28.0414,52.2934
278.7719,316.4679,26.9525,50.2628
279.3064,314.9621,27.4915,51.2680
279.6854,316.0785,27.4915,51.2680
278.9711,315.7187,28.6022,53.3392
280.3327,313.3932,28.6022,53.3392
280.1620,312.0053,29.1742,54.4060
278.7765,311.4960,30.3529,56.6040
277.6720,312.2700,30.3529,56.6040
275.9983,314.5949,29.7577,55.4941
275.7606,314.1464,28.6022,53.3392
276.1520,312.7894,29.7577,55.4941
275.3038,312.9179,29.7577,55.4941
273.8937,310.4565,29.1742,54.4060
272.8123,309.9754,29.7577,55.4941
271.9162,308.5391,29.7577,55.4941
270.7834,307.2276,29.1742,54.4060
269.4513,306.5265,28.6022,53.3392
270.0489,307.4634,27.4915,51.2680
271.3034,307.1192,28.6022,53.3392
270.9943,304.7118,28.6022,53.3392
269.4646,302.4481,29.7577,55.4941
270.4990,300.4412,28.6022,53.3392
271.0036,294.7804,28.6022,53.3392
270.7579,292.0502,29.1742,54.4060
269.1171,294.1699,29.7577,55.4941
270.9575,298.7529,28.6022,53.3392
270.9758,299.5018,29.1742,54.4060
265.6616,292.8345,29.7577,55.4941
261.5947,289.1930,29.7577,55.4941
255.3462,286.6889,29.1742,54.4060
251.3203,285.7594,29.1742,54.4060
249.3355,286.0606,30.3529,56.6040
251.4132,289.4139,29.7577,55.4941
251.5822,287.2570,30.9599,57.7361
252.6495,287.5560,30.3529,56.6040
252.5332,288.4776,29.1742,54.4060
251.4111,289.3348,29.7577,55.4941
247.6935,286.9572,30.3529,56.6040
247.3443,287.6112,29.1742,54.4060
245.1416,286.2761,29.1742,54.4060
243.3061,286.3494,30.3529,56.6040
243.3376,289.4496,29.1742,54.4060
244.3850,291.1172,30.3529,56.6040
244.8507,290.6457,29.7577,55.4941
244.5499,291.0381,30.3529,56.6040
246.1768,293.2391,29.1742,54.4060
245.5003,293.5346,30.3529,56.6040
244.0478,292.1680,29.1742,54.4060
243.9117,291.9332,28.0414,52.2934
243.5766,293.5185,26.9525,50.2628
242.4061,293.7924,26.9525,50.2628
242.7784,293.5353,26.9525,50.2628
242.4529,293.9224,26.4240,49.2772
242.3952,294.7731,26.9525,50.2628
242.8258,296.1812,26.9525,50.2628
240.7215,295.5176,26.4240,49.2772
239.4112,297.5588,26.9525,50.2628
238.4786,300.4742,25.9059,48.3110
238.0609,300.3101,25.9059,48.3110
236.9664,299.5843,26.4240,49.2772
235.7709,299.3411,26.4240,49.2772
236.4541,299.9630,26.4240,49.2772
237.0559,298.7572,26.9525,50.2628
236.4733,296.9809,26.9525,50.2628
234.8719,293.5639,28.0414,52.2934
233.9703,290.9983,28.0414,52.2934
233.8444,287.5609,28.0414,52.2934
235.1421,285.3234,28.0414,52.2934
236.1870,286.0188,26.9525,50.2628
234.7943,286.6345,26.9525,50.2628
234.4676,285.5124,26.4240,49.2772
235.7036,282.5596,27.4915,51.2680
236.2999,280.0124,28.6022,53.3392
236.6657,279.5196,28.6022,53.3392
236.9909,279.4314,29.1742,54.4060
238.2884,280.5494,28.6022,53.3392
240.1211,281.1844,28.6022,53.3392
242.1907,281.7709,27.4915,51.2680
244.4678,281.0769,28.0414,52.2934
245.8969,279.7147,29.1742,54.4060
249.5654,280.1498,28.0414,52.2934
251.1125,278.2909,29.1742,54.4060
254.4836,279.8593,28.0414,52.2934
257.6295,279.9879,28.6022,53.3392
260.5145,280.7979,27.4915,51.2680
263.9163,279.8606,28.6022,53.3392
268.6354,280.3632,28.6022,53.3392
273.6179,281.4540,27.4915,51.2680
278.7530,283.8533,26.9525,50.2628
282.1972,284.8329,26.9525,50.2628
285.9493,284.5886,27.4915,51.2680
288.3589,285.3104,26.9525,50.2628
289.1301,284.0597,28.0414,52.2934
286.8387,283.5924,28.6022,53.3392
286.3626,282.6642,28.6022,53.3392
287.2728,282.8986,29.1742,54.4060
287.7282,281.8848,29.7577,55.4941
289.3240,280.3902,29.7577,55.4941
289.9044,280.2673,29.1742,54.4060
290.9832,279.7704,30.3529,56.6040
292.4123,279.8167,29.7577,55.4941
294.2291,280.1911,28.6022,53.3392
293.9791,279.8580,28.6022,53.3392
292.9681,280.1238,29.7577,55.4941
291.9873,280.5023,29.7577,55.4941
292.2518,280.0899,29.7577,55.4941
291.6052,279.2137,30.3529,56.6040
292.3098,280.3474,29.7577,55.4941
291.5803,278.3159,28.6022,53.3392
291.4188,276.5066,29.1742,54.4060
288.5445,278.0357,28.0414,52.2934
287.3881,277.5099,29.1742,54.4060
287.4932,274.8420,28.6022,53.3392
283.7971,272.2374,27.4915,51.2680
280.3854,277.5233,28.6022,53.3392
278.1331,284.7926,29.1742,54.4060
282.6704,291.6464,29.1742,54.4060
287.2557,291.3935,29.7577,55.4941
291.5661,289.6118,29.7577,55.4941
291.0984,292.2092,28.6022,53.3392
287.0772,297.6771,27.4915,51.2680
286.9197,301.4632,26.4240,49.2772
282.2950,296.3103,25.3979,47.3637
281.1664,289.6023,26.4240,49.2772
278.4121,287.4081,26.9525,50.2628
274.5272,291.2284,26.9525,50.2628
270.3493,292.5342,26.4240,49.2772
268.2006,291.4834,26.4240,49.2772
264.2050,291.8009,26.9525,50.2628
262.1876,295.3192,26.9525,50.2628
259.9569,294.9821,27.4915,51.2680
260.7739,295.5001,28.0414,52.2934
261.3698,298.0270,27.4915,51.2680
259.4009,300.2297,27.4915,51.2680
258.7752,303.6806,26.4240,49.2772
257.6743,303.2614,27.4915,51.2680
257.8220,303.7110,28.0414,52.2934
258.3352,302.8068,28.6022,53.3392
259.2058,304.8850,27.4915,51.2680
257.6182,305.8326,27.4915,51.2680
255.9552,306.7440,26.9525,50.2628
254.9207,307.8823,26.4240,49.2772
252.6962,306.0554,26.9525,50.2628
251.1521,304.3282,26.9525,50.2628
248.2969,303.0415,27.4915,51.2680
244.4698,304.3867,27.4915,51.2680
238.8136,305.0969,26.9525,50.2628
235.2472,305.5762,26.4240,49.2772
228.9849,304.1341,26.4240,49.2772
222.5870,302.2812,26.9525,50.2628
219.6760,302.4007,27.4915,51.2680
217.4765,304.3508,28.0414,52.2934
217.3669,308.7569,26.9525,50.2628
215.5600,313.0827,27.4915,51.2680
216.2829,318.7144,26.9525,50.2628
216.2233,320.4202,26.9525,50.2628
214.1959,322.6593,28.0414,52.2934
214.3726,324.3042,27.4915,51.2680
212.7455,325.7992,26.4240,49.2772
210.0628,327.8728,26.4240,49.2772
206.6317,327.1027,27.4915,51.2680
202.9143,324.9346,28.6022,53.3392
200.6135,327.4584,28.0414,52.2934
197.0446,328.6003,27.4915,51.2680
195.4103,331.3889,26.4240,49.2772
193.3386,335.7686,26.9525,50.2628
188.8069,337.7688,28.0414,52.2934
189.4785,338.5197,26.9525,50.2628
190.5247,338.4767,26.9525,50.2628
188.9050,340.4706,25.9059,48.3110
187.2298,342.8585,26.9525,50.2628
185.2513,344.4382,26.4240,49.2772
184.1762,346.9327,25.3979,47.3637
182.4392,349.1082,26.4240,49.2772
180.5903,350.5096,25.9059,48.3110
178.5854,352.1107,26.4240,49.2772
177.1874,354.0302,26.4240,49.2772
174.1741,355.8166,25.9059,48.3110
172.1123,357.0035,26.9525,50.2628
171.6032,358.6779,25.9059,48.3110
171.2677,358.8379,26.4240,49.2772
171.1280,356.9971,27.4915,51.2680
173.0201,359.4817,26.4240,49.2772
172.4725,360.3418,26.4240,49.2772
174.3672,359.4116,25.3979,47.3637
176.4330,357.5806,26.4240,49.2772
177.9264,354.6150,25.9059,48.3110
180.0031,353.6359,26.4240,49.2772
179.6451,355.0588,26.4240,49.2772
180.5122,353.5863,26.9525,50.2628
183.5376,350.8123,25.9059,48.3110
186.6684,348.7958,26.9525,50.2628
189.1483,346.7193,26.9525,50.2628
192.8191,343.9450,25.9059,48.3110
196.3568,340.7866,26.9525,50.2628
202.6001,340.7397,25.9059,48.3110
207.4156,338.8187,26.4240,49.2772
209.4693,333.8571,27.4915,51.2680
212.0428,334.1968,26.9525,50.2628
212.7479,334.9889,26.9525,50.2628
214.6563,335.4453,25.9059,48.3110
216.9446,337.6450,24.8999,46.4350
216.7044,337.3906,25.3979,47.3637
216.7328,337.9641,25.3979,47.3637
217.0107,338.7199,25.3979,47.3637
217.5856,339.0905,26.4240,49.2772
218.5399,339.6848,25.3979,47.3637
219.2999,338.6528,25.3979,47.3637
220.1816,338.6739,25.3979,47.3637
220.5937,337.9905,26.4240,49.2772
221.2746,335.3713,26.9525,50.2628
220.1869,334.8962,25.9059,48.3110
221.0449,336.8680,24.8999,46.4350
219.8642,334.3204,25.9059,48.3110
218.8110,334.3143,25.9059,48.3110
217.1184,334.0716,25.9059,48.3110
216.7185,334.0269,26.4240,49.2772
215.9945,333.8934,26.9525,50.2628
214.0078,333.1885,28.0414,52.2934
213.2720,333.8809,28.0414,52.2934
213.6445,334.6638,26.9525,50.2628
215.1929,334.5664,26.4240,49.2772
215.3498,334.5616,25.3979,47.3637
215.4269,333.6611,25.9059,48.3110
216.7409,335.6695,24.8999,46.4350
216.4629,336.2865,23.9330,44.6319
214.4390,336.4725,24.4117,45.5245
214.9362,337.0830,24.8999,46.4350
215.0763,335.8212,25.9059,48.3110
217.6806,338.2723,24.8999,46.4350
216.7891,337.5755,25.3979,47.3637
217.6322,339.6878,24.8999,46.4350
217.1906,336.1179,25.9059,48.3110
217.4611,335.5097,25.9059,48.3110
217.2457,336.4391,26.4240,49.2772
217.3714,335.7190,25.3979,47.3637
216.4104,334.2269,26.4240,49.2772
216.1900,334.8809,25.3979,47.3637
216.6168,335.1144,24.8999,46.4350
216.1083,331.2396,25.9059,48.3110
218.0011,332.6818,26.4240,49.2772
218.6838,330.2997,27.4915,51.2680
222.3169,328.2889,26.9525,50.2628
222.8701,328.4816,25.9059,48.3110
222.8542,329.8158,25.3979,47.3637
223.3007,329.4672,26.4240,49.2772
222.6908,328.9395,26.4240,49.2772
222.1843,329.3990,25.9059,48.3110
221.8346,329.9910,25.3979,47.3637
222.1213,330.0339,26.4240,49.2772
221.9088,329.9159,26.9525,50.2628
222.8382,329.3623,26.4240,49.2772
221.9305,328.4504,26.9525,50.2628
219.2808,329.3790,27.4915,51.2680
220.5616,331.8292,26.4240,49.2772
220.2176,329.9384,26.9525,50.2628
218.7623,332.5783,26.4240,49.2772
219.2876,333.7281,25.9059,48.3110
220.0190,332.0816,25.9059,48.3110
221.0008,331.5437,25.3979,47.3637
220.8986,333.4690,24.8999,46.4350
218.7756,332.0322,25.3979,47.3637
217.3976,330.2331,25.3979,47.3637
218.1091,332.4322,24.8999,46.4350
219.3051,333.1113,24.4117,45.5245
219.6539,332.8666,25.3979,47.3637
221.5770,333.5369,26.4240,49.2772
221.8119,334.6749,26.4240,49.2772
222.3063,335.4873,25.3979,47.3637
222.8809,332.9467,26.4240,49.2772
224.5992,332.0341,25.3979,47.3637
226.5361,329.6244,26.4240,49.2772
227.5189,328.1283,26.4240,49.2772
227.9752,328.2244,25.3979,47.3637
229.1409,327.9220,24.8999,46.4350
229.2973,327.1180,24.8999,46.4350
230.0505,327.7567,24.8999,46.4350
229.5296,326.8489,25.9059,48.3110
229.7066,327.9278,26.4240,49.2772
229.8073,330.3255,26.4240,49.2772
230.4781,333.2856,25.3979,47.3637
231.0452,334.3393,25.3979,47.3637
232.0820,334.9040,26.4240,49.2772
231.4916,335.7939,26.4240,49.2772
232.7733,334.2826,26.4240,49.2772
231.8848,335.2062,26.4240,49.2772
228.9255,337.9450,25.3979,47.3637
228.2600,338.6636,25.3979,47.3637
228.4002,338.9492,24.8999,46.4350
226.5542,338.8446,24.8999,46.4350
224.7731,337.5337,25.3979,47.3637
223.5554,336.8382,24.4117,45.5245
224.3010,337.4851,23.9330,44.6319
224.3240,338.0805,23.9330,44.6319
224.3660,337.2432,24.4117,45.5245
224.3302,335.2392,25.3979,47.3637
224.2560,335.5228,25.3979,47.3637
224.3907,335.6139,24.4117,45.5245
225.6167,337.4018,23.4638,43.7568
225.4781,336.8901,23.4638,43.7568
225.8137,338.2243,22.5526,42.0576
223.9485,339.2361,23.4638,43.7568
221.9339,339.1865,23.9330,44.6319
221.5433,339.2661,23.9330,44.6319
220.9230,338.2873,24.4117,45.5245
220.8295,340.2052,23.4638,43.7568
219.6459,341.2959,23.4638,43.7568
218.5273,342.2580,23.4638,43.7568
218.1520,343.2156,22.5526,42.0576
215.9518,343.1790,23.0037,42.8988
214.0046,342.5820,23.9330,44.6319
215.7566,340.8862,24.8999,46.4350
214.8175,340.4823,24.8999,46.4350
213.5567,340.7605,24.4117,45.5245
215.8674,339.6687,24.8999,46.4350
214.3698,334.2702,25.9059,48.3110
215.1902,332.3248,25.9059,48.3110
216.1096,331.1957,25.3979,47.3637
215.5232,331.1596,25.9059,48.3110
213.6949,329.8392,26.9525,50.2628
213.5254,329.5147,25.9059,48.3110
213.8246,330.4409,25.3979,47.3637
211.0494,330.6151,25.3979,47.3637
211.5601,333.0388,24.4117,45.5245
211.7023,332.8468,23.9330,44.6319
210.7213,334.0116,24.8999,46.4350
207.6491,332.5686,25.9059,48.3110
206.9317,332.3837,25.9059,48.3110
205.2170,331.4642,26.9525,50.2628
203.3106,331.4086,27.4915,51.2680
202.6226,330.9700,27.4915,51.2680
203.4731,331.8321,26.4240,49.2772
201.5281,332.3610,25.9059,48.3110
200.7137,333.7357,25.3979,47.3637
201.3130,333.7360,25.9059,48.3110
202.2369,332.4189,26.4240,49.2772
202.6233,333.5293,25.3979,47.3637
203.7138,332.6811,26.4240,49.2772
204.8467,332.4603,26.4240,49.2772
202.9831,331.9411,27.4915,51.2680
202.2767,334.4247,26.9525,50.2628
202.0042,335.5371,25.9059,48.3110
201.8712,336.7200,26.4240,49.2772
201.1048,337.6477,26.4240,49.2772
198.8020,339.4801,25.3979,47.3637
197.4376,340.8882,26.4240,49.2772
195.7105,340.8581,26.4240,49.2772
195.9308,341.3155,25.9059,48.3110
195.4585,339.0268,26.4240,49.2772
195.2766,339.8515,25.9059,48.3110
194.3386,340.1482,25.9059,48.3110
196.2505,336.7949,25.9059,48.3110
197.0193,335.8345,26.4240,49.2772
196.3671,337.7574,25.3979,47.3637
196.1171,336.5432,25.3979,47.3637
197.7500,334.4204,26.4240,49.2772
197.7209,333.3000,25.9059,48.3110
199.9428,331.2390,26.4240,49.2772
199.9765,330.8768,25.3979,47.3637
199.3728,332.1959,25.3979,47.3637
198.2161,332.0024,26.4240,49.2772
198.3189,330.7496,26.4240,49.2772
199.1772,331.7713,26.4240,49.2772
196.8699,329.7803,27.4915,51.2680
198.5933,329.7909,26.4240,49.2772
197.5987,328.5317,26.9525,50.2628
195.3417,328.1136,28.0414,52.2934
192.9779,329.2265,27.4915,51.2680
190.3269,328.7157,28.0414,52.2934
190.5093,330.0818,27.4915,51.2680
188.4112,332.1966,26.9525,50.2628
186.9755,334.2032,26.4240,49.2772
185.0903,332.3620,27.4915,51.2680
183.8641,331.5846,28.0414,52.2934
183.6503,331.3850,28.0414,52.2934
182.8842,331.1441,28.0414,52.2934
182.3086,330.0429,28.6022,53.3392
182.1303,329.6205,29.1742,54.4060
182.6742,331.8258,28.0414,52.2934
180.9017,330.3998,29.1742,54.4060
181.7417,331.6677,28.0414,52.2934
181.3060,330.7942,28.0414,52.2934
182.2810,332.9300,26.9525,50.2628
181.3182,331.2159,28.0414,52.2934
181.2686,332.3074,26.9525,50.2628
180.7431,333.6167,26.4240,49.2772
181.0448,335.1558,26.4240,49.2772
180.9374,335.5904,26.4240,49.2772
180.4601,335.9621,26.4240,49.2772
179.5919,336.3935,26.4240,49.2772
177.7965,335.6406,26.4240,49.2772
175.7601,334.4746,27.4915,51.2680
175.7635,335.6610,26.9525,50.2628
174.4743,337.5848,25.9059,48.3110
173.5723,338.2044,25.9059,48.3110
174.8788,339.4485,25.3979,47.3637
176.0118,339.4521,26.4240,49.2772
176.9808,338.8097,27.4915,51.2680
178.1509,338.3328,28.6022,53.3392
183.5970,340.6990,28.0414,52.2934
188.6420,341.3956,26.9525,50.2628
192.2428,338.7551,28.0414,52.2934
194.6286,339.3935,26.9525,50.2628
195.4924,336.3935,28.0414,52.2934
198.1596,336.5937,27.4915,51.2680
196.0408,334.4204,28.6022,53.3392
195.3379,333.6317,29.1742,54.4060
193.7932,334.5176,28.0414,52.2934
191.8885,332.2453,28.6022,53.3392
190.5361,330.9345,29.1742,54.4060
190.7653,330.8254,28.0414,52.2934
191.9509,330.4269,26.9525,50.2628
191.1727,325.8128,28.0414,52.2934
190.6930,324.1298,26.9525,50.2628
187.8603,321.9940,26.9525,50.2628
184.1428,318.9151,27.4915,51.2680
178.9680,315.5438,28.6022,53.3392
173.8887,316.7629,27.4915,51.2680
172.9531,318.8597,28.6022,53.3392
172.2415,322.3897,27.4915,51.2680
172.3639,324.8195,27.4915,51.2680
171.4269,325.9922,26.9525,50.2628
173.4426,325.2855,26.9525,50.2628
173.6856,323.7186,27.4915,51.2680
170.9741,325.3309,27.4915,51.2680
171.1335,326.6907,28.0414,52.2934
172.3732,328.1824,26.9525,50.2628
174.3173,329.5043,26.9525,50.2628
173.9738,328.4448,28.0414,52.2934
174.8368,330.2919,26.9525,50.2628
176.2728,331.3326,26.9525,50.2628
175.2124,332.6985,26.9525,50.2628
174.3894,333.0804,27.4915,51.2680
175.8833,336.0538,26.4240,49.2772
175.9992,335.1587,26.9525,50.2628
174.6233,337.0077,26.9525,50.2628
176.3163,337.3930,26.4240,49.2772
176.4774,336.4973,25.3979,47.3637
176.5861,335.4559,25.9059,48.3110
176.8298,334.7430,25.3979,47.3637
178.1158,334.0576,24.4117,45.5245
178.5980,334.9353,23.4638,43.7568
178.1174,332.2052,24.4117,45.5245
179.5435,328.3987,23.9330,44.6319
180.9812,327.7650,23.4638,43.7568
181.1226,327.4171,23.0037,42.8988
182.0011,325.7729,22.1104,41.2330
182.9063,324.9860,21.6769,40.4245
183.2077,323.5227,22.1104,41.2330
182.4704,324.2717,22.1104,41.2330
181.1074,328.6995,21.6769,40.4245
183.2643,330.4077,21.6769,40.4245
184.0470,332.6923,20.8352,38.8547
188.0402,336.0606,20.0261,37.3460
189.2320,341.7591,20.4266,38.0929
185.9379,346.2111,19.6334,36.6137
182.5709,348.4121,18.8710,35.1919
180.3224,346.5838,18.1383,33.8254
180.7266,346.4251,17.7826,33.1622
180.3834,343.4888,17.4339,32.5119
180.1354,339.5775,17.7826,33.1622
179.3206,338.9965,17.4339,32.5119
178.9903,338.4406,17.7826,33.1622
179.0230,339.4010,18.1383,33.8254
179.7897,338.5278,18.5010,34.5019
182.2914,336.6359,17.7826,33.1622
182.0580,335.7787,18.5010,34.5019
182.5007,338.1844,18.5010,34.5019
182.9767,340.5057,19.2485,35.8958
183.6615,340.0696,19.6334,36.6137
183.4060,338.3817,20.4266,38.0929
181.1292,336.9507,20.8352,38.8547
179.9861,338.6465,20.4266,38.0929
179.1333,336.2644,21.2519,39.6318
178.9113,336.1264,21.6769,40.4245
177.5627,334.6918,21.2519,39.6318
176.5401,332.8138,21.6769,40.4245
176.4855,332.0643,22.5526,42.0576
175.6801,332.2206,22.5526,42.0576
174.6125,329.3866,23.4638,43.7568
174.1971,327.5141,24.4117,45.5245
176.0586,329.0035,24.8999,46.4350
177.3764,330.1692,24.4117,45.5245
178.1929,330.6849,24.4117,45.5245
179.8977,331.4268,25.3979,47.3637
179.4505,333.4996,24.4117,45.5245
179.1241,334.4654,24.8999,46.4350
180.2547,335.7558,25.3979,47.3637
181.9451,335.6806,26.4240,49.2772
180.2085,334.7343,26.9525,50.2628
177.7816,334.5676,25.9059,48.3110
177.0014,334.7249,26.9525,50.2628
172.2526,332.6213,28.0414,52.2934
166.8672,328.4740,28.6022,53.3392
162.2779,323.4191,29.1742,54.4060
162.7854,320.7910,29.1742,54.4060
161.3510,316.4431,30.3529,56.6040
159.1581,316.6495,30.3529,56.6040
156.1990,316.7136,30.3529,56.6040
155.5462,315.3150,30.9599,57.7361
154.4175,315.3478,32.2107,60.0687
156.1591,315.5123,33.5120,62.4954
157.5935,312.8296,34.8659,65.0202
161.8704,315.5588,33.5120,62.4954
167.5817,316.7532,32.8549,61.2700
169.4054,313.2798,34.1823,63.7453
172.8253,307.9865,34.8659,65.0202
175.3567,304.7167,35.5632,66.3206
188.4818,306.0533,36.2745,67.6471
203.2494,302.8568,36.2745,67.6471
202.6012,284.5592,37.0000,69.0000
199.0219,284.7014,38.4948,71.7876
182.1350,287.3201,37.7400,70.3800
172.7721,282.0901,39.2647,73.2234
169.1758,282.6618,40.8510,76.1816
163.3104,291.7165,39.2647,73.2234
149.0387,293.1461,40.8510,76.1816
145.2135,298.3998,40.8510,76.1816
144.5618,300.4903,42.5014,79.2593
144.9250,303.9579,41.6680,77.7052
148.4654,305.0744,43.3514,80.8445
149.1577,308.3429,42.5014,79.2593
149.8906,310.4085,42.5014,79.2593
149.8077,307.5605,43.3514,80.8445
151.8583,307.1151,42.5014,79.2593
152.8231,311.4857,41.6680,77.7052
151.6485,311.3395,40.8510,76.1816
152.2127,307.6889,42.5014,79.2593
151.7525,306.7726,40.8510,76.1816
149.5496,308.5092,40.8510,76.1816
147.8910,310.4921,40.8510,76.1816
147.5880,311.4716,40.8510,76.1816
146.5640,313.1765,40.8510,76.1816
144.6296,315.2044,40.8510,76.1816
145.8668,315.8872,41.6680,77.7052
145.8501,312.9903,43.3514,80.8445
146.8972,314.7935,41.6680,77.7052
146.2156,315.0647,40.8510,76.1816
147.6835,315.9103,40.0500,74.6878
149.1842,316.6967,41.6680,77.7052
150.8824,317.6353,41.6680,77.7052
151.9826,316.2809,40.8510,76.1816
152.2253,315.8594,40.8510,76.1816
154.7143,316.4679,41.6680,77.7052
154.5678,316.8658,43.3514,80.8445
154.5918,314.8055,44.2184,82.4614
157.4567,316.6259,42.5014,79.2593
159.9511,319.4949,42.5014,79.2593
160.1103,321.7994,42.5014,79.2593
160.0419,324.2774,40.8510,76.1816
161.4375,327.3750,40.8510,76.1816
157.7657,328.4950,42.5014,79.2593
157.8885,332.0830,43.3514,80.8445
158.8527,334.7939,42.5014,79.2593
161.4416,334.4636,41.6680,77.7052
160.8305,329.0154,43.3514,80.8445
158.8003,324.7489,42.5014,79.2593
154.7392,318.6730,44.2184,82.4614
151.4837,313.0729,44.2184,82.4614
153.5203,312.0945,42.5014,79.2593
150.0250,306.8743,43.3514,80.8445
143.2343,301.3581,44.2184,82.4614
141.9774,297.8922,43.3514,80.8445
146.1173,295.8916,42.5014,79.2593
150.2109,294.7937,41.6680,77.7052
150.7867,290.9422,40.8510,76.1816
153.7983,288.7069,42.5014,79.2593
156.5989,289.0359,40.8510,76.1816
157.5649,286.9283,41.6680,77.7052
147.8942,279.5307,42.5014,79.2593
148.5678,281.9116,43.3514,80.8445
148.6855,285.4715,42.5014,79.2593
152.0218,288.3998,42.5014,79.2593
152.4352,289.2602,41.6680,77.7052
149.4087,289.7520,41.6680,77.7052
147.8599,292.8692,40.8510,76.1816
145.0849,293.6948,40.0500,74.6878
142.4425,291.7739,40.8510,76.1816
142.4821,289.6673,41.6680,77.7052
139.7946,291.8474,40.8510,76.1816
137.0254,293.7545,41.6680,77.7052
134.8448,294.9681,40.8510,76.1816
134.5372,296.9759,41.6680,77.7052
135.2593,297.9889,41.6680,77.7052
136.0217,298.2833,40.8510,76.1816
134.9358,301.4843,40.0500,74.6878
132.5889,302.0386,41.6680,77.7052
132.4334,303.4320,42.5014,79.2593
130.1725,305.8007,41.6680,77.7052
129.6389,308.4957,40.8510,76.1816
129.4163,309.1829,41.6680,77.7052
130.7207,309.2868,43.3514,80.8445
131.3426,312.8604,43.3514,80.8445
132.1869,315.2239,41.6680,77.7052
131.8144,314.0396,40.8510,76.1816
131.8895,314.9036,40.8510,76.1816
132.4971,314.8075,41.6680,77.7052
132.3230,313.6310,41.6680,77.7052
130.0088,315.2985,40.8510,76.1816
130.4138,315.7416,41.6680,77.7052
129.5493,313.1457,43.3514,80.8445
129.3716,313.1175,43.3514,80.8445
132.1182,315.8397,41.6680,77.7052
132.0095,318.4231,40.8510,76.1816
130.5143,318.1946,40.8510,76.1816
132.2563,314.9810,41.6680,77.7052
132.7932,314.2067,41.6680,77.7052
131.5116,311.5735,40.8510,76.1816
131.9822,308.3576,42.5014,79.2593
129.7096,309.6194,40.8510,76.1816
129.6420,309.3828,40.8510,76.1816
130.6391,306.7661,42.5014,79.2593
132.0240,307.5088,40.8510,76.1816
132.4668,307.9105,41.6680,77.7052
132.3699,307.8928,41.6680,77.7052
132.6751,309.4642,41.6680,77.7052
134.2893,308.2613,42.5014,79.2593
136.3324,307.1497,42.5014,79.2593
137.1416,308.8170,40.8510,76.1816
135.8726,309.4573,42.5014,79.2593
135.6234,311.0528,42.5014,79.2593
134.0119,310.4343,40.8510,76.1816
136.7036,312.3050,40.8510,76.1816
137.2627,314.5891,42.5014,79.2593
137.9287,312.3980,43.3514,80.8445
140.6467,313.1690,42.5014,79.2593
142.6882,316.2505,41.6680,77.7052
143.9177,317.1937,43.3514,80.8445
146.1160,314.7994,44.2184,82.4614
149.6690,313.9792,43.3514,80.8445
152.5012,315.2451,43.3514,80.8445
152.9494,315.3788,42.5014,79.2593
152.9499,312.0567,43.3514,80.8445
150.0077,309.0755,44.2184,82.4614
148.7161,306.3701,44.2184,82.4614
146.6913,303.6281,44.2184,82.4614
146.1104,306.7692,42.5014,79.2593
144.0370,309.6032,42.5014,79.2593
144.0724,311.7203,44.2184,82.4614
140.9994,316.4735,45.1028,84.1106
138.9165,326.0879,43.3514,80.8445
135.0208,329.6329,44.2184,82.4614
133.8134,328.3265,44.2184,82.4614
132.4772,324.9718,44.2184,82.4614
135.5756,325.7221,42.5014,79.2593
134.0324,321.1577,44.2184,82.4614
134.0698,321.7014,44.2184,82.4614
134.1305,326.1480,42.5014,79.2593
134.4748,326.2396,42.5014,79.2593
135.7997,329.4103,40.8510,76.1816
137.4478,333.0822,42.5014,79.2593
138.0474,331.0678,44.2184,82.4614
140.0958,332.5303,44.2184,82.4614
144.7269,337.0643,43.3514,80.8445
148.9566,341.5577,43.3514,80.8445
150.0195,345.6841,43.3514,80.8445
151.4853,347.7644,45.1028,84.1106
152.4383,354.2941,43.3514,80.8445
148.3757,360.7087,43.3514,80.8445
145.5013,365.0612,42.5014,79.2593
143.4634,365.1344,40.8510,76.1816
139.2878,367.5372,39.2647,73.2234
135.9588,370.3104,38.4948,71.7876
132.1452,370.7605,39.2647,73.2234
129.3385,372.3227,40.8510,76.1816
127.5944,374.4127,39.2647,73.2234
122.2341,375.6473,40.8510,76.1816
119.4162,381.2093,42.5014,79.2593
116.6744,385.0752,43.3514,80.8445
118.9632,391.4303,42.5014,79.2593
116.0790,394.9917,42.5014,79.2593
120.2948,394.4248,40.8510,76.1816
125.5990,388.3879,39.2647,73.2234
127.9949,384.8721,40.8510,76.1816
128.0668,385.0962,40.8510,76.1816
129.6105,383.9351,40.8510,76.1816
132.3893,378.1169,41.6680,77.7052
135.7046,376.0998,40.8510,76.1816
143.7197,375.2155,41.6680,77.7052
144.6400,372.5013,42.5014,79.2593
144.6704,373.8420,43.3514,80.8445
144.4805,371.4155,44.2184,82.4614
143.5812,370.8263,43.3514,80.8445
141.5773,373.9466,42.5014,79.2593
140.7315,375.6763,43.3514,80.8445
139.6909,377.0633,41.6680,77.7052
140.0260,375.3248,42.5014,79.2593
138.9888,371.9117,44.2184,82.4614
139.0537,372.0275,42.5014,79.2593
136.8157,371.0277,44.2184,82.4614
138.4297,372.4142,43.3514,80.8445
137.8988,370.6262,44.2184,82.4614
140.6849,373.6314,42.5014,79.2593
143.9606,372.0429,42.5014,79.2593
145.6215,371.5507,41.6680,77.7052
150.3705,369.8006,43.3514,80.8445
153.5980,362.9250,44.2184,82.4614
162.1200,362.0455,42.5014,79.2593
168.3759,357.5287,43.3514,80.8445
169.5090,354.6721,45.1028,84.1106
170.9386,357.4753,44.2184,82.4614
180.9757,362.5235,42.5014,79.2593
186.6209,368.3556,43.3514,80.8445
188.0851,377.4336,42.5014,79.2593
184.6489,386.0480,40.8510,76.1816
185.1812,394.1552,41.6680,77.7052
186.7796,396.7574,42.5014,79.2593
194.2528,390.3337,43.3514,80.8445
203.8710,384.3671,42.5014,79.2593
210.1461,380.7921,42.5014,79.2593
215.8362,382.6380,40.8510,76.1816
220.9095,382.7997,42.5014,79.2593
226.8137,379.9654,43.3514,80.8445
235.2260,375.7037,42.5014,79.2593
243.7719,375.4681,42.5014,79.2593
249.6384,375.7968,40.8510,76.1816
257.1690,374.0437,42.5014,79.2593
260.6821,369.2224,42.5014,79.2593
260.4747,366.2758,43.3514,80.8445
256.8519,364.8286,43.3514,80.8445
255.4906,360.6076,43.3514,80.8445
254.1797,359.7315,41.6680,77.7052
249.5658,360.9260,40.0500,74.6878
241.5623,359.8885,40.8510,76.1816
236.1446,361.6476,40.8510,76.1816
230.9272,361.8758,40.8510,76.1816
226.6617,358.9385,42.5014,79.2593
222.3963,355.5141,42.5014,79.2593
218.0120,355.2504,40.8510,76.1816
215.1322,357.1552,40.8510,76.1816
213.6825,356.4041,41.6680,77.7052
212.3333,357.8440,40.8510,76.1816
210.4564,358.5847,40.8510,76.1816
210.6763,360.3390,40.8510,76.1816
209.9722,360.6108,42.5014,79.2593
210.1724,360.2621,40.8510,76.1816
211.1700,361.6455,42.5014,79.2593
211.8300,361.9805,41.6680,77.7052
214.7795,358.6708,43.3514,80.8445
216.9878,361.8370,41.6680,77.7052
216.6690,361.6472,40.8510,76.1816
217.9368,360.6437,41.6680,77.7052
218.5733,358.5053,40.8510,76.1816
219.5164,357.4611,40.8510,76.1816
217.9809,358.0573,42.5014,79.2593
216.6425,359.7199,42.5014,79.2593
215.7333,359.0788,42.5014,79.2593
217.4178,358.8004,40.8510,76.1816
218.4011,358.1416,40.8510,76.1816
217.7690,358.9013,41.6680,77.7052
219.0054,357.0337,41.6680,77.7052
219.9826,357.0366,40.8510,76.1816
222.8408,355.9099,41.6680,77.7052
226.8822,353.0858,42.5014,79.2593
229.6026,352.6506,41.6680,77.7052
231.4875,352.4944,42.5014,79.2593
234.5480,350.7925,42.5014,79.2593
237.5311,350.0151,42.5014,79.2593
239.6471,350.1360,40.8510,76.1816
240.2244,349.6407,42.5014,79.2593
238.5421,348.4421,44.2184,82.4614
236.1419,347.6086,45.1028,84.1106
235.0273,350.9033,43.3514,80.8445
231.1342,350.2141,41.6680,77.7052
230.6930,347.0343,42.5014,79.2593
227.6501,344.7496,44.2184,82.4614
227.0321,344.8008,45.1028,84.1106
227.8019,345.2751,43.3514,80.8445
227.2659,345.6261,42.5014,79.2593
227.4865,345.3652,44.2184,82.4614
229.0060,342.5975,43.3514,80.8445
226.7433,343.0040,43.3514,80.8445
223.1174,348.0398,41.6680,77.7052
222.5456,347.6780,42.5014,79.2593
222.8202,346.2904,43.3514,80.8445
223.0830,347.0556,43.3514,80.8445
222.4957,345.2261,43.3514,80.8445
222.0524,344.9634,43.3514,80.8445
220.3071,348.0749,42.5014,79.2593
218.4960,349.1692,43.3514,80.8445
218.3510,347.3529,43.3514,80.8445
218.1962,348.3285,42.5014,79.2593
216.6653,350.7985,43.3514,80.8445
216.0028,350.4184,43.3514,80.8445
215.9127,347.0278,45.1028,84.1106
215.0488,349.3003,45.1028,84.1106
216.4114,350.3503,43.3514,80.8445
218.9847,348.1951,43.3514,80.8445
219.5046,345.5711,44.2184,82.4614
221.0524,344.9463,44.2184,82.4614
224.8999,345.5290,42.5014,79.2593
226.6940,341.8354,43.3514,80.8445
230.0491,342.1952,41.6680,77.7052
229.1298,342.2970,43.3514,80.8445
228.2191,342.1370,44.2184,82.4614
227.4762,340.4000,45.1028,84.1106
228.1990,339.0598,44.2184,82.4614
227.9523,337.1290,44.2184,82.4614
227.6354,334.7004,44.2184,82.4614
226.6207,334.1563,43.3514,80.8445
225.2273,333.6857,42.5014,79.2593
223.3292,331.7010,44.2184,82.4614
223.1094,331.6668,44.2184,82.4614
221.9052,332.1082,44.2184,82.4614
222.5176,334.0645,43.3514,80.8445
221.8228,333.1765,45.1028,84.1106
223.1006,335.8225,43.3514,80.8445
221.9915,334.5282,45.1028,84.1106
221.8575,332.1230,45.1028,84.1106
225.1388,332.2038,43.3514,80.8445
229.9095,330.8024,43.3514,80.8445
229.4791,326.8116,44.2184,82.4614
229.2194,323.5739,45.1028,84.1106
229.8233,322.3074,45.1028,84.1106
228.7515,323.5175,43.3514,80.8445
228.4210,324.3429,42.5014,79.2593
223.5677,320.3820,44.2184,82.4614
224.4980,321.0135,42.5014,79.2593
221.4748,319.2691,43.3514,80.8445
219.8270,315.4921,45.1028,84.1106
218.0582,319.6318,43.3514,80.8445
214.4524,324.7636,42.5014,79.2593
206.7385,326.4233,42.5014,79.2593
200.6327,326.9115,44.2184,82.4614
198.2866,329.0398,44.2184,82.4614
195.1742,330.5803,43.3514,80.8445
194.4149,334.7030,42.5014,79.2593
190.9988,337.1962,41.6680,77.7052
189.7373,337.4205,43.3514,80.8445
189.9649,338.9538,42.5014,79.2593
189.6776,340.3713,42.5014,79.2593
189.5085,339.6331,43.3514,80.8445
188.4974,336.0898,44.2184,82.4614
189.8506,333.1514,44.2184,82.4614
194.0063,332.8580,42.5014,79.2593
193.1154,327.1752,44.2184,82.4614
193.7410,324.3909,45.1028,84.1106
198.6187,324.4930,43.3514,80.8445
198.0763,318.8175,45.1028,84.1106
200.3274,318.2709,44.2184,82.4614
200.8627,315.4145,44.2184,82.4614
203.9060,313.9742,43.3514,80.8445
204.6930,314.6877,42.5014,79.2593
203.5694,313.0964,42.5014,79.2593
204.9786,312.0421,43.3514,80.8445
204.2184,310.4714,44.2184,82.4614
201.7274,312.0000,44.2184,82.4614
199.7062,309.5326,46.0048,85.7928
200.7118,309.1169,44.2184,82.4614
198.7355,308.5380,43.3514,80.8445
196.2318,306.6195,43.3514,80.8445
195.1342,301.7717,44.2184,82.4614
195.9646,303.5922,42.5014,79.2593
194.9699,302.3435,44.2184,82.4614
195.7341,303.4440,42.5014,79.2593
194.2083,303.5115,42.5014,79.2593
197.1281,302.2733,44.2184,82.4614
197.3329,300.5779,44.2184,82.4614
199.0436,302.8436,43.3514,80.8445
196.9686,300.6927,45.1028,84.1106
197.8699,302.5831,43.3514,80.8445
197.9590,302.9521,44.2184,82.4614
198.3601,305.2434,43.3514,80.8445
197.3214,305.6363,43.3514,80.8445
195.1195,306.3515,44.2184,82.4614
195.0626,307.3358,44.2184,82.4614
195.6695,309.7794,42.5014,79.2593
194.5783,312.6579,42.5014,79.2593
192.2972,312.7110,44.2184,82.4614
188.5657,312.7625,46.0048,85.7928
187.9184,315.1147,44.2184,82.4614
188.3832,316.1433,43.3514,80.8445
184.9874,313.6585,45.1028,84.1106
183.5573,315.1360,44.2184,82.4614
183.6961,316.6123,43.3514,80.8445
182.1742,314.7061,43.3514,80.8445
181.8452,314.6036,44.2184,82.4614
181.4923,315.1956,43.3514,80.8445
183.1887,315.2319,42.5014,79.2593
182.2491,311.1108,44.2184,82.4614
181.2399,311.5559,43.3514,80.8445
179.8910,312.0051,43.3514,80.8445
179.5505,309.3724,45.1028,84.1106
182.1933,311.8178,43.3514,80.8445
181.3055,311.0600,43.3514,80.8445
183.7820,311.2633,42.5014,79.2593
183.2564,311.3935,42.5014,79.2593
179.8731,311.4152,44.2184,82.4614
180.2480,312.1176,44.2184,82.4614
180.0636,310.2825,45.1028,84.1106
180.9533,311.0692,45.1028,84.1106
183.3496,313.1033,43.3514,80.8445
184.3947,314.2694,41.6680,77.7052
184.2683,311.8440,42.5014,79.2593
183.6855,311.0234,43.3514,80.8445
184.4002,311.6813,42.5014,79.2593
184.3680,307.8335,44.2184,82.4614
183.7611,307.0120,44.2184,82.4614
183.8022,308.5159,44.2184,82.4614
182.8897,306.6959,45.1028,84.1106
183.1919,309.7374,43.3514,80.8445
181.2858,315.1936,41.6680,77.7052
181.1565,315.8785,40.8510,76.1816
180.4946,312.1758,42.5014,79.2593
179.5391,314.8153,40.8510,76.1816
179.5950,315.5535,41.6680,77.7052
179.3357,312.3215,42.5014,79.2593
180.6789,311.7835,44.2184,82.4614
181.2865,311.1577,43.3514,80.8445
184.0190,308.4378,42.5014,79.2593
183.4052,304.3743,44.2184,82.4614
185.4503,308.4505,42.5014,79.2593
187.5629,309.7842,41.6680,77.7052
192.0379,308.7475,40.0500,74.6878
196.3188,311.2521,39.2647,73.2234
199.8063,313.9140,40.8510,76.1816
201.5559,314.5936,42.5014,79.2593
206.3410,316.3223,41.6680,77.7052
210.1862,320.0869,41.6680,77.7052
213.4081,321.8120,40.8510,76.1816
216.4890,323.9436,40.8510,76.1816
217.7403,325.7758,40.8510,76.1816
216.5490,327.9145,40.8510,76.1816
217.8333,331.2842,40.0500,74.6878
215.7995,333.7555,41.6680,77.7052
214.7050,334.0683,40.8510,76.1816
214.8598,332.0834,42.5014,79.2593
216.5926,334.9466,40.8510,76.1816
217.7192,335.5085,40.0500,74.6878
218.6753,335.6029,40.0500,74.6878
220.8293,341.7463,38.4948,71.7876
221.7824,342.2374,40.0500,74.6878
224.9579,340.5473,40.0500,74.6878
225.7332,342.5419,40.0500,74.6878
225.9247,346.2390,40.0500,74.6878
226.6078,347.2922,41.6680,77.7052
229.9258,347.0693,40.0500,74.6878
231.2737,347.6794,40.8510,76.1816
232.5269,347.2444,40.8510,76.1816
233.9302,347.4337,39.2647,73.2234
233.3627,348.4853,39.2647,73.2234
232.8980,350.4740,39.2647,73.2234
233.1636,351.3050,38.4948,71.7876
232.4676,349.9037,39.2647,73.2234
231.3990,348.1042,40.8510,76.1816
231.6952,352.0693,39.2647,73.2234
231.9532,351.1330,38.4948,71.7876
230.0517,350.5607,40.0500,74.6878
230.3470,352.9588,38.4948,71.7876
229.8270,353.7568,38.4948,71.7876
229.5268,354.1603,38.4948,71.7876
229.6631,352.5022,40.0500,74.6878
229.6096,351.8292,39.2647,73.2234
227.4239,353.6420,40.8510,76.1816
229.3718,352.9694,40.0500,74.6878
232.7534,350.8054,39.2647,73.2234
232.9324,348.8439,40.8510,76.1816
234.0652,348.9923,40.8510,76.1816
237.3054,350.4784,39.2647,73.2234
237.8435,349.7185,40.8510,76.1816
239.8802,353.1716,41.6680,77.7052
240.9828,355.3082,43.3514,80.8445
244.9424,355.8620,41.6680,77.7052
246.8973,359.0621,43.3514,80.8445
249.1897,363.8829,41.6680,77.7052
251.6875,363.8171,42.5014,79.2593
256.1057,362.6083,43.3514,80.8445
261.9892,362.8503,41.6680,77.7052
266.5404,361.2849,40.8510,76.1816
271.0058,361.2424,40.0500,74.6878
273.8110,359.0273,41.6680,77.7052
276.7853,360.9789,41.6680,77.7052
281.7274,360.7563,40.8510,76.1816
289.1766,359.7596,42.5014,79.2593
293.9262,359.5801,44.2184,82.4614
305.8786,361.9708,43.3514,80.8445
313.4433,363.3487,41.6680,77.7052
316.0371,360.9013,43.3514,80.8445
320.6682,364.1619,41.6680,77.7052
324.7119,363.9219,43.3514,80.8445
329.7699,363.1303,42.5014,79.2593
332.3253,365.2586,41.6680,77.7052
334.4740,366.4325,40.8510,76.1816
336.4942,364.0708,41.6680,77.7052
339.8776,365.3645,41.6680,77.7052
340.5724,367.6223,41.6680,77.7052
340.7225,368.2756,40.8510,76.1816
340.1597,370.8213,40.8510,76.1816
340.3718,372.3595,40.0500,74.6878
342.2174,369.1156,40.8510,76.1816
344.1139,365.7972,42.5014,79.2593
346.0109,361.9835,43.3514,80.8445
346.7771,358.3121,43.3514,80.8445
346.7504,359.2386,42.5014,79.2593
345.9102,356.6710,43.3514,80.8445
345.9922,351.8599,45.1028,84.1106
347.8733,350.1856,43.3514,80.8445
348.9586,351.3843,42.5014,79.2593
348.4740,352.1050,40.8510,76.1816
345.1858,354.7222,40.8510,76.1816
343.0630,353.7615,40.8510,76.1816
342.1544,350.1314,40.0500,74.6878
340.0409,351.9865,38.4948,71.7876
336.0423,348.3635,40.0500,74.6878
334.3302,345.8530,39.2647,73.2234
332.8062,342.1342,40.0500,74.6878
333.4610,337.7616,38.4948,71.7876
333.4814,333.3086,39.2647,73.2234
332.2533,330.3863,40.8510,76.1816
332.0675,327.2806,42.5014,79.2593
328.5416,325.3285,43.3514,80.8445
324.0166,323.1652,44.2184,82.4614
322.4071,321.9412,42.5014,79.2593
319.9988,321.1262,42.5014,79.2593
315.4624,321.4539,41.6680,77.7052
310.9072,320.3478,40.8510,76.1816
306.7628,317.6292,40.8510,76.1816
303.6624,313.5129,41.6680,77.7052
301.1351,312.1283,40.8510,76.1816
299.8514,309.0585,42.5014,79.2593
300.8032,307.3862,41.6680,77.7052
301.2340,307.5460,40.8510,76.1816
301.9262,307.2911,40.8510,76.1816
304.8305,304.7523,40.8510,76.1816
307.1645,304.7163,40.8510,76.1816
308.8560,307.2395,42.5014,79.2593
310.5474,309.0255,43.3514,80.8445
316.6177,309.8550,41.6680,77.7052
321.0724,310.0335,42.5014,79.2593
321.8751,310.0942,44.2184,82.4614
325.6362,315.2599,43.3514,80.8445
329.9853,317.1634,42.5014,79.2593
331.0493,317.6450,40.8510,76.1816
328.6246,319.3412,42.5014,79.2593
330.8099,322.8773,43.3514,80.8445
332.0847,324.7955,41.6680,77.7052
331.3410,326.9202,40.8510,76.1816
328.6921,329.8155,39.2647,73.2234
320.8913,324.9978,40.8510,76.1816
315.2664,322.0801,42.5014,79.2593
310.9827,321.9098,41.6680,77.7052
306.9893,323.1396,40.8510,76.1816
303.6146,324.8857,42.5014,79.2593
304.5938,325.0981,41.6680,77.7052
306.1719,328.7203,40.0500,74.6878
306.2877,333.5167,41.6680,77.7052
307.6881,335.4117,43.3514,80.8445
311.2241,338.5383,42.5014,79.2593
313.9499,341.7250,43.3514,80.8445
313.6364,344.7530,41.6680,77.7052
313.0283,341.7905,43.3514,80.8445
313.2993,343.3215,42.5014,79.2593
313.7239,350.2836,40.8510,76.1816
316.6302,350.8294,42.5014,79.2593
320.4823,349.1888,41.6680,77.7052
320.3015,351.2366,42.5014,79.2593
319.8277,352.1416,44.2184,82.4614
324.5519,352.0746,42.5014,79.2593
330.2571,351.7416,40.8510,76.1816
334.2598,352.7618,42.5014,79.2593
337.6036,354.6717,41.6680,77.7052
340.6183,353.0166,41.6680,77.7052
343.4221,353.8274,42.5014,79.2593
345.7821,355.4918,43.3514,80.8445
345.2346,355.7157,44.2184,82.4614
347.5350,357.1856,42.5014,79.2593
344.9974,355.6822,40.8510,76.1816
340.8409,356.5106,41.6680,77.7052
334.6526,354.2788,43.3514,80.8445
329.5301,352.5158,42.5014,79.2593
323.6652,350.3015,44.2184,82.4614
317.3336,347.3897,46.0048,85.7928
315.1586,350.6514,44.2184,82.4614
310.0721,350.5632,45.1028,84.1106
307.7112,345.8309,46.9249,87.5087
304.8203,347.5972,46.0048,85.7928
303.2162,350.5150,46.0048,85.7928
302.5844,353.2999,46.9249,87.5087
302.9243,354.2698,45.1028,84.1106
306.7766,355.1988,43.3514,80.8445
306.0706,352.8946,45.1028,84.1106
308.8903,352.0626,44.2184,82.4614
312.5168,350.8789,43.3514,80.8445
314.3419,349.7453,43.3514,80.8445
315.8622,346.9509,44.2184,82.4614
316.6028,347.7764,44.2184,82.4614
317.8167,345.9153,46.0048,85.7928
320.9182,347.3406,45.1028,84.1106
323.0073,346.1864,46.0048,85.7928
322.6760,347.4865,45.1028,84.1106
321.0064,349.5299,45.1028,84.1106
319.4564,352.9955,43.3514,80.8445
317.7738,352.7312,43.3514,80.8445
314.2537,356.4620,41.6680,77.7052
308.7445,359.1925,40.8510,76.1816
302.7061,356.8841,42.5014,79.2593
295.7569,355.2250,44.2184,82.4614
288.9505,353.3004,45.1028,84.1106
284.2293,355.9227,43.3514,80.8445
280.0588,353.6814,42.5014,79.2593
274.0437,351.2645,43.3514,80.8445
266.5379,350.9185,44.2184,82.4614
261.7048,354.9054,43.3514,80.8445
254.9915,355.7598,43.3514,80.8445
249.7198,352.5136,44.2184,82.4614
246.7068,353.5953,45.1028,84.1106
242.9985,353.4810,45.1028,84.1106
240.7703,354.4044,44.2184,82.4614
239.4668,354.3964,44.2184,82.4614
237.9656,355.6360,44.2184,82.4614
236.9216,355.3547,44.2184,82.4614
237.8448,356.2795,43.3514,80.8445
237.4908,360.5453,41.6680,77.7052
235.2437,359.5549,43.3514,80.8445
232.8638,358.8171,45.1028,84.1106
231.6589,366.0579,43.3514,80.8445
229.0625,366.8448,43.3514,80.8445
228.4509,365.2032,42.5014,79.2593
224.6246,368.4009,42.5014,79.2593
220.3867,372.2948,43.3514,80.8445
215.7027,375.7122,41.6680,77.7052
211.0825,377.8037,43.3514,80.8445
208.2723,379.5908,45.1028,84.1106
207.8322,382.4219,44.2184,82.4614
206.1691,380.0056,45.1028,84.1106
204.2203,380.1696,46.0048,85.7928
202.3505,382.9229,44.2184,82.4614
202.8509,380.1329,45.1028,84.1106
203.7447,378.7929,46.9249,87.5087
204.8640,380.6821,45.1028,84.1106
208.3623,382.9718,43.3514,80.8445
208.9486,382.0198,44.2184,82.4614
214.7508,382.9386,42.5014,79.2593
219.7823,383.1963,41.6680,77.7052
222.7204,381.7279,43.3514,80.8445
225.4156,378.8431,45.1028,84.1106
231.1235,379.4690,43.3514,80.8445
235.6449,379.4920,43.3514,80.8445
238.8841,377.7986,44.2184,82.4614
242.5650,377.8912,45.1028,84.1106
246.6315,377.3093,46.9249,87.5087
249.9912,376.9393,46.0048,85.7928
253.4548,378.7195,44.2184,82.4614
256.0121,377.0183,45.1028,84.1106
257.7574,375.7523,45.1028,84.1106
262.1644,373.7612,44.2184,82.4614
267.2777,374.8389,42.5014,79.2593
267.6086,373.5997,44.2184,82.4614
269.1432,372.2243,44.2184,82.4614
269.6127,373.0731,45.1028,84.1106
268.7104,376.6426,44.2184,82.4614
269.8215,376.6453,43.3514,80.8445
268.3877,378.7298,41.6680,77.7052
265.8173,379.9930,42.5014,79.2593
263.4599,379.3994,43.3514,80.8445
260.0523,379.2105,43.3514,80.8445
257.4358,378.5564,45.1028,84.1106
257.2115,379.6119,46.0048,85.7928
255.7083,380.7879,44.2184,82.4614
253.5026,379.5297,45.1028,84.1106
250.9395,377.5446,46.0048,85.7928
251.4043,378.2190,44.2184,82.4614
251.1033,376.6058,44.2184,82.4614
248.8774,377.9406,43.3514,80.8445
246.9832,375.4889,45.1028,84.1106
247.2340,371.9589,46.9249,87.5087
247.2253,370.0136,46.9249,87.5087
247.5795,370.3937,45.1028,84.1106
249.4038,367.6570,43.3514,80.8445
253.1892,360.0964,45.1028,84.1106
251.5897,360.8010,46.0048,85.7928
248.5251,362.0360,46.0048,85.7928
248.4591,357.0481,46.9249,87.5087
247.7107,351.0280,45.1028,84.1106
247.4349,347.9583,44.2184,82.4614
248.5562,348.8430,43.3514,80.8445
247.2666,346.4980,43.3514,80.8445
244.5533,344.9034,44.2184,82.4614
243.9163,344.7507,42.5014,79.2593
241.1880,343.3684,43.3514,80.8445
238.9301,343.1695,43.3514,80.8445
235.7521,341.1019,45.1028,84.1106
235.1294,341.8346,46.9249,87.5087
233.6947,344.6427,45.1028,84.1106
233.2899,345.9808,44.2184,82.4614
234.8440,347.8211,43.3514,80.8445
235.7746,347.3113,43.3514,80.8445
233.4620,344.1687,45.1028,84.1106
235.1416,344.2391,44.2184,82.4614
236.0419,341.6481,45.1028,84.1106
236.8193,338.1952,46.9249,87.5087
240.3269,334.3697,46.0048,85.7928
246.0436,334.5922,44.2184,82.4614
248.2638,332.9510,44.2184,82.4614
252.8905,331.2413,45.1028,84.1106
256.6074,333.3481,46.9249,87.5087
262.5133,333.8883,45.1028,84.1106
268.3491,335.2378,43.3514,80.8445
274.1275,338.1890,42.5014,79.2593
278.7346,334.8034,44.2184,82.4614
285.3773,338.6085,42.5014,79.2593
285.1552,339.6052,44.2184,82.4614
287.9883,340.6143,45.1028,84.1106
291.9557,340.0158,44.2184,82.4614
295.4180,335.8618,46.0048,85.7928
296.8410,335.8650,45.1028,84.1106
297.6167,333.4937,46.0048,85.7928
299.9811,336.2742,44.2184,82.4614
299.3143,335.6170,44.2184,82.4614
300.7519,336.8959,42.5014,79.2593
299.4241,336.7792,43.3514,80.8445
297.6533,337.5853,44.2184,82.4614
295.9871,336.5958,46.0048,85.7928
295.7752,334.2737,46.9249,87.5087
292.9274,330.3761,48.8207,91.0440
293.5823,334.2480,47.8634,89.2589
294.0172,331.4947,48.8207,91.0440
292.4459,332.4348,46.9249,87.5087
288.6463,330.4033,46.9249,87.5087
285.2130,330.2668,45.1028,84.1106
283.6573,327.7868,46.0048,85.7928
280.8967,326.4853,46.0048,85.7928
279.1531,328.0434,46.0048,85.7928
278.2802,329.6972,46.9249,87.5087
278.2622,330.8907,46.9249,87.5087
279.4759,328.5853,47.8634,89.2589
280.6528,329.0979,46.9249,87.5087
281.3266,330.7693,46.0048,85.7928
282.0000,330.8710,47.8634,89.2589
284.7138,332.4076,46.0048,85.7928
284.7479,334.0726,46.9249,87.5087
286.4241,332.6543,46.9249,87.5087
289.8243,330.0008,46.0048,85.7928
290.2462,333.3420,46.0048,85.7928
291.1863,336.8297,46.0048,85.7928
292.4807,337.5290,47.8634,89.2589
295.9722,337.6985,47.8634,89.2589
298.2121,341.0582,46.0048,85.7928
299.9602,342.8389,46.0048,85.7928
299.4070,345.5007,45.1028,84.1106
298.1337,349.2013,44.2184,82.4614
297.2186,348.9255,45.1028,84.1106
295.7315,345.9131,46.9249,87.5087
294.1329,345.1674,48.8207,91.0440
293.1566,345.1058,48.8207,91.0440
291.9864,347.2142,46.9249,87.5087
290.0576,350.9850,45.1028,84.1106
286.6089,352.5053,46.9249,87.5087
281.7727,354.2043,48.8207,91.0440
280.4217,359.0599,46.9249,87.5087
276.9373,360.5280,46.9249,87.5087
271.7966,364.4695,46.9249,87.5087
266.2065,368.1195,47.8634,89.2589
264.0392,368.9789,48.8207,91.0440
265.4316,369.3521,46.9249,87.5087
264.5696,369.9543,46.0048,85.7928
266.6305,367.9059,46.9249,87.5087
268.5661,368.1329,46.9249,87.5087
266.8252,363.1745,48.8207,91.0440
267.4659,361.0425,49.7971,92.8649
269.3146,360.9368,48.8207,91.0440
271.2051,354.7435,50.7931,94.7222
275.4445,356.2444,48.8207,91.0440
277.0887,356.9595,48.8207,91.0440
279.7959,357.9627,48.8207,91.0440
279.4861,362.0451,46.9249,87.5087
280.3244,361.9296,46.9249,87.5087
282.0220,360.0933,46.9249,87.5087
281.4999,360.5854,46.0048,85.7928
281.7963,363.4089,46.9249,87.5087
280.1910,364.6545,46.9249,87.5087
278.4591,362.0468,47.8634,89.2589
277.9568,363.2715,46.0048,85.7928
277.3426,364.3666,44.2184,82.4614
273.7352,360.3165,46.0048,85.7928
270.1629,360.6900,46.0048,85.7928
267.2128,362.2867,46.0048,85.7928
265.1886,362.5084,45.1028,84.1106
261.8278,362.6071,45.1028,84.1106
259.1749,362.0016,46.9249,87.5087
257.7513,364.5525,46.0048,85.7928
256.4944,363.8873,47.8634,89.2589
258.2123,363.0231,46.9249,87.5087
261.2892,365.0257,46.0048,85.7928
267.8862,366.9914,44.2184,82.4614
271.3575,367.0815,44.2184,82.4614
275.5858,367.8104,43.3514,80.8445
278.6447,362.4918,45.1028,84.1106
282.8802,362.1001,46.0048,85.7928
286.0939,361.4801,47.8634,89.2589
288.2261,364.8703,46.0048,85.7928
287.2748,364.8820,46.9249,87.5087
287.2840,362.7711,48.8207,91.0440
289.3258,364.3666,46.9249,87.5087
288.5823,363.7022,46.9249,87.5087
287.2022,365.4965,46.0048,85.7928
286.6981,364.4167,46.9249,87.5087
285.3053,362.7687,48.8207,91.0440
281.5639,366.0547,47.8634,89.2589
278.9496,366.9501,46.0048,85.7928
276.9249,364.3281,46.9249,87.5087
273.9558,365.2255,46.0048,85.7928
270.0045,365.7640,46.9249,87.5087
267.2955,363.4498,46.0048,85.7928
261.7600,365.4601,46.0048,85.7928
258.7189,366.7825,46.0048,85.7928
256.2459,364.2135,46.9249,87.5087
253.9198,366.1668,45.1028,84.1106
251.1270,363.9527,46.0048,85.7928
246.8679,362.8383,46.0048,85.7928
240.7460,363.8965,46.0048,85.7928
233.8279,366.7784,47.8634,89.2589
230.3086,367.4361,46.0048,85.7928
227.5663,366.3471,47.8634,89.2589
224.3822,369.6430,47.8634,89.2589
221.1115,370.5502,47.8634,89.2589
217.1715,371.5549,47.8634,89.2589
211.6440,371.4679,48.8207,91.0440
208.3947,370.3228,47.8634,89.2589
202.9126,367.6521,49.7971,92.8649
200.1507,368.3902,47.8634,89.2589
192.3612,366.5546,49.7971,92.8649
188.2988,370.2836,47.8634,89.2589
182.9553,367.9809,48.8207,91.0440
180.6443,364.8179,48.8207,91.0440
172.6907,362.5344,50.7931,94.7222
169.9420,365.0429,48.8207,91.0440
167.3292,363.1347,47.8634,89.2589
163.9214,360.3188,48.8207,91.0440
160.6612,361.1793,47.8634,89.2589
158.3033,356.0997,49.7971,92.8649
158.2819,356.8552,48.8207,91.0440
155.4127,355.2446,48.8207,91.0440
153.8924,355.0544,46.9249,87.5087
149.0085,353.8661,48.8207,91.0440
146.8348,354.4085,46.9249,87.5087
142.0825,355.1985,48.8207,91.0440
138.7331,355.6774,47.8634,89.2589
134.8407,351.8234,49.7971,92.8649
133.0112,352.6577,50.7931,94.7222
129.6076,354.1183,50.7931,94.7222
126.1775,354.6251,50.7931,94.7222
122.1134,358.9093,48.8207,91.0440
118.7361,356.5378,50.7931,94.7222
116.5383,354.8265,51.8089,96.6167
113.6367,355.7645,49.7971,92.8649
114.4955,358.2606,47.8634,89.2589
112.6797,358.0651,47.8634,89.2589
110.1616,359.4803,48.8207,91.0440
107.8333,361.0369,47.8634,89.2589
106.4460,362.9784,46.9249,87.5087
105.1558,363.4042,46.9249,87.5087
102.6530,366.2085,46.0048,85.7928
101.4498,364.0170,47.8634,89.2589
100.8054,361.6532,48.8207,91.0440
98.4774,357.3291,50.7931,94.7222
102.6205,357.2789,48.8207,91.0440
106.1081,358.4422,46.9249,87.5087
106.3084,356.9871,46.9249,87.5087
107.0275,354.6725,47.8634,89.2589
108.1345,353.4653,49.7971,92.8649
111.3673,348.4381,51.8089,96.6167
115.9789,348.3729,49.7971,92.8649
118.3333,346.6606,51.8089,96.6167
120.2473,343.3130,51.8089,96.6167
121.0916,345.0520,51.8089,96.6167
120.6900,343.6639,52.8451,98.5490
124.8655,343.6114,54.9801,102.5304
125.4126,345.1109,53.9020,100.5200
126.3675,347.4298,51.8089,96.6167
127.6435,348.5732,50.7931,94.7222
126.9105,350.5368,51.8089,96.6167
125.3641,349.3867,53.9020,100.5200
123.3055,347.4777,52.8451,98.5490
122.2000,346.4227,54.9801,102.5304
119.3630,348.6015,52.8451,98.5490
116.6329,347.8238,52.8451,98.5490
114.4770,346.2117,50.7931,94.7222
110.7924,348.8762,48.8207,91.0440
106.5388,349.1350,47.8634,89.2589
104.4171,347.7650,46.9249,87.5087
100.1316,344.6083,48.8207,91.0440
97.6054,343.1392,47.8634,89.2589
94.2736,338.3979,46.9249,87.5087
90.1160,337.7633,48.8207,91.0440
86.1074,338.6146,48.8207,91.0440
83.2693,339.0208,49.7971,92.8649
82.0281,337.3725,47.8634,89.2589
82.6410,338.2121,46.0048,85.7928
81.1529,337.6202,47.8634,89.2589
78.9465,335.2627,49.7971,92.8649
80.4250,336.0702,48.8207,91.0440
81.4773,335.7029,47.8634,89.2589
82.4861,333.4790,48.8207,91.0440
81.9280,331.2296,50.7931,94.7222
83.4027,335.4241,48.8207,91.0440
82.3412,333.3595,49.7971,92.8649
82.6259,328.8719,51.8089,96.6167
84.1974,327.8035,50.7931,94.7222
86.2781,330.9521,49.7971,92.8649
87.2984,329.4057,51.8089,96.6167
85.4086,330.1563,50.7931,94.7222
85.7472,324.5600,52.8451,98.5490
84.3440,320.5517,54.9801,102.5304
81.7354,324.2554,52.8451,98.5490
80.1687,326.1452,51.8089,96.6167
80.1660,326.5027,49.7971,92.8649
78.4628,321.7553,50.7931,94.7222
76.9796,320.3852,52.8451,98.5490
77.4053,318.5834,51.8089,96.6167
76.3757,314.3049,52.8451,98.5490
73.3496,314.6251,52.8451,98.5490
72.9884,313.5728,51.8089,96.6167
72.9568,311.1698,50.7931,94.7222
71.9035,309.9389,51.8089,96.6167
69.5336,311.4993,49.7971,92.8649
67.7122,309.4538,50.7931,94.7222
65.8381,312.0524,48.8207,91.0440
64.5470,314.5639,46.9249,87.5087
62.7678,312.7731,48.8207,91.0440
59.4682,315.2854,48.8207,91.0440
57.8848,317.9948,47.8634,89.2589
55.5943,318.9660,47.8634,89.2589
55.1516,319.4099,47.8634,89.2589
53.5650,320.2764,46.0048,85.7928
52.0991,321.8593,46.9249,87.5087
50.7726,319.1988,46.0048,85.7928
53.2894,313.6757,47.8634,89.2589
54.8554,312.4898,46.9249,87.5087
55.3684,310.8748,46.0048,85.7928
55.6601,309.4936,46.0048,85.7928
57.9640,307.4737,46.9249,87.5087
58.2905,305.1194,45.1028,84.1106
60.5503,301.1770,46.9249,87.5087
61.9035,297.4561,46.0048,85.7928
61.4590,295.6607,46.9249,87.5087
61.1567,292.4407,48.8207,91.0440
64.5494,289.1248,46.9249,87.5087
62.6330,287.6680,47.8634,89.2589
60.4965,291.6651,46.0048,85.7928
60.4203,292.1211,46.0048,85.7928
61.4056,291.1240,46.9249,87.5087
58.6214,292.6569,46.0048,85.7928
58.2045,293.1420,46.9249,87.5087
59.8048,292.1345,45.1028,84.1106
57.9527,290.1933,46.9249,87.5087
54.6643,294.7538,45.1028,84.1106
53.7213,292.5759,46.9249,87.5087
52.5395,292.1937,46.9249,87.5087
49.8823,293.4169,46.9249,87.5087
46.0371,294.5735,46.9249,87.5087
44.2335,295.5370,46.9249,87.5087
42.6507,296.2172,46.9249,87.5087
40.8187,296.8184,45.1028,84.1106
41.0088,294.9641,46.9249,87.5087
41.6884,295.5164,46.9249,87.5087
40.6518,293.9874,48.8207,91.0440
41.8741,290.3182,48.8207,91.0440
42.4375,288.6286,48.8207,91.0440
42.3022,286.8646,47.8634,89.2589
41.4235,287.3810,46.9249,87.5087
40.3001,283.6607,48.8207,91.0440
42.8586,282.1160,46.9249,87.5087
40.3896,281.4366,48.8207,91.0440
41.4430,282.5840,47.8634,89.2589
40.0039,278.8906,48.8207,91.0440
39.2705,274.9648,49.7971,92.8649
38.7209,273.5523,49.7971,92.8649
41.1331,274.5013,47.8634,89.2589
43.1117,271.2189,46.0048,85.7928
43.6293,269.1919,46.9249,87.5087
42.7787,267.6271,48.8207,91.0440
42.4328,267.0299,46.9249,87.5087
41.0574,266.5197,46.9249,87.5087
38.5872,265.3620,47.8634,89.2589
38.9933,264.8904,47.8634,89.2589
