340.0000,358.0000,18.0000,55.0000
339.1167,356.9985,18.0000,55.0000
339.2817,358.0105,17.3010,52.8643
337.3725,358.5290,17.6471,53.9216
335.8079,358.8476,18.0000,55.0000
335.1318,359.6911,17.3010,52.8643
333.5638,360.2909,16.6292,50.8115
330.1533,358.9519,16.9618,51.8277
327.1954,357.8778,17.3010,52.8643
323.9187,358.2136,16.6292,50.8115
321.8744,359.1800,16.6292,50.8115
319.3780,359.2780,17.3010,52.8643
317.9099,360.3655,16.6292,50.8115
313.8541,359.5649,16.9618,51.8277
312.4783,361.1764,17.6471,53.9216
311.8611,360.9750,18.3600,56.1000
309.9546,362.9283,17.6471,53.9216
307.3867,363.3226,17.6471,53.9216
305.0856,363.9509,18.3600,56.1000
305.1708,365.0940,18.0000,55.0000
304.9870,364.3091,18.7272,57.2220
305.3525,367.2567,18.0000,55.0000
305.0372,368.9877,17.3010,52.8643
303.5934,370.6221,16.9618,51.8277
302.9902,371.4412,16.9618,51.8277
301.2296,372.1436,17.3010,52.8643
299.2446,371.0836,18.0000,55.0000
297.9359,372.7393,18.0000,55.0000
296.3545,373.6983,17.6471,53.9216
296.0954,375.7501,16.9618,51.8277
296.7121,377.4167,16.6292,50.8115
296.4290,378.6201,16.3032,49.8152
295.4573,379.3791,16.6292,50.8115
295.5817,378.8154,17.3010,52.8643
295.9910,377.7314,17.6471,53.9216
297.1418,378.7270,17.3010,52.8643
296.7707,377.4383,18.0000,55.0000
297.6033,379.1678,17.3010,52.8643
297.7235,379.0608,16.9618,51.8277
298.3491,381.3112,16.3032,49.8152
296.3122,379.2732,16.6292,50.8115
294.9744,378.5465,15.9835,48.8384
294.7877,378.7317,16.3032,49.8152
293.5629,376.7160,16.9618,51.8277
293.4442,377.3762,16.6292,50.8115
291.1700,376.2271,16.9618,51.8277
290.6449,375.9793,17.6471,53.9216
290.9433,376.0234,18.0000,55.0000
290.0938,374.2900,17.6471,53.9216
290.7614,375.5186,16.9618,51.8277
290.5136,374.6084,17.6471,53.9216
290.7965,375.2155,16.9618,51.8277
291.2915,376.2785,16.9618,51.8277
291.3935,378.5735,16.3032,49.8152
289.5847,377.1570,16.9618,51.8277
290.1289,378.6257,16.6292,50.8115
288.4814,378.9211,16.9618,51.8277
287.5729,379.8597,16.9618,51.8277
286.5802,380.9226,16.9618,51.8277
284.9136,381.3932,17.3010,52.8643
283.1110,382.4611,17.3010,52.8643
282.3140,385.7960,16.6292,50.8115
280.1189,385.4003,17.3010,52.8643
278.6490,386.0749,16.9618,51.8277
277.5416,387.7088,16.9618,51.8277
275.6504,386.4092,17.6471,53.9216
275.0090,386.1257,16.9618,51.8277
273.4071,385.1792,16.9618,51.8277
273.7418,385.4606,16.3032,49.8152
273.1297,384.3467,15.9835,48.8384
271.9319,383.5800,15.6701,47.8808
271.5732,381.1616,15.9835,48.8384
273.4901,381.2293,15.6701,47.8808
272.0272,377.3782,15.9835,48.8384
270.5899,375.2583,16.6292,50.8115
267.8438,372.8578,16.9618,51.8277
266.3471,371.9178,16.9618,51.8277
265.6003,372.2024,16.6292,50.8115
263.5339,370.6072,16.9618,51.8277
264.7435,371.5632,16.3032,49.8152
264.9202,370.9426,16.6292,50.8115
264.7141,371.5422,16.9618,51.8277
265.1878,373.7165,16.3032,49.8152
264.6855,374.4549,16.6292,50.8115
263.0179,373.3999,16.9618,51.8277
261.7858,372.5065,17.3010,52.8643
260.3478,372.0733,16.6292,50.8115
259.9301,370.8546,15.9835,48.8384
258.1949,369.1463,15.9835,48.8384
257.2874,369.3165,16.6292,50.8115
256.0340,370.7311,16.3032,49.8152
252.3660,369.0972,16.9618,51.8277
252.1297,369.5982,17.3010,52.8643
251.4981,369.2128,16.6292,50.8115
250.1606,368.6111,15.9835,48.8384
248.4701,366.8454,16.6292,50.8115
247.5504,366.2161,17.3010,52.8643
247.3999,364.8162,16.9618,51.8277
247.5278,363.6173,16.9618,51.8277
247.4046,363.1288,17.3010,52.8643
247.4808,363.8484,17.3010,52.8643
246.8247,364.8430,16.6292,50.8115
246.3518,363.4896,17.3010,52.8643
244.7172,361.3640,16.9618,51.8277
244.3193,361.2153,17.3010,52.8643
243.0919,361.1130,17.6471,53.9216
242.2015,363.8655,16.9618,51.8277
241.2568,364.3223,16.3032,49.8152
240.2738,364.8100,16.3032,49.8152
239.7612,367.2955,15.6701,47.8808
238.4711,366.3658,16.3032,49.8152
238.0586,363.7079,16.6292,50.8115
239.2334,363.0516,16.6292,50.8115
241.0581,362.3097,15.9835,48.8384
245.9541,359.2499,15.9835,48.8384
248.6993,353.8203,15.9835,48.8384
250.9856,350.6764,16.3032,49.8152
250.3878,349.6480,16.3032,49.8152
249.4988,350.9465,16.3032,49.8152
249.6421,351.3600,16.3032,49.8152
249.9854,349.7477,15.9835,48.8384
252.4152,350.0310,16.3032,49.8152
253.7137,351.7896,15.9835,48.8384
255.5516,352.1414,15.9835,48.8384
258.7062,353.8940,15.3628,46.9420
259.3475,353.8185,15.3628,46.9420
260.9761,353.7252,15.3628,46.9420
261.0642,353.3146,15.6701,47.8808
261.3800,352.9804,15.0616,46.0215
260.6694,353.5056,15.0616,46.0215
259.5700,354.4657,15.3628,46.9420
260.0824,354.8790,15.0616,46.0215
260.7563,354.5318,15.3628,46.9420
260.4216,353.5999,15.9835,48.8384
261.2077,353.7541,16.3032,49.8152
261.3589,352.1613,16.3032,49.8152
260.4848,350.5309,15.9835,48.8384
260.4584,349.8044,16.3032,49.8152
260.7397,348.3637,16.3032,49.8152
260.7086,346.4932,16.9618,51.8277
260.8170,345.1465,16.9618,51.8277
260.6535,344.2892,17.6471,53.9216
259.0902,346.5120,16.9618,51.8277
257.8483,346.6794,16.9618,51.8277
258.1531,348.8259,16.3032,49.8152
258.2634,348.6091,15.9835,48.8384
260.0532,349.9843,15.3628,46.9420
258.6292,350.2221,15.9835,48.8384
257.0135,353.4800,15.9835,48.8384
255.8160,356.8799,16.3032,49.8152
253.6180,357.0033,16.3032,49.8152
251.1395,358.4901,15.6701,47.8808
247.5991,359.6846,15.0616,46.0215
245.2967,360.9988,15.3628,46.9420
243.1194,359.4500,15.6701,47.8808
242.9672,358.7598,15.3628,46.9420
242.3922,356.7396,15.9835,48.8384
241.8507,356.7475,15.9835,48.8384
241.3012,356.5249,16.6292,50.8115
239.3596,356.4378,16.9618,51.8277
237.9352,357.3120,17.6471,53.9216
237.1012,358.4639,18.0000,55.0000
235.5073,360.7083,17.3010,52.8643
235.3778,361.0156,17.3010,52.8643
233.2390,359.2112,17.6471,53.9216
232.1802,359.7001,17.6471,53.9216
229.9970,361.0297,18.3600,56.1000
228.2311,359.5616,18.3600,56.1000
227.0842,358.2964,18.7272,57.2220
223.9766,355.1216,19.4838,59.5338
223.4671,354.5038,19.8735,60.7244
220.5367,350.7869,20.6763,63.1777
220.2360,347.7196,21.0899,64.4413
218.2279,343.6192,21.0899,64.4413
217.5731,342.1424,21.5117,65.7301
216.4658,343.3804,21.0899,64.4413
214.0449,343.5765,21.5117,65.7301
210.7790,341.7893,21.9419,67.0447
213.4043,342.6101,21.5117,65.7301
212.4597,342.7289,21.5117,65.7301
210.5078,342.8339,21.9419,67.0447
208.3316,345.6281,22.3807,68.3856
208.1309,346.2008,22.8284,69.7533
207.2857,346.3740,23.2849,71.1484
206.0558,347.1915,23.2849,71.1484
202.9797,345.9638,24.2256,74.0228
200.7647,346.7689,25.2043,77.0133
198.7391,348.0592,25.7084,78.5535
195.8710,347.4155,26.7471,81.7271
193.3636,346.8674,25.7084,78.5535
190.9931,345.7547,26.7471,81.7271
188.9533,348.2859,26.7471,81.7271
185.3454,348.1850,27.2820,83.3616
183.8339,346.3434,27.2820,83.3616
182.5255,346.3907,28.3842,86.7295
179.3925,348.6810,29.5309,90.2333
178.0224,353.0461,28.9519,88.4640
176.8878,352.7671,29.5309,90.2333
175.5413,354.8695,28.3842,86.7295
171.5674,353.6493,28.9519,88.4640
170.4342,354.0400,28.9519,88.4640
168.8025,356.7857,29.5309,90.2333
166.3667,360.1000,30.7240,93.8788
161.8233,357.9432,31.3384,95.7563
161.3376,357.4158,32.6045,99.6249
161.3934,361.5686,32.6045,99.6249
160.8019,364.2366,33.2566,101.6174
158.6648,365.9179,31.9652,97.6715
156.1197,363.5493,33.2566,101.6174
154.0610,363.6014,34.6002,105.7227
150.4069,368.9628,33.9217,103.6497
148.1306,367.9895,33.9217,103.6497
148.7047,367.1144,33.2566,101.6174
144.9041,366.0639,34.6002,105.7227
138.5022,364.8047,35.9980,109.9939
133.4888,356.6871,37.4523,114.4377
128.1596,352.2780,38.9654,119.0610
127.2610,352.8543,38.2014,116.7264
128.4707,347.3680,38.2014,116.7264
128.6479,338.7313,39.7447,121.4422
133.8986,337.6439,41.3504,126.3484
138.2111,337.4508,43.0210,131.4529
147.1725,339.0903,43.0210,131.4529
158.4414,336.7428,43.0210,131.4529
168.7278,331.1235,42.1774,128.8754
177.2098,325.8405,43.8814,134.0820
185.5922,327.1660,43.8814,134.0820
192.4226,330.2421,45.6542,139.4989
198.3738,332.7566,47.4986,145.1346
202.0783,334.5018,48.4486,148.0373
205.7827,335.0700,50.4059,154.0181
211.5979,339.4309,49.4176,150.9981
214.1898,345.0172,47.4986,145.1346
213.0101,344.7016,49.4176,150.9981
214.6239,349.0131,51.4140,157.0984
217.3418,354.9642,50.4059,154.0181
216.5956,354.5228,52.4423,160.2404
219.3307,356.3433,54.5610,166.7141
221.2539,357.8956,56.7652,173.4493
226.5660,358.7247,57.9005,176.9183
233.9036,364.7472,55.6522,170.0484
238.9169,359.8433,56.7652,173.4493
238.2085,347.9306,59.0586,180.4567
236.2125,342.4813,60.2397,184.0658
229.3524,331.9735,60.2397,184.0658
224.2213,321.9928,60.2397,184.0658
220.1745,311.1091,61.4445,187.7471
219.7362,300.2063,61.4445,187.7471
225.1437,293.4628,60.2397,184.0658
224.3513,289.8046,57.9005,176.9183
228.2706,291.0418,59.0586,180.4567
227.2016,285.9235,60.2397,184.0658
230.3508,274.8360,61.4445,187.7471
235.2077,279.8317,63.9269,195.3321
239.9466,290.8139,62.6734,191.5021
244.0351,289.9731,60.2397,184.0658
252.5650,281.6526,60.2397,184.0658
260.6589,279.1939,62.6734,191.5021
262.8623,287.5162,61.4445,187.7471
265.5555,287.5130,62.6734,191.5021
268.7702,292.0482,62.6734,191.5021
269.6899,291.1499,63.9269,195.3321
270.0185,299.1423,61.4445,187.7471
268.3023,301.1668,61.4445,187.7471
262.4419,296.8396,60.2397,184.0658
258.5472,292.5115,61.4445,187.7471
254.9665,295.2156,59.0586,180.4567
248.5558,288.4324,59.0586,180.4567
245.4592,281.8380,60.2397,184.0658
239.8452,282.0664,60.2397,184.0658
240.2925,281.3556,61.4445,187.7471
243.3811,278.1689,63.9269,195.3321
257.2678,284.4652,61.4445,187.7471
262.6273,278.5141,60.2397,184.0658
268.0289,268.2647,61.4445,187.7471
269.1159,262.1701,62.6734,191.5021
274.1014,257.0996,61.4445,187.7471
283.8415,247.5588,63.9269,195.3321
283.2367,238.8707,65.2054,199.2388
284.9421,245.1314,63.9269,195.3321
285.1680,256.2911,61.4445,187.7471
290.0998,261.9592,60.2397,184.0658
295.8912,261.9814,60.2397,184.0658
297.6980,265.5690,60.2397,184.0658
299.4366,272.7294,57.9005,176.9183
296.9122,270.7283,59.0586,180.4567
299.4640,269.7188,59.0586,180.4567
298.8455,265.0965,60.2397,184.0658
294.4473,268.7542,57.9005,176.9183
287.9175,271.6765,56.7652,173.4493
281.2149,270.3501,59.0586,180.4567
276.4102,272.2582,57.9005,176.9183
273.8672,266.2814,59.0586,180.4567
271.1687,259.4875,59.0586,180.4567
270.3533,262.1210,56.7652,173.4493
262.8767,267.5035,54.5610,166.7141
256.5680,270.1852,56.7652,173.4493
254.2891,269.1379,56.7652,173.4493
251.8938,270.0321,56.7652,173.4493
248.3327,272.9795,57.9005,176.9183
248.9221,272.1904,56.7652,173.4493
249.1995,269.5952,59.0586,180.4567
245.4844,271.5120,59.0586,180.4567
243.0158,270.7232,60.2397,184.0658
239.8060,263.9764,60.2397,184.0658
235.8641,261.1130,60.2397,184.0658
229.4652,255.9244,60.2397,184.0658
236.4006,260.1889,59.0586,180.4567
241.7852,261.9401,60.2397,184.0658
253.2023,269.5020,59.0586,180.4567
257.6547,273.5997,59.0586,180.4567
263.6343,278.8293,59.0586,180.4567
268.9207,287.6843,57.9005,176.9183
276.1299,302.3532,59.0586,180.4567
282.5502,321.1685,57.9005,176.9183
284.7890,325.0517,59.0586,180.4567
289.6376,327.8011,59.0586,180.4567
290.3332,331.2854,61.4445,187.7471
292.9194,338.9230,61.4445,187.7471
292.4816,339.6949,62.6734,191.5021
295.7120,343.7445,60.2397,184.0658
296.9868,345.7405,60.2397,184.0658
297.3747,350.1775,57.9005,176.9183
298.6021,352.3210,57.9005,176.9183
300.9963,359.9436,57.9005,176.9183
300.4409,369.2242,55.6522,170.0484
294.4590,369.6272,57.9005,176.9183
293.1647,371.9733,55.6522,170.0484
291.3664,378.0072,54.5610,166.7141
288.4175,381.1790,54.5610,166.7141
283.3156,387.3345,56.7652,173.4493
278.6798,397.2957,54.5610,166.7141
275.5026,396.3244,54.5610,166.7141
277.6756,393.9012,54.5610,166.7141
276.3203,390.3513,55.6522,170.0484
271.7229,384.6636,55.6522,170.0484
268.0911,375.4521,57.9005,176.9183
266.8377,369.9619,57.9005,176.9183
266.9673,369.5119,55.6522,170.0484
267.6725,357.5413,57.9005,176.9183
269.1455,345.2492,60.2397,184.0658
273.1100,342.1292,57.9005,176.9183
274.3894,340.7006,57.9005,176.9183
274.2703,338.8919,60.2397,184.0658
275.4154,343.8293,59.0586,180.4567
276.5202,349.0196,56.7652,173.4493
273.7908,348.7203,59.0586,180.4567
273.0035,353.8911,59.0586,180.4567
269.9440,356.0199,60.2397,184.0658
271.4920,355.1602,60.2397,184.0658
268.4070,359.1843,62.6734,191.5021
264.9812,364.6306,60.2397,184.0658
257.9267,355.3157,62.6734,191.5021
257.8479,353.7385,60.2397,184.0658
248.8996,394.6662,57.9005,176.9183
255.8461,389.6922,55.6522,170.0484
256.5855,393.3915,53.4912,163.4452
252.9468,393.7193,55.6522,170.0484
257.0805,390.9950,54.5610,166.7141
262.3917,345.9176,55.6522,170.0484
266.9495,347.8307,55.6522,170.0484
277.0739,346.6225,55.6522,170.0484
286.0770,344.6754,53.4912,163.4452
292.7135,338.1752,55.6522,170.0484
302.0349,335.1944,55.6522,170.0484
312.2078,332.9140,57.9005,176.9183
324.1343,340.5205,55.6522,170.0484
336.4178,342.6736,57.9005,176.9183
352.1370,344.5527,55.6522,170.0484
367.5857,344.0886,56.7652,173.4493
381.5896,349.0871,59.0586,180.4567
390.6748,352.1685,57.9005,176.9183
400.7524,354.7782,55.6522,170.0484
412.0130,345.7575,57.9005,176.9183
429.0277,340.5510,56.7652,173.4493
444.5154,339.7876,55.6522,170.0484
453.9605,345.1471,55.6522,170.0484
456.0193,351.4809,55.6522,170.0484
456.7970,349.5855,57.9005,176.9183
457.9535,342.6814,60.2397,184.0658
459.3364,342.2647,57.9005,176.9183
459.0577,349.0711,56.7652,173.4493
454.9929,352.2865,56.7652,173.4493
442.2787,349.5071,57.9005,176.9183
430.6507,346.8089,60.2397,184.0658
418.4230,350.6096,57.9005,176.9183
401.9499,354.4355,56.7652,173.4493
388.9799,360.3526,54.5610,166.7141
375.2751,356.9469,55.6522,170.0484
362.2532,359.3648,53.4912,163.4452
350.2372,360.0615,54.5610,166.7141
340.3479,358.2562,55.6522,170.0484
330.9894,360.4293,54.5610,166.7141
322.6722,365.1246,55.6522,170.0484
319.7601,364.9301,55.6522,170.0484
314.1152,365.2777,54.5610,166.7141
308.4990,369.2291,52.4423,160.2404
302.9180,371.3114,50.4059,154.0181
297.7035,369.2087,52.4423,160.2404
291.7178,369.6513,51.4140,157.0984
282.4101,368.9941,53.4912,163.4452
278.5735,369.1924,54.5610,166.7141
276.3311,369.7891,56.7652,173.4493
273.7559,374.3389,54.5610,166.7141
274.7294,377.5334,53.4912,163.4452
275.2608,383.1402,51.4140,157.0984
274.6107,380.4167,52.4423,160.2404
275.0759,380.7117,54.5610,166.7141
276.2624,382.2324,54.5610,166.7141
277.6813,383.9549,52.4423,160.2404
279.2080,385.6315,52.4423,160.2404
279.5475,384.1054,54.5610,166.7141
281.9584,382.4594,53.4912,163.4452
282.7622,374.5679,54.5610,166.7141
280.5422,370.5234,54.5610,166.7141
280.9249,366.5011,55.6522,170.0484
279.9933,366.5477,54.5610,166.7141
277.0860,361.6778,56.7652,173.4493
278.7989,359.0240,55.6522,170.0484
279.1735,354.2411,53.4912,163.4452
279.1070,354.8573,51.4140,157.0984
276.0948,353.6262,53.4912,163.4452
274.0174,347.2941,55.6522,170.0484
273.4784,346.5987,53.4912,163.4452
271.0783,349.0453,54.5610,166.7141
266.7310,352.5897,56.7652,173.4493
267.3320,361.8525,55.6522,170.0484
267.5205,366.0535,55.6522,170.0484
263.7339,369.2784,53.4912,163.4452
262.3443,369.2532,52.4423,160.2404
258.8967,372.0164,54.5610,166.7141
256.9766,366.3695,54.5610,166.7141
257.1323,355.0434,56.7652,173.4493
256.5440,347.1983,57.9005,176.9183
255.2760,350.0430,55.6522,170.0484
251.4738,352.6743,53.4912,163.4452
249.9281,352.6490,51.4140,157.0984
244.3262,358.1877,49.4176,150.9981
238.9926,355.6112,51.4140,157.0984
235.3255,354.6760,51.4140,157.0984
231.9114,357.4899,51.4140,157.0984
229.9060,356.4212,52.4423,160.2404
226.8546,347.7576,54.5610,166.7141
224.6113,336.3744,52.4423,160.2404
227.6008,328.7849,51.4140,157.0984
233.5967,313.2993,53.4912,163.4452
244.0176,303.7350,53.4912,163.4452
254.6305,292.2885,53.4912,163.4452
261.5968,274.6642,54.5610,166.7141
275.2412,261.4422,54.5610,166.7141
285.2277,248.7126,56.7652,173.4493
295.3375,251.3297,54.5610,166.7141
298.6936,256.3285,52.4423,160.2404
302.1027,256.2063,54.5610,166.7141
303.3057,261.8256,54.5610,166.7141
304.4708,265.7132,54.5610,166.7141
302.8514,266.3415,55.6522,170.0484
301.4833,276.4794,53.4912,163.4452
302.4609,292.5075,51.4140,157.0984
298.0715,294.9019,52.4423,160.2404
297.1262,289.3265,54.5610,166.7141
299.0704,292.6030,52.4423,160.2404
302.2666,291.8160,53.4912,163.4452
305.5553,287.4032,53.4912,163.4452
306.1355,286.1868,52.4423,160.2404
305.7507,284.4294,52.4423,160.2404
308.8455,289.3229,51.4140,157.0984
307.0557,287.1338,52.4423,160.2404
311.2133,290.5580,52.4423,160.2404
315.1976,294.6809,52.4423,160.2404
324.6130,291.9216,53.4912,163.4452
337.5886,291.4626,51.4140,157.0984
349.0392,290.5936,49.4176,150.9981
358.3073,286.5024,51.4140,157.0984
364.0014,286.2244,52.4423,160.2404
369.5484,286.3277,53.4912,163.4452
374.9459,283.9343,54.5610,166.7141
379.1320,284.2495,55.6522,170.0484
384.3720,296.0006,53.4912,163.4452
381.3402,295.0893,55.6522,170.0484
373.0126,295.8634,55.6522,170.0484
369.9395,306.3016,53.4912,163.4452
370.9919,306.8730,53.4912,163.4452
378.6371,315.2575,51.4140,157.0984
384.2132,322.3107,50.4059,154.0181
394.2483,327.3733,48.4486,148.0373
398.2083,322.1811,50.4059,154.0181
401.0619,327.2235,48.4486,148.0373
405.9335,333.1284,49.4176,150.9981
412.1472,336.0101,47.4986,145.1346
413.4166,328.1322,49.4176,150.9981
410.8876,322.5489,51.4140,157.0984
400.3816,323.2228,50.4059,154.0181
376.6058,321.6321,51.4140,157.0984
360.2615,331.6900,49.4176,150.9981
345.7528,338.6866,47.4986,145.1346
320.6676,330.6329,49.4176,150.9981
310.9031,330.1361,49.4176,150.9981
295.7214,338.1413,48.4486,148.0373
281.2982,343.1177,49.4176,150.9981
270.1279,346.5744,50.4059,154.0181
262.7826,349.7273,52.4423,160.2404
258.1692,355.2876,51.4140,157.0984
258.5562,363.0736,51.4140,157.0984
247.6645,362.8033,53.4912,163.4452
252.0927,370.7797,51.4140,157.0984
256.3040,372.1287,51.4140,157.0984
255.2466,363.5360,53.4912,163.4452
266.6438,357.4382,53.4912,163.4452
270.4270,341.3573,51.4140,157.0984
264.7371,327.2576,51.4140,157.0984
253.8039,324.0162,51.4140,157.0984
234.6930,320.5037,49.4176,150.9981
215.8480,321.2054,48.4486,148.0373
215.8381,317.3772,49.4176,150.9981
214.4579,302.8097,51.4140,157.0984
218.7629,290.5460,53.4912,163.4452
225.6137,291.4017,51.4140,157.0984
230.6753,285.3049,51.4140,157.0984
242.4767,276.0517,51.4140,157.0984
257.8843,267.8719,52.4423,160.2404
269.0066,256.0835,54.5610,166.7141
277.7559,252.2721,53.4912,163.4452
290.1601,252.7794,51.4140,157.0984
301.4261,256.6985,52.4423,160.2404
308.7313,259.7366,50.4059,154.0181
317.0042,263.5274,48.4486,148.0373
322.7334,271.4129,50.4059,154.0181
318.3607,280.3823,49.4176,150.9981
315.1037,291.1142,49.4176,150.9981
316.1844,294.8548,50.4059,154.0181
315.3091,293.7716,49.4176,150.9981
314.2757,294.9645,49.4176,150.9981
313.2712,295.5576,51.4140,157.0984
319.8067,288.7834,50.4059,154.0181
334.4346,278.5069,52.4423,160.2404
344.6213,277.0979,51.4140,157.0984
356.5150,277.3536,51.4140,157.0984
368.3588,276.2544,50.4059,154.0181
379.5745,277.9730,50.4059,154.0181
389.1077,283.6862,50.4059,154.0181
397.6124,280.0123,52.4423,160.2404
413.7933,274.8434,52.4423,160.2404
430.8267,274.7262,50.4059,154.0181
439.2008,277.5439,49.4176,150.9981
446.5487,274.7391,51.4140,157.0984
451.8863,279.7340,49.4176,150.9981
455.9426,281.3226,51.4140,157.0984
454.9312,282.2729,49.4176,150.9981
453.8025,289.3063,47.4986,145.1346
452.8504,293.1114,47.4986,145.1346
452.8513,297.7871,48.4486,148.0373
445.5033,299.4877,49.4176,150.9981
432.7028,300.1411,50.4059,154.0181
428.0212,307.9215,49.4176,150.9981
414.2536,305.2763,51.4140,157.0984
400.5231,312.1204,51.4140,157.0984
384.8297,321.3606,50.4059,154.0181
369.2431,321.3315,50.4059,154.0181
358.8108,329.6725,48.4486,148.0373
343.1122,328.8666,50.4059,154.0181
332.4731,326.3086,50.4059,154.0181
327.8571,327.8964,49.4176,150.9981
320.4993,331.1184,49.4176,150.9981
315.8505,331.4618,51.4140,157.0984
312.0360,337.2098,50.4059,154.0181
305.7658,338.5534,52.4423,160.2404
303.9901,338.5511,53.4912,163.4452
305.1376,336.9539,52.4423,160.2404
302.9110,332.8453,51.4140,157.0984
300.9927,329.2485,51.4140,157.0984
303.9329,330.5034,49.4176,150.9981
303.9708,321.7852,51.4140,157.0984
307.2791,315.2542,51.4140,157.0984
305.0466,314.8052,51.4140,157.0984
299.4089,316.3730,51.4140,157.0984
293.9156,321.2365,49.4176,150.9981
288.0881,320.3909,47.4986,145.1346
281.0227,314.8799,49.4176,150.9981
271.4060,317.7580,49.4176,150.9981
257.2868,319.4834,51.4140,157.0984
247.5633,323.3570,49.4176,150.9981
237.6460,323.8790,49.4176,150.9981
225.5459,320.0953,47.4986,145.1346
213.9607,317.5441,48.4486,148.0373
202.1404,317.8525,50.4059,154.0181
188.2987,315.2302,48.4486,148.0373
179.8227,307.8664,48.4486,148.0373
173.9274,311.3438,47.4986,145.1346
161.1705,311.4536,48.4486,148.0373
153.8403,312.0022,47.4986,145.1346
146.2284,315.6274,45.6542,139.4989
138.0278,314.1519,47.4986,145.1346
130.8609,308.7115,48.4486,148.0373
123.6350,309.8839,47.4986,145.1346
113.2003,306.5821,48.4486,148.0373
109.9091,308.1502,46.5673,142.2889
104.5706,306.2791,46.5673,142.2889
100.3063,301.5004,47.4986,145.1346
98.8943,301.5287,47.4986,145.1346
97.6480,305.9424,47.4986,145.1346
99.4499,308.2372,48.4486,148.0373
101.0164,312.9334,48.4486,148.0373
105.9203,318.2698,47.4986,145.1346
108.4007,319.2678,48.4486,148.0373
116.3391,318.8129,49.4176,150.9981
121.6905,319.0478,50.4059,154.0181
127.1942,319.7722,49.4176,150.9981
133.0793,316.5937,50.4059,154.0181
136.9313,315.6286,52.4423,160.2404
143.3434,316.7898,51.4140,157.0984
149.2941,312.8551,51.4140,157.0984
150.4408,308.6966,52.4423,160.2404
154.0267,309.9295,52.4423,160.2404
157.7696,304.4377,51.4140,157.0984
157.8575,302.0483,50.4059,154.0181
159.6536,303.0438,48.4486,148.0373
160.5871,299.0227,49.4176,150.9981
161.6053,294.8495,50.4059,154.0181
163.6836,293.6962,48.4486,148.0373
167.5509,294.8881,48.4486,148.0373
170.0444,296.1580,48.4486,148.0373
174.6931,297.0846,48.4486,148.0373
175.9961,301.8044,48.4486,148.0373
176.5918,300.4676,49.4176,150.9981
180.8343,303.4227,47.4986,145.1346
182.2107,307.5375,47.4986,145.1346
183.0602,306.2855,48.4486,148.0373
186.2245,304.9663,48.4486,148.0373
191.5946,305.9821,48.4486,148.0373
194.9405,312.5460,46.5673,142.2889
196.8788,310.7766,48.4486,148.0373
201.1660,309.9646,47.4986,145.1346
204.4369,307.4902,49.4176,150.9981
205.4547,314.8652,48.4486,148.0373
206.2095,319.7177,48.4486,148.0373
207.2910,315.7448,50.4059,154.0181
210.8272,313.9435,51.4140,157.0984
211.3122,316.0928,52.4423,160.2404
211.8139,323.9293,51.4140,157.0984
209.3283,320.9484,52.4423,160.2404
211.3274,323.5249,51.4140,157.0984
213.7511,332.6563,49.4176,150.9981
214.6033,332.4991,50.4059,154.0181
216.4055,326.3167,50.4059,154.0181
218.9403,324.8732,49.4176,150.9981
222.4207,325.9915,47.4986,145.1346
225.6357,324.1258,46.5673,142.2889
228.6573,314.9053,47.4986,145.1346
232.5846,309.2753,47.4986,145.1346
238.3065,307.7118,45.6542,139.4989
241.7395,309.0897,46.5673,142.2889
242.9893,313.4249,46.5673,142.2889
244.9160,307.6772,47.4986,145.1346
249.3481,308.2795,45.6542,139.4989
246.4888,310.1443,47.4986,145.1346
246.6171,311.8186,48.4486,148.0373
245.3885,313.9438,47.4986,145.1346
243.0744,309.5123,48.4486,148.0373
243.9429,311.5453,46.5673,142.2889
240.4784,312.7212,45.6542,139.4989
237.2641,305.4964,47.4986,145.1346
236.7665,300.8480,46.5673,142.2889
234.3506,305.8264,45.6542,139.4989
231.2503,306.7128,47.4986,145.1346
232.5322,303.1411,47.4986,145.1346
233.2975,301.6699,48.4486,148.0373
238.0009,307.3831,46.5673,142.2889
246.6438,308.4620,46.5673,142.2889
251.0425,309.2625,48.4486,148.0373
256.0194,318.8833,46.5673,142.2889
264.3796,317.6402,47.4986,145.1346
275.0300,313.1104,47.4986,145.1346
285.2787,308.3922,48.4486,148.0373
294.8977,306.1305,47.4986,145.1346
304.3839,303.2823,48.4486,148.0373
309.6852,297.3443,48.4486,148.0373
318.2502,294.3592,46.5673,142.2889
321.5873,293.7194,47.4986,145.1346
322.8113,294.7591,46.5673,142.2889
326.1741,294.4167,45.6542,139.4989
327.5667,288.5979,46.5673,142.2889
328.3054,287.9927,44.7590,136.7636
323.9439,286.8136,46.5673,142.2889
319.0976,287.7887,47.4986,145.1346
314.0273,283.0487,48.4486,148.0373
310.5978,286.4464,46.5673,142.2889
303.5803,286.5583,46.5673,142.2889
297.0917,278.0661,46.5673,142.2889
290.6079,274.2386,46.5673,142.2889
282.2208,280.6752,45.6542,139.4989
271.2833,280.7219,47.4986,145.1346
268.8345,273.7560,46.5673,142.2889
266.8536,271.0920,47.4986,145.1346
262.0562,279.8478,45.6542,139.4989
260.7550,277.1532,46.5673,142.2889
259.3481,283.3016,44.7590,136.7636
258.3001,287.2530,44.7590,136.7636
260.2222,286.6931,45.6542,139.4989
262.2013,287.1004,44.7590,136.7636
263.8435,295.8331,43.0210,131.4529
260.8259,300.8815,44.7590,136.7636
261.4437,306.7290,43.8814,134.0820
261.8185,307.6950,44.7590,136.7636
261.1644,307.2014,46.5673,142.2889
258.2532,309.6660,48.4486,148.0373
259.1301,311.5970,48.4486,148.0373
258.9715,310.1835,46.5673,142.2889
260.0049,311.1326,44.7590,136.7636
258.2449,308.3610,45.6542,139.4989
258.0732,303.3632,44.7590,136.7636
258.7817,296.0286,46.5673,142.2889
260.6882,297.0345,45.6542,139.4989
262.9934,288.7712,45.6542,139.4989
263.2734,281.4413,47.4986,145.1346
265.4166,281.2699,46.5673,142.2889
263.1226,279.1952,47.4986,145.1346
266.8089,275.7704,48.4486,148.0373
262.6659,272.8507,48.4486,148.0373
264.2616,271.8108,47.4986,145.1346
265.1771,276.8986,46.5673,142.2889
263.0322,283.5839,44.7590,136.7636
262.5049,278.0827,46.5673,142.2889
268.1642,274.8468,44.7590,136.7636
271.3688,270.4313,43.8814,134.0820
274.6904,271.4556,43.8814,134.0820
278.2607,275.4084,43.8814,134.0820
278.5832,269.8067,44.7590,136.7636
280.1312,264.7872,43.8814,134.0820
282.1376,256.5557,45.6542,139.4989
281.3756,257.5399,44.7590,136.7636
283.4922,262.3418,43.8814,134.0820
289.3635,271.4293,42.1774,128.8754
288.2078,273.1765,43.8814,134.0820
297.5406,276.6216,43.0210,131.4529
291.3858,272.5799,41.3504,126.3484
276.8987,270.7690,43.0210,131.4529
260.4194,282.0154,44.7590,136.7636
246.8877,282.3023,46.5673,142.2889
245.7117,283.3074,44.7590,136.7636
229.0451,282.3761,45.6542,139.4989
217.5071,283.2336,45.6542,139.4989
206.4401,281.9721,44.7590,136.7636
202.3468,289.2641,45.6542,139.4989
189.6634,287.5863,45.6542,139.4989
177.7599,284.9391,47.4986,145.1346
165.5174,281.8184,46.5673,142.2889
161.7446,294.0735,44.7590,136.7636
151.4105,286.7568,45.6542,139.4989
153.2607,279.2209,45.6542,139.4989
153.7582,277.7796,43.8814,134.0820
156.3195,274.0371,44.7590,136.7636
153.9328,264.7112,46.5673,142.2889
156.4369,262.7266,45.6542,139.4989
158.3492,259.1893,46.5673,142.2889
154.2834,257.2026,47.4986,145.1346
158.5477,257.4022,45.6542,139.4989
163.2936,253.2840,46.5673,142.2889
157.2579,243.3329,48.4486,148.0373
162.6323,243.6537,46.5673,142.2889
161.8666,243.7411,48.4486,148.0373
163.5176,244.1225,50.4059,154.0181
162.2164,249.8358,49.4176,150.9981
165.3522,258.2272,47.4986,145.1346
166.5181,259.7007,45.6542,139.4989
165.3916,260.0634,47.4986,145.1346
166.3621,260.8963,48.4486,148.0373
161.6652,263.5012,48.4486,148.0373
156.4803,262.5841,50.4059,154.0181
158.5748,272.1923,48.4486,148.0373
157.1071,271.5038,49.4176,150.9981
159.9575,279.6987,47.4986,145.1346
158.4985,284.0162,49.4176,150.9981
155.9060,293.2359,47.4986,145.1346
157.8068,302.6037,45.6542,139.4989
157.5798,299.9687,46.5673,142.2889
161.1612,298.3709,48.4486,148.0373
161.6769,300.7293,46.5673,142.2889
160.6478,295.7685,48.4486,148.0373
166.8560,297.0516,47.4986,145.1346
164.7068,288.0182,49.4176,150.9981
168.5090,281.7993,50.4059,154.0181
175.9749,281.1321,48.4486,148.0373
179.7422,278.2282,49.4176,150.9981
185.4416,279.2324,47.4986,145.1346
186.2714,276.7869,47.4986,145.1346
189.2947,273.0680,49.4176,150.9981
191.2206,274.4152,47.4986,145.1346
193.9633,268.1194,48.4486,148.0373
193.2538,261.5118,49.4176,150.9981
195.2811,258.3850,47.4986,145.1346
199.9771,254.8240,47.4986,145.1346
