99.0000,237.0000,27.0000,82.0000
101.0913,237.4959,27.0000,82.0000
104.2037,240.4252,26.4706,80.3922
106.5907,239.2874,27.5400,83.6400
109.0058,239.7238,27.0000,82.0000
111.3934,241.4325,25.9516,78.8158
111.6975,240.4464,27.0000,82.0000
113.7948,239.3800,28.0908,85.3128
114.5807,239.1125,28.0908,85.3128
115.4905,235.7785,28.6526,87.0191
116.1253,234.4270,28.6526,87.0191
116.9571,234.8003,28.0908,85.3128
119.2212,234.3749,27.0000,82.0000
120.0580,234.1975,25.9516,78.8158
118.9741,229.7551,27.0000,82.0000
120.5954,229.1590,25.9516,78.8158
121.2504,227.1078,26.4706,80.3922
122.6213,226.0718,26.4706,80.3922
123.1952,224.4020,27.0000,82.0000
125.8859,224.9553,27.0000,82.0000
126.9182,224.4157,27.0000,82.0000
130.3719,226.7945,25.9516,78.8158
132.4657,225.4159,25.9516,78.8158
134.0852,226.6011,24.9438,75.7553
134.9759,226.2772,25.9516,78.8158
135.8848,227.4307,24.9438,75.7553
136.4643,226.7868,25.9516,78.8158
137.7417,227.9019,24.9438,75.7553
139.8005,228.3363,23.9752,72.8137
140.7914,227.1896,24.4547,74.2699
142.9743,226.0237,24.9438,75.7553
146.1864,223.7183,25.9516,78.8158
147.5923,224.5387,24.9438,75.7553
149.1688,225.9195,23.9752,72.8137
149.0680,224.2259,24.9438,75.7553
147.2599,223.5029,25.9516,78.8158
143.6013,224.8921,24.9438,75.7553
141.1134,226.3890,24.4547,74.2699
139.8505,225.6105,24.9438,75.7553
138.3591,224.8644,25.4427,77.2704
136.3504,224.6296,25.9516,78.8158
134.6521,225.7609,24.9438,75.7553
133.4295,225.4692,24.9438,75.7553
132.7699,226.9001,23.9752,72.8137
129.8281,224.9457,24.9438,75.7553
129.1932,226.5306,24.4547,74.2699
130.2060,227.4755,24.4547,74.2699
129.7155,228.3458,24.4547,74.2699
131.1230,227.6281,24.9438,75.7553
130.6860,227.5001,25.9516,78.8158
127.5971,228.4896,25.9516,78.8158
127.7543,228.9019,25.9516,78.8158
130.2270,230.4716,24.9438,75.7553
131.1674,231.1709,24.9438,75.7553
130.6983,231.0804,24.9438,75.7553
131.1822,231.9162,24.4547,74.2699
133.1237,230.2831,24.9438,75.7553
134.3526,230.2671,24.9438,75.7553
134.4102,230.3731,24.9438,75.7553
136.0271,231.0468,24.9438,75.7553
138.6214,232.1861,23.9752,72.8137
138.5631,229.7138,24.9438,75.7553
140.0443,228.7005,24.9438,75.7553
141.6709,230.3742,23.9752,72.8137
142.6839,230.1825,23.9752,72.8137
145.7016,228.1099,24.9438,75.7553
146.6563,229.8887,23.9752,72.8137
148.6657,230.5483,23.9752,72.8137
152.5616,231.8665,23.0442,69.9862
153.5867,233.5390,22.5924,68.6139
154.4611,232.0374,23.5051,71.3859
154.9131,233.7747,23.5051,71.3859
155.3945,236.8169,23.0442,69.9862
159.4404,234.9146,23.5051,71.3859
161.8571,233.1423,23.9752,72.8137
160.6316,232.8309,23.5051,71.3859
160.4141,229.2073,24.4547,74.2699
159.2312,226.7476,24.9438,75.7553
159.3802,225.7234,24.9438,75.7553
160.9581,226.2352,24.9438,75.7553
161.6995,228.1748,23.9752,72.8137
164.1192,229.2626,23.5051,71.3859
166.8857,230.9089,23.0442,69.9862
168.4845,234.0912,22.1494,67.2686
170.7644,235.2266,21.7151,65.9496
170.6982,234.3852,22.5924,68.6139
172.3492,235.8464,22.1494,67.2686
174.4030,235.7397,21.7151,65.9496
174.0249,234.3845,21.7151,65.9496
173.6914,231.6375,22.5924,68.6139
175.0263,230.6041,23.5051,71.3859
176.9080,229.5603,23.9752,72.8137
178.4093,228.2615,24.9438,75.7553
180.5526,230.6709,23.9752,72.8137
183.7904,233.8045,23.0442,69.9862
186.7783,235.1304,22.5924,68.6139
188.5004,236.5528,21.7151,65.9496
189.3908,233.9319,22.5924,68.6139
192.2526,232.9680,22.5924,68.6139
193.9241,231.1927,23.0442,69.9862
196.4224,227.8562,23.9752,72.8137
197.7924,225.2568,24.9438,75.7553
199.9053,226.7763,23.9752,72.8137
199.4336,227.9019,23.9752,72.8137
199.4251,227.9360,24.4547,74.2699
199.3295,230.1418,23.5051,71.3859
197.5539,230.5836,23.5051,71.3859
198.2171,231.8494,22.5924,68.6139
198.5249,230.7273,23.5051,71.3859
198.4367,231.7859,22.5924,68.6139
196.7600,231.5834,23.0442,69.9862
195.6060,231.5000,23.5051,71.3859
195.3153,234.3528,22.5924,68.6139
194.2270,234.1195,23.5051,71.3859
193.4983,235.5257,23.5051,71.3859
192.8424,238.2108,23.0442,69.9862
191.8338,239.5975,23.0442,69.9862
190.9152,239.9722,23.0442,69.9862
191.0165,239.9999,23.5051,71.3859
193.1008,241.7899,22.5924,68.6139
193.4553,239.2942,23.5051,71.3859
195.5289,240.0583,23.0442,69.9862
196.3808,239.1238,23.5051,71.3859
197.1625,240.9615,22.5924,68.6139
199.3041,240.6571,23.0442,69.9862
200.6272,241.6144,22.5924,68.6139
200.7296,242.2304,22.5924,68.6139
204.2220,244.2991,21.7151,65.9496
205.2884,243.9095,21.2893,64.6564
203.7480,243.0836,20.8719,63.3887
203.5968,242.6808,20.8719,63.3887
205.2621,239.0359,21.7151,65.9496
205.9823,239.9158,20.8719,63.3887
206.4614,239.5024,20.4626,62.1458
209.6299,239.3461,20.0614,60.9272
211.9937,236.3652,20.8719,63.3887
213.8910,238.7609,20.0614,60.9272
215.3821,239.2305,20.0614,60.9272
216.3362,238.2178,20.4626,62.1458
217.6711,235.8600,21.2893,64.6564
218.2130,233.6195,22.1494,67.2686
221.6623,233.3417,21.7151,65.9496
223.4925,230.6171,22.1494,67.2686
224.1527,229.4193,22.1494,67.2686
225.5138,229.3591,22.5924,68.6139
229.7529,231.1285,22.1494,67.2686
233.1084,233.7103,21.2893,64.6564
234.3480,233.1377,22.1494,67.2686
238.5362,234.1711,22.1494,67.2686
241.8292,236.3844,21.2893,64.6564
243.6242,236.9429,20.8719,63.3887
246.1329,237.1188,20.0614,60.9272
248.4907,235.5068,20.4626,62.1458
253.1933,236.0259,20.0614,60.9272
255.7291,234.9958,20.8719,63.3887
256.0265,235.4026,20.4626,62.1458
258.3237,236.3365,20.8719,63.3887
259.9249,238.4935,20.0614,60.9272
262.8164,238.8420,20.8719,63.3887
265.4522,238.1679,20.8719,63.3887
267.3793,238.9594,20.0614,60.9272
269.5395,238.7267,19.6680,59.7326
270.6111,237.6310,19.6680,59.7326
271.6004,236.4185,19.6680,59.7326
272.4107,234.1962,20.4626,62.1458
273.9192,233.8482,20.4626,62.1458
275.4961,234.0901,21.2893,64.6564
276.3620,235.3666,20.8719,63.3887
275.6155,234.8453,21.7151,65.9496
276.7883,236.3062,20.8719,63.3887
277.5558,236.5132,20.8719,63.3887
278.9597,234.8864,21.2893,64.6564
278.5809,232.1156,22.1494,67.2686
279.2080,231.8393,22.1494,67.2686
281.7109,232.5589,21.7151,65.9496
282.5735,230.6649,22.5924,68.6139
283.6442,231.9182,22.1494,67.2686
284.9398,232.4591,22.5924,68.6139
287.7246,234.5446,22.1494,67.2686
289.5439,237.4970,21.2893,64.6564
289.4367,238.6563,20.4626,62.1458
291.6685,241.9350,19.6680,59.7326
291.7991,242.2650,20.0614,60.9272
291.3796,240.9342,20.4626,62.1458
291.6486,240.2394,20.8719,63.3887
291.5406,240.4441,21.2893,64.6564
292.9323,241.2850,21.2893,64.6564
294.0111,243.2283,20.4626,62.1458
293.9220,243.2288,20.4626,62.1458
295.2527,244.4584,19.6680,59.7326
294.6760,244.4511,19.6680,59.7326
292.1267,241.6581,20.0614,60.9272
291.6013,240.3826,20.4626,62.1458
291.8105,240.2840,20.0614,60.9272
290.2908,238.7027,20.4626,62.1458
290.3620,240.2594,19.6680,59.7326
289.5762,238.8752,20.0614,60.9272
291.5554,240.9977,19.6680,59.7326
291.5567,240.6366,20.4626,62.1458
291.3559,243.0892,19.6680,59.7326
291.5882,244.8427,18.9043,57.4131
291.4456,245.0137,18.9043,57.4131
292.3638,243.6321,19.2824,58.5613
294.1536,243.1354,19.6680,59.7326
294.9091,239.8895,20.4626,62.1458
295.8343,238.6772,20.4626,62.1458
296.5176,238.6961,20.4626,62.1458
299.1976,240.4970,19.6680,59.7326
298.6673,238.4166,20.4626,62.1458
299.2942,238.1707,20.8719,63.3887
299.4821,239.0119,20.8719,63.3887
299.5060,240.3413,20.0614,60.9272
300.7310,240.7462,19.2824,58.5613
300.5271,238.2020,20.0614,60.9272
301.6862,238.9810,19.6680,59.7326
302.5109,237.9262,19.6680,59.7326
302.5639,235.3607,20.4626,62.1458
302.6410,235.2799,20.4626,62.1458
303.2188,236.2192,20.0614,60.9272
304.8558,237.5157,20.0614,60.9272
306.3148,238.5555,20.0614,60.9272
306.7715,239.9708,19.2824,58.5613
306.2867,238.8056,19.6680,59.7326
307.2582,235.8350,20.4626,62.1458
306.9119,235.1868,20.4626,62.1458
306.5169,233.7717,20.4626,62.1458
306.6055,233.1540,20.0614,60.9272
307.7560,234.0826,19.2824,58.5613
309.1357,232.9320,20.0614,60.9272
310.1683,232.8350,20.8719,63.3887
309.6892,235.8871,20.0614,60.9272
308.6622,240.0137,19.6680,59.7326
305.6601,242.4834,18.9043,57.4131
305.2100,243.2577,18.5336,56.2873
304.8197,241.7717,18.5336,56.2873
304.9174,239.4036,18.5336,56.2873
303.4153,236.0031,19.2824,58.5613
302.4711,234.3022,19.6680,59.7326
300.4950,231.6275,20.4626,62.1458
300.6109,231.5444,20.4626,62.1458
302.1164,232.7710,20.0614,60.9272
303.4049,233.8374,20.0614,60.9272
304.7372,234.3230,20.0614,60.9272
304.3724,233.1112,20.8719,63.3887
304.2718,233.7674,20.0614,60.9272
307.3748,233.9465,19.6680,59.7326
309.2916,232.3303,20.0614,60.9272
310.4174,231.3358,20.4626,62.1458
310.0500,230.5661,20.0614,60.9272
309.9617,229.4338,20.8719,63.3887
312.0059,228.9260,21.2893,64.6564
312.7429,230.8819,20.4626,62.1458
313.5078,232.1212,20.0614,60.9272
316.0656,234.5536,19.2824,58.5613
317.5526,235.1094,19.2824,58.5613
317.8250,235.0727,18.9043,57.4131
317.5334,234.0174,19.2824,58.5613
316.5321,231.8994,20.0614,60.9272
317.6801,232.4345,19.2824,58.5613
318.1781,230.4963,20.0614,60.9272
320.7514,230.5512,19.6680,59.7326
320.8725,230.4516,19.6680,59.7326
319.1457,229.8058,20.4626,62.1458
321.3090,232.9141,19.6680,59.7326
324.1431,232.5065,19.6680,59.7326
325.4858,230.2518,20.4626,62.1458
328.6475,231.3521,19.6680,59.7326
329.4101,228.0415,20.4626,62.1458
329.7802,226.7112,20.4626,62.1458
331.2498,228.1687,19.6680,59.7326
332.1055,228.7277,19.2824,58.5613
332.5020,229.3061,19.2824,58.5613
331.6927,228.8264,20.0614,60.9272
330.5272,228.7035,20.4626,62.1458
330.9604,230.9476,19.6680,59.7326
331.5295,230.1340,19.6680,59.7326
330.5763,229.4226,19.2824,58.5613
330.1267,228.0265,19.2824,58.5613
331.1298,228.4378,18.5336,56.2873
330.1357,226.2765,19.2824,58.5613
328.9905,225.3974,20.0614,60.9272
329.7415,227.8319,19.2824,58.5613
329.4020,231.1662,18.5336,56.2873
327.8000,230.7332,19.2824,58.5613
327.7100,232.1851,19.2824,58.5613
327.7174,233.8125,18.5336,56.2873
327.1534,232.7339,18.1702,55.1836
327.3088,232.5195,17.4647,53.0408
327.0384,230.4131,18.1702,55.1836
328.6042,229.5689,18.5336,56.2873
328.0833,228.9496,18.9043,57.4131
327.0274,228.4098,19.6680,59.7326
325.7713,230.0092,18.9043,57.4131
327.0057,230.3776,19.2824,58.5613
328.4606,231.6104,18.9043,57.4131
330.4136,232.4246,18.5336,56.2873
331.5140,232.8957,17.8139,54.1016
332.1309,230.9102,18.1702,55.1836
333.3015,229.6833,18.5336,56.2873
333.1527,226.9582,19.2824,58.5613
333.7664,227.0910,19.2824,58.5613
332.9882,225.6993,20.0614,60.9272
333.4982,226.0413,20.0614,60.9272
335.0622,226.7527,20.0614,60.9272
336.7292,228.2038,19.2824,58.5613
338.3018,228.8567,18.9043,57.4131
339.7878,227.5677,18.9043,57.4131
341.7253,227.3645,18.5336,56.2873
340.8532,224.4301,18.9043,57.4131
342.8406,223.0193,18.9043,57.4131
345.2362,221.1029,19.2824,58.5613
345.9028,220.8776,19.2824,58.5613
346.0761,220.3496,19.6680,59.7326
347.2104,220.7654,19.2824,58.5613
349.2869,221.8186,18.9043,57.4131
350.6936,222.9658,18.5336,56.2873
349.7838,222.2232,18.1702,55.1836
349.4655,221.0102,18.1702,55.1836
349.8270,219.9186,18.5336,56.2873
348.1277,218.4142,18.9043,57.4131
347.8748,219.1061,18.1702,55.1836
347.0063,219.7862,18.1702,55.1836
344.7400,218.7598,18.9043,57.4131
343.4385,219.6909,18.9043,57.4131
342.4806,220.9070,18.9043,57.4131
342.8936,222.8795,18.9043,57.4131
344.1881,224.7667,18.1702,55.1836
343.5508,225.4361,17.4647,53.0408
341.9461,224.7614,17.4647,53.0408
341.4657,223.9202,17.8139,54.1016
341.6998,223.7967,17.8139,54.1016
340.8264,224.1665,17.4647,53.0408
339.6709,225.6659,17.1222,52.0008
338.4675,226.5851,16.7865,50.9812
340.2024,226.3955,17.4647,53.0408
341.3463,226.1031,18.1702,55.1836
342.6325,228.8855,17.8139,54.1016
345.9197,229.2096,17.1222,52.0008
345.0966,227.7490,16.7865,50.9812
345.8007,227.5347,16.4573,49.9815
347.8288,226.6247,16.1346,49.0015
348.3058,225.0046,16.7865,50.9812
349.9490,225.1868,17.1222,52.0008
351.8786,224.3749,17.4647,53.0408
353.5047,226.1016,17.4647,53.0408
355.3080,228.2481,17.1222,52.0008
359.4757,229.2783,16.7865,50.9812
360.1483,228.2427,17.4647,53.0408
364.2704,228.8460,16.7865,50.9812
367.0669,229.2541,16.7865,50.9812
368.7771,229.8842,16.4573,49.9815
369.3072,228.1885,16.7865,50.9812
371.3055,227.0121,17.4647,53.0408
372.9595,227.0834,17.4647,53.0408
373.9903,228.5543,16.7865,50.9812
376.1002,229.0448,16.7865,50.9812
378.0601,230.5279,16.1346,49.0015
378.5678,229.4294,16.4573,49.9815
380.6750,227.1133,17.1222,52.0008
380.2671,224.0228,17.8139,54.1016
380.5805,221.3363,18.1702,55.1836
384.7617,220.8992,17.8139,54.1016
385.8096,220.5159,17.4647,53.0408
386.3171,220.9917,17.8139,54.1016
387.9346,222.4895,17.1222,52.0008
390.6905,222.4471,17.1222,52.0008
390.6446,222.5114,17.1222,52.0008
389.3481,221.4133,17.4647,53.0408
390.8214,222.2969,16.7865,50.9812
390.4209,220.4916,17.4647,53.0408
392.0551,220.3365,17.4647,53.0408
394.1583,220.3736,17.4647,53.0408
395.3323,222.0902,16.7865,50.9812
395.7250,223.7867,16.1346,49.0015
395.0475,224.3044,15.5081,47.0987
396.5833,223.5445,16.1346,49.0015
398.0695,224.1116,15.8183,48.0407
398.6937,223.9949,16.1346,49.0015
397.8045,223.0792,15.8183,48.0407
397.3902,221.7652,15.8183,48.0407
398.8420,220.0487,16.1346,49.0015
398.5202,218.6405,16.4573,49.9815
397.2627,216.6446,16.7865,50.9812
398.1710,217.0547,17.1222,52.0008
398.3869,216.9916,17.8139,54.1016
398.5734,217.6308,17.8139,54.1016
398.7445,217.9716,17.4647,53.0408
400.5916,218.9756,17.1222,52.0008
402.2585,219.5805,16.7865,50.9812
402.7381,218.1948,17.4647,53.0408
405.0753,216.9090,17.8139,54.1016
405.2914,215.0518,17.4647,53.0408
406.2403,214.4527,16.7865,50.9812
408.1742,213.3654,17.1222,52.0008
409.5921,213.8759,16.7865,50.9812
411.6794,216.0142,16.1346,49.0015
413.6671,215.8999,16.4573,49.9815
415.1120,215.3723,16.7865,50.9812
419.5523,215.8345,17.1222,52.0008
421.3651,214.2918,17.4647,53.0408
422.7500,214.3299,16.7865,50.9812
423.0209,213.6893,16.7865,50.9812
423.5230,212.1011,16.7865,50.9812
424.6483,213.2583,16.1346,49.0015
425.0626,213.1217,15.8183,48.0407
425.7070,213.0044,15.5081,47.0987
425.0832,212.0931,15.8183,48.0407
426.7489,213.1372,16.1346,49.0015
428.8607,213.4716,15.8183,48.0407
429.4262,213.6113,15.8183,48.0407
430.5160,212.5036,16.4573,49.9815
431.3062,213.0459,16.1346,49.0015
431.6646,210.8583,16.7865,50.9812
433.2095,210.1794,17.1222,52.0008
432.9108,211.1151,16.4573,49.9815
433.0677,212.3471,16.1346,49.0015
433.1250,212.5867,16.1346,49.0015
431.8746,211.8659,15.8183,48.0407
431.3468,210.7763,16.1346,49.0015
429.7254,209.6575,16.1346,49.0015
427.1409,208.5730,15.8183,48.0407
424.6733,206.9730,15.2040,46.1752
420.6796,203.1581,15.5081,47.0987
419.2192,199.7504,16.1346,49.0015
417.6892,197.7862,16.7865,50.9812
415.4633,196.0991,17.4647,53.0408
415.3387,197.8068,17.1222,52.0008
416.6290,199.9869,16.4573,49.9815
417.1243,202.1503,15.8183,48.0407
417.6487,203.1767,15.8183,48.0407
420.0019,205.2245,15.2040,46.1752
420.3817,205.0889,14.6136,44.3822
420.3692,204.8683,14.6136,44.3822
421.3474,203.7539,14.9059,45.2698
422.2285,203.2620,15.5081,47.0987
423.1809,203.6792,15.5081,47.0987
422.6825,204.5134,15.8183,48.0407
421.5549,205.5217,16.4573,49.9815
421.2022,206.0321,16.7865,50.9812
424.5739,207.8175,17.1222,52.0008
427.1833,207.2292,17.1222,52.0008
426.0980,208.1076,16.4573,49.9815
424.9395,205.2533,16.7865,50.9812
424.4571,204.0553,17.4647,53.0408
427.3890,203.7170,17.1222,52.0008
429.5627,205.6265,16.4573,49.9815
429.5636,206.9810,16.4573,49.9815
430.9207,208.5558,16.1346,49.0015
431.9049,209.1374,16.1346,49.0015
432.0429,210.0454,15.5081,47.0987
433.2787,210.6523,15.2040,46.1752
434.8121,209.8611,15.5081,47.0987
435.3061,210.9781,15.2040,46.1752
436.5351,211.3687,15.2040,46.1752
436.1437,211.4325,15.5081,47.0987
435.7406,212.7529,15.2040,46.1752
437.1395,214.9754,14.6136,44.3822
437.1893,215.9248,14.6136,44.3822
436.0029,216.7367,14.6136,44.3822
435.2590,216.6963,14.9059,45.2698
435.2523,215.5265,14.9059,45.2698
434.8712,213.9623,14.9059,45.2698
432.5513,212.1625,15.5081,47.0987
431.3403,211.5775,15.2040,46.1752
431.0690,209.8222,14.9059,45.2698
430.3677,209.8181,15.5081,47.0987
427.4846,211.1368,15.5081,47.0987
425.5048,211.8735,15.2040,46.1752
424.9131,211.5813,15.2040,46.1752
423.2733,209.1852,15.8183,48.0407
422.7697,208.5673,15.2040,46.1752
421.8685,205.7994,15.8183,48.0407
421.6083,206.1393,15.2040,46.1752
421.2425,204.6335,15.8183,48.0407
421.7803,205.0655,15.8183,48.0407
423.2232,206.4891,16.1346,49.0015
424.9637,208.0560,16.4573,49.9815
427.2201,210.5669,15.8183,48.0407
429.9725,213.7458,15.2040,46.1752
432.0435,215.0028,14.6136,44.3822
433.1029,214.3680,15.2040,46.1752
434.3507,214.4839,14.6136,44.3822
438.3054,215.6323,14.0462,42.6588
439.3276,213.4291,14.6136,44.3822
441.9342,213.1644,14.6136,44.3822
444.6847,212.5037,15.2040,46.1752
445.6988,212.5253,14.9059,45.2698
444.8278,213.5248,14.6136,44.3822
444.8193,214.9156,14.0462,42.6588
444.2470,214.4260,14.0462,42.6588
440.7885,211.5633,14.3271,43.5119
436.8212,207.7297,14.9059,45.2698
432.3854,206.1486,14.3271,43.5119
429.0992,204.2816,14.3271,43.5119
428.0739,203.6283,13.7708,41.8223
427.1886,204.4524,13.5007,41.0023
424.3151,206.5763,14.0462,42.6588
420.4581,206.1991,14.6136,44.3822
418.5900,207.6819,14.6136,44.3822
417.4964,210.6143,14.3271,43.5119
415.3907,212.8994,13.7708,41.8223
413.9878,214.4302,13.2360,40.1983
411.5720,214.6317,13.5007,41.0023
410.1502,214.1140,13.5007,41.0023
409.3464,214.3835,14.0462,42.6588
409.5101,215.1925,14.0462,42.6588
409.8086,215.3545,14.3271,43.5119
409.4758,214.9498,14.9059,45.2698
410.4830,217.3759,14.3271,43.5119
409.9776,216.5499,14.9059,45.2698
410.4339,216.3957,15.2040,46.1752
408.8149,215.2468,15.8183,48.0407
409.0280,215.0422,15.8183,48.0407
408.9217,215.0930,15.8183,48.0407
408.5351,215.8761,15.5081,47.0987
409.7043,216.1951,15.5081,47.0987
411.0304,217.4483,15.2040,46.1752
412.7947,218.9015,14.9059,45.2698
415.4561,221.3114,14.3271,43.5119
416.3154,221.7867,14.9059,45.2698
418.5618,221.9045,15.5081,47.0987
418.7737,221.6349,14.9059,45.2698
418.1016,221.6087,14.6136,44.3822
418.4668,219.9715,14.9059,45.2698
419.5597,218.9945,14.6136,44.3822
420.2239,218.7291,14.0462,42.6588
418.7555,216.1034,14.6136,44.3822
418.7033,214.2564,14.6136,44.3822
419.5874,213.2072,14.0462,42.6588
419.0572,212.5768,13.5007,41.0023
417.8002,210.4367,14.0462,42.6588
416.0061,207.6641,14.0462,42.6588
414.9133,206.2802,14.0462,42.6588
416.1159,204.2018,14.3271,43.5119
415.3678,202.8903,14.3271,43.5119
412.2989,202.1763,14.0462,42.6588
410.7284,202.6324,14.3271,43.5119
407.2597,205.1322,14.6136,44.3822
402.6007,209.8412,14.3271,43.5119
400.2193,210.2873,14.3271,43.5119
396.3840,211.1860,13.7708,41.8223
392.6329,211.6237,14.3271,43.5119
389.0277,210.3679,14.3271,43.5119
387.3913,210.2217,13.7708,41.8223
388.0565,208.6438,14.3271,43.5119
388.6245,208.7295,13.7708,41.8223
388.1439,208.5394,14.0462,42.6588
387.3816,208.7685,13.5007,41.0023
389.3541,208.4672,14.0462,42.6588
391.2383,209.5747,13.5007,41.0023
391.8479,209.3733,14.0462,42.6588
392.8652,209.9544,14.0462,42.6588
393.4176,210.9187,14.3271,43.5119
394.3509,209.9193,14.9059,45.2698
397.1482,208.2376,14.9059,45.2698
399.3369,207.2223,14.6136,44.3822
402.6909,205.5290,14.9059,45.2698
406.7243,205.0764,14.6136,44.3822
408.7705,205.9737,14.3271,43.5119
411.4440,207.0401,14.3271,43.5119
414.6298,206.8685,14.6136,44.3822
415.8642,207.5746,14.6136,44.3822
416.5744,209.2307,14.3271,43.5119
420.5021,209.5931,14.0462,42.6588
422.0169,207.1674,14.6136,44.3822
421.7070,206.1600,14.6136,44.3822
424.0657,205.4900,14.9059,45.2698
429.4518,206.2618,14.3271,43.5119
432.2905,205.6849,14.0462,42.6588
432.1559,206.2911,14.0462,42.6588
433.8006,205.3040,14.6136,44.3822
437.3149,205.8897,15.2040,46.1752
439.2996,205.7453,15.8183,48.0407
440.8312,207.1248,15.2040,46.1752
441.4663,204.1586,15.5081,47.0987
443.3204,202.6146,15.2040,46.1752
445.5807,200.8653,15.5081,47.0987
446.4733,199.7956,15.8183,48.0407
448.3884,200.4527,16.1346,49.0015
451.0086,201.9112,15.5081,47.0987
454.2604,202.3186,15.5081,47.0987
457.1648,202.8903,15.2040,46.1752
459.4658,203.5271,14.6136,44.3822
463.4164,204.1873,14.3271,43.5119
467.7787,203.3854,14.3271,43.5119
470.8096,202.6235,13.7708,41.8223
474.0005,202.7994,13.2360,40.1983
477.7684,203.7925,12.7221,38.6373
478.3435,202.3174,12.9765,39.4101
478.6986,201.6323,13.5007,41.0023
482.3521,202.3982,13.5007,41.0023
483.5092,202.1008,14.0462,42.6588
483.6437,201.6997,14.3271,43.5119
483.9552,201.7845,13.7708,41.8223
486.9719,201.7763,13.2360,40.1983
488.1350,199.4100,13.5007,41.0023
487.6315,197.6207,13.7708,41.8223
488.0731,196.6603,13.5007,41.0023
491.4204,195.8580,13.5007,41.0023
493.0089,194.5722,14.0462,42.6588
493.2260,194.5144,13.5007,41.0023
493.9014,194.6157,14.0462,42.6588
495.0029,195.2667,13.5007,41.0023
496.0136,195.1316,13.5007,41.0023
497.4641,193.8725,14.0462,42.6588
499.5774,193.0251,14.0462,42.6588
501.3548,192.4708,14.0462,42.6588
503.5007,191.4617,14.3271,43.5119
505.0081,189.3464,14.6136,44.3822
508.2868,189.0268,14.0462,42.6588
508.4661,188.3176,14.3271,43.5119
510.3337,189.7712,13.7708,41.8223
509.4212,190.6258,14.3271,43.5119
509.8290,190.7569,14.3271,43.5119
509.9908,189.0532,14.9059,45.2698
508.6465,188.5463,15.5081,47.0987
508.9277,187.9464,16.1346,49.0015
508.7597,188.3840,16.4573,49.9815
507.8545,189.3543,16.4573,49.9815
507.3330,190.8863,16.1346,49.0015
507.8536,191.4454,16.1346,49.0015
509.0517,192.4668,15.5081,47.0987
507.7321,193.2631,14.9059,45.2698
508.4964,193.6711,15.2040,46.1752
507.3637,193.7158,14.9059,45.2698
507.9443,193.1925,15.5081,47.0987
509.3256,192.6987,15.2040,46.1752
508.6515,190.4124,15.8183,48.0407
510.0112,191.8636,15.5081,47.0987
518.9220,189.3481,16.1346,49.0015
511.6958,189.6017,16.7865,50.9812
512.7736,189.9899,17.1222,52.0008
512.9207,191.5183,16.4573,49.9815
514.7784,192.2881,16.4573,49.9815
515.5245,192.8751,16.1346,49.0015
513.0828,191.8471,16.7865,50.9812
512.8880,192.6720,16.4573,49.9815
511.8913,193.8926,15.8183,48.0407
511.4143,193.6988,16.4573,49.9815
510.3072,192.3575,16.7865,50.9812
510.7655,193.8977,16.4573,49.9815
510.4015,195.0547,16.4573,49.9815
509.6219,196.8449,16.1346,49.0015
511.2080,196.8641,16.4573,49.9815
510.1520,196.4966,17.1222,52.0008
509.9783,197.7346,17.1222,52.0008
511.2577,199.8676,16.4573,49.9815
511.1642,199.4899,16.7865,50.9812
512.4285,198.9390,17.4647,53.0408
512.6011,200.2172,16.7865,50.9812
513.8119,201.5450,16.4573,49.9815
514.9578,201.5406,16.1346,49.0015
514.6290,199.7401,16.7865,50.9812
514.7070,199.7591,16.7865,50.9812
514.5399,200.4324,16.4573,49.9815
515.6017,200.9204,16.1346,49.0015
515.5373,200.8726,16.1346,49.0015
514.5829,200.0345,15.8183,48.0407
514.9414,199.9599,16.1346,49.0015
515.1085,200.6118,15.5081,47.0987
515.6549,200.4811,15.2040,46.1752
515.1258,197.7877,15.8183,48.0407
515.0374,197.0308,16.1346,49.0015
514.5667,194.5211,16.7865,50.9812
514.6772,194.5861,17.1222,52.0008
513.6547,194.0391,16.7865,50.9812
513.8494,192.5910,16.7865,50.9812
