256.0000,152.0000,73.0000,210.0000
255.4419,151.4181,73.0000,210.0000
255.8207,151.4831,73.0000,210.0000
255.1165,149.1733,74.4600,214.2000
255.8185,151.4580,73.0000,210.0000
255.1771,149.1066,74.4600,214.2000
255.6870,151.5466,73.0000,210.0000
255.5455,151.5412,73.0000,210.0000
255.3888,151.6441,73.0000,210.0000
255.3795,151.7507,73.0000,210.0000
255.2705,151.7914,73.0000,210.0000
255.3778,151.9452,73.0000,210.0000
255.2736,151.9405,73.0000,210.0000
255.2310,151.9547,73.0000,210.0000
255.2919,151.9925,73.0000,210.0000
255.2427,151.8882,73.0000,210.0000
255.2928,152.0069,73.0000,210.0000
255.3158,151.8820,73.0000,210.0000
255.2368,151.9509,73.0000,210.0000
255.2815,151.9219,73.0000,210.0000
255.2177,152.0394,73.0000,210.0000
255.2318,151.9683,73.0000,210.0000
255.2048,151.9485,73.0000,210.0000
255.1739,152.2494,73.0000,210.0000
255.2503,152.0380,73.0000,210.0000
255.2093,152.0195,73.0000,210.0000
255.2018,151.9019,73.0000,210.0000
255.2620,151.9471,73.0000,210.0000
255.2419,151.9093,73.0000,210.0000
255.2444,151.8247,73.0000,210.0000
255.1892,151.9923,73.0000,210.0000
255.2806,152.0078,73.0000,210.0000
255.1864,151.9576,73.0000,210.0000
255.2063,151.9881,73.0000,210.0000
255.2113,152.0322,73.0000,210.0000
255.2532,151.9621,73.0000,210.0000
255.0706,151.9659,73.0000,210.0000
255.0380,152.0116,73.0000,210.0000
255.0053,152.0428,73.0000,210.0000
255.1736,151.9938,73.0000,210.0000
255.0057,151.9681,73.0000,210.0000
254.9394,151.9144,73.0000,210.0000
254.8301,151.8261,73.0000,210.0000
254.8017,151.6992,73.0000,210.0000
254.8031,151.9328,73.0000,210.0000
254.7551,151.8852,73.0000,210.0000
254.8081,151.9201,73.0000,210.0000
254.7244,151.7236,73.0000,210.0000
254.6818,151.8249,73.0000,210.0000
254.8009,151.7886,73.0000,210.0000
254.9135,151.8744,73.0000,210.0000
254.8492,151.7845,73.0000,210.0000
254.8647,151.8739,73.0000,210.0000
254.8028,151.8271,73.0000,210.0000
254.8361,151.8662,73.0000,210.0000
254.7498,151.9908,73.0000,210.0000
254.7855,151.8507,73.0000,210.0000
254.8163,151.9246,73.0000,210.0000
254.7158,151.8070,73.0000,210.0000
254.8865,151.7725,73.0000,210.0000
254.8847,151.7524,73.0000,210.0000
254.9764,151.8871,73.0000,210.0000
254.9396,151.7635,73.0000,210.0000
254.7995,151.9191,73.0000,210.0000
254.8790,151.8763,73.0000,210.0000
254.7545,151.8652,73.0000,210.0000
254.7509,151.7315,73.0000,210.0000
254.8447,151.8430,73.0000,210.0000
254.6947,152.0234,73.0000,210.0000
254.8681,151.9547,73.0000,210.0000
254.9772,151.8399,73.0000,210.0000
254.7487,151.9474,73.0000,210.0000
254.8262,151.9013,73.0000,210.0000
254.8898,151.9385,73.0000,210.0000
254.7869,151.9342,73.0000,210.0000
254.7085,151.9557,73.0000,210.0000
254.8159,152.0664,73.0000,210.0000
255.0614,151.8824,73.0000,210.0000
255.2304,152.0002,73.0000,210.0000
255.3611,152.0074,73.0000,210.0000
255.3092,152.0847,73.0000,210.0000
255.3106,152.1425,73.0000,210.0000
255.3006,152.2520,73.0000,210.0000
255.4006,151.9593,73.0000,210.0000
255.4387,152.1740,73.0000,210.0000
255.4139,152.1620,73.0000,210.0000
255.5094,152.2193,73.0000,210.0000
255.4556,152.0487,73.0000,210.0000
255.4939,152.0177,73.0000,210.0000
255.4084,151.9747,73.0000,210.0000
255.3236,152.0237,73.0000,210.0000
255.2676,152.0941,73.0000,210.0000
255.3151,152.0318,73.0000,210.0000
255.4826,152.0053,73.0000,210.0000
255.4539,151.9829,73.0000,210.0000
255.3198,152.1697,73.0000,210.0000
255.3360,152.1463,73.0000,210.0000
255.3772,152.1033,73.0000,210.0000
255.3444,151.9806,73.0000,210.0000
255.3891,151.9784,73.0000,210.0000
255.2996,151.9495,73.0000,210.0000
255.3474,151.8958,73.0000,210.0000
255.3874,151.9517,73.0000,210.0000
255.3229,151.9931,73.0000,210.0000
255.3404,152.0115,73.0000,210.0000
255.2623,152.0532,73.0000,210.0000
255.3325,151.8887,73.0000,210.0000
255.2923,151.9891,73.0000,210.0000
255.0876,151.8478,73.0000,210.0000
255.1271,151.9059,73.0000,210.0000
255.1869,151.9685,73.0000,210.0000
255.2651,151.9064,73.0000,210.0000
255.3189,151.9370,73.0000,210.0000
255.4425,152.0912,73.0000,210.0000
255.5348,152.0856,73.0000,210.0000
255.6366,152.0378,73.0000,210.0000
255.7955,151.8639,73.0000,210.0000
255.5887,151.9735,73.0000,210.0000
255.5184,151.8593,73.0000,210.0000
255.4764,151.8405,73.0000,210.0000
255.4248,152.0087,73.0000,210.0000
255.4267,151.9560,73.0000,210.0000
255.3059,152.1627,73.0000,210.0000
255.3752,151.9431,73.0000,210.0000
255.2076,151.8774,73.0000,210.0000
255.3438,152.0847,73.0000,210.0000
255.2827,151.9904,73.0000,210.0000
255.5049,151.9769,73.0000,210.0000
255.7063,151.8143,73.0000,210.0000
255.8450,151.7598,73.0000,210.0000
255.8908,151.7714,73.0000,210.0000
255.6803,151.8529,73.0000,210.0000
255.6854,151.8550,73.0000,210.0000
255.7652,151.8462,73.0000,210.0000
255.6976,151.8531,73.0000,210.0000
255.7197,151.7819,73.0000,210.0000
255.7916,151.8808,73.0000,210.0000
255.7006,151.8688,73.0000,210.0000
255.6363,151.9022,73.0000,210.0000
255.6813,151.8107,73.0000,210.0000
255.7681,151.7697,73.0000,210.0000
255.7942,151.7789,73.0000,210.0000
255.7034,151.8400,73.0000,210.0000
255.5147,151.6793,73.0000,210.0000
255.6345,151.6813,73.0000,210.0000
255.6201,151.7139,73.0000,210.0000
255.5679,151.5860,73.0000,210.0000
255.6596,151.7384,73.0000,210.0000
255.5012,151.6606,73.0000,210.0000
255.6283,151.6793,73.0000,210.0000
255.4672,151.8587,73.0000,210.0000
255.6063,151.6553,73.0000,210.0000
255.7041,151.5312,73.0000,210.0000
255.5531,151.7942,73.0000,210.0000
255.5970,151.5905,73.0000,210.0000
255.6379,151.6259,73.0000,210.0000
255.7510,151.6491,73.0000,210.0000
255.6647,151.6853,73.0000,210.0000
255.6404,151.6313,73.0000,210.0000
255.5379,151.8216,73.0000,210.0000
255.6482,151.5539,73.0000,210.0000
255.6186,151.6191,73.0000,210.0000
255.5940,151.5825,73.0000,210.0000
255.5804,151.5888,73.0000,210.0000
255.6450,151.5691,73.0000,210.0000
255.5836,151.7528,73.0000,210.0000
255.6463,151.6944,73.0000,210.0000
255.5216,151.6056,73.0000,210.0000
255.5622,151.5527,73.0000,210.0000
255.5333,151.6096,73.0000,210.0000
255.6177,151.7936,73.0000,210.0000
255.5682,151.5640,73.0000,210.0000
255.6473,151.6895,73.0000,210.0000
255.5295,151.8727,73.0000,210.0000
255.6682,151.7626,73.0000,210.0000
255.6892,151.7584,73.0000,210.0000
255.7029,151.7444,73.0000,210.0000
255.7411,151.9023,73.0000,210.0000
255.7657,151.8059,73.0000,210.0000
255.7630,151.8600,73.0000,210.0000
255.6015,151.9014,73.0000,210.0000
255.6087,151.8137,73.0000,210.0000
255.7573,151.9104,73.0000,210.0000
255.7496,151.9093,73.0000,210.0000
255.5448,151.7336,73.0000,210.0000
255.5788,151.7105,73.0000,210.0000
255.5406,151.8354,73.0000,210.0000
255.5464,151.8318,73.0000,210.0000
255.5705,151.8902,73.0000,210.0000
255.4634,151.9168,73.0000,210.0000
255.6176,151.8744,73.0000,210.0000
255.6832,151.8901,73.0000,210.0000
255.7366,151.8870,73.0000,210.0000
255.8524,151.6985,73.0000,210.0000
255.8347,151.8298,73.0000,210.0000
255.8376,151.8483,73.0000,210.0000
255.7546,151.9097,73.0000,210.0000
255.5658,151.8282,73.0000,210.0000
255.5414,151.8794,73.0000,210.0000
255.5952,151.7323,73.0000,210.0000
255.5805,151.8170,73.0000,210.0000
255.3627,151.9197,73.0000,210.0000
255.3754,151.6266,73.0000,210.0000
255.2877,151.9190,73.0000,210.0000
255.2958,151.8515,73.0000,210.0000
255.3690,151.8231,73.0000,210.0000
255.1858,151.7299,73.0000,210.0000
255.1757,151.8085,73.0000,210.0000
255.1935,151.8224,73.0000,210.0000
255.2661,151.8327,73.0000,210.0000
255.2213,151.7737,73.0000,210.0000
255.1734,151.8964,73.0000,210.0000
255.3015,151.9173,73.0000,210.0000
255.2925,151.8282,73.0000,210.0000
255.4465,151.8772,73.0000,210.0000
255.6430,151.8166,73.0000,210.0000
255.5908,151.7696,73.0000,210.0000
255.6200,151.6159,73.0000,210.0000
255.6065,151.7507,73.0000,210.0000
255.6520,151.6927,73.0000,210.0000
255.6736,151.5825,73.0000,210.0000
255.3134,151.9511,73.0000,210.0000
255.3128,152.1236,73.0000,210.0000
255.8800,152.5673,73.0000,210.0000
257.3724,156.2871,70.1653,201.8454
255.4444,151.4976,73.0000,210.0000
257.0116,155.8785,70.1653,201.8454
255.3758,151.8147,73.0000,210.0000
255.3797,151.6393,73.0000,210.0000
255.4782,151.6135,73.0000,210.0000
255.4163,151.7096,73.0000,210.0000
255.6819,151.8082,73.0000,210.0000
255.4918,151.7177,73.0000,210.0000
255.4683,151.5787,73.0000,210.0000
255.4752,151.6037,73.0000,210.0000
255.5714,151.7099,73.0000,210.0000
255.5212,151.5458,73.0000,210.0000
255.7809,151.4323,73.0000,210.0000
257.1317,155.8793,70.1653,201.8454
255.7011,151.7720,73.0000,210.0000
255.7785,151.5643,73.0000,210.0000
255.4943,151.7103,73.0000,210.0000
255.5966,152.0395,73.0000,210.0000
255.6839,151.8616,73.0000,210.0000
255.7206,151.8899,73.0000,210.0000
255.6439,151.7816,73.0000,210.0000
255.6853,151.8270,73.0000,210.0000
255.7341,151.8659,73.0000,210.0000
255.7794,151.8279,73.0000,210.0000
255.6818,151.6189,73.0000,210.0000
255.5106,151.7195,73.0000,210.0000
255.6184,151.7829,73.0000,210.0000
255.5578,151.7139,73.0000,210.0000
255.4076,151.7428,73.0000,210.0000
255.4813,151.6514,73.0000,210.0000
255.7284,151.7387,73.0000,210.0000
255.5787,151.6685,73.0000,210.0000
255.5986,151.7503,73.0000,210.0000
255.4725,151.8709,73.0000,210.0000
255.4672,151.7198,73.0000,210.0000
255.2995,151.7072,73.0000,210.0000
255.4499,151.6968,73.0000,210.0000
255.5206,151.4771,73.0000,210.0000
257.0710,155.4798,70.1653,201.8454
257.1985,155.6213,70.1653,201.8454
255.4351,151.5954,73.0000,210.0000
255.5183,151.5797,73.0000,210.0000
255.5494,151.5719,73.0000,210.0000
255.5403,151.6605,73.0000,210.0000
255.3902,151.6102,73.0000,210.0000
255.4376,151.5314,73.0000,210.0000
255.4143,151.4167,73.0000,210.0000
257.0717,155.6447,70.1653,201.8454
255.3656,151.7416,73.0000,210.0000
255.4228,151.6179,73.0000,210.0000
255.2771,151.7644,73.0000,210.0000
256.7175,153.9338,71.5686,205.8824
256.6918,153.6948,71.5686,205.8824
255.2877,151.6823,73.0000,210.0000
255.4039,151.5446,73.0000,210.0000
255.5037,151.5186,73.0000,210.0000
255.5630,151.7293,73.0000,210.0000
255.6505,151.8330,73.0000,210.0000
255.7404,152.0206,73.0000,210.0000
255.8496,151.8278,73.0000,210.0000
255.8071,151.9458,73.0000,210.0000
255.8267,152.0694,73.0000,210.0000
255.7320,152.1045,73.0000,210.0000
255.5837,152.3825,73.0000,210.0000
255.4828,152.2704,73.0000,210.0000
255.2946,152.2436,73.0000,210.0000
256.6174,154.5820,71.5686,205.8824
256.5073,154.6639,71.5686,205.8824
255.4596,152.1017,73.0000,210.0000
256.6821,154.1394,71.5686,205.8824
255.6734,151.9292,73.0000,210.0000
255.6882,152.2556,73.0000,210.0000
255.4831,152.4412,73.0000,210.0000
255.4449,152.2234,73.0000,210.0000
255.5763,152.1838,73.0000,210.0000
255.8950,152.1236,73.0000,210.0000
257.0291,154.4527,71.5686,205.8824
257.3826,154.3207,71.5686,205.8824
257.5798,155.8267,70.1653,201.8454
257.5881,155.7723,70.1653,201.8454
257.7829,154.2616,71.5686,205.8824
255.9687,151.4402,73.0000,210.0000
257.3495,155.2187,70.1653,201.8454
256.1159,151.3342,73.0000,210.0000
256.9657,153.2030,71.5686,205.8824
256.7493,153.3772,71.5686,205.8824
256.5440,153.2538,71.5686,205.8824
255.9827,152.8349,71.5686,205.8824
255.5452,151.5662,71.5686,205.8824
254.7806,152.1894,70.1653,201.8454
255.4102,152.7689,68.7895,197.8877
255.0069,151.4222,68.7895,197.8877
254.1919,146.9426,71.5686,205.8824
254.7820,149.0682,68.7895,197.8877
254.4372,144.4057,70.1653,201.8454
254.8112,143.2154,68.7895,197.8877
255.8004,144.4503,66.1183,190.2035
255.5829,141.6022,66.1183,190.2035
254.1676,134.8684,67.4407,194.0075
251.6549,127.9939,70.1653,201.8454
250.5412,124.5838,70.1653,201.8454
249.6239,121.9341,70.1653,201.8454
248.6393,119.3409,68.7895,197.8877
247.4275,116.9120,67.4407,194.0075
245.3632,112.4397,67.4407,194.0075
244.5802,111.5120,66.1183,190.2035
242.1982,106.8704,66.1183,190.2035
240.6505,106.9168,63.5509,182.8176
237.6410,103.4522,63.5509,182.8176
234.4839,102.2013,62.3048,179.2330
230.2758,99.4280,62.3048,179.2330
226.9351,95.8484,62.3048,179.2330
224.8891,97.5718,59.8854,172.2731
220.2914,91.8065,61.0831,175.7186
216.5644,93.2202,58.7112,168.8952
212.9010,93.8181,56.4314,162.3368
209.2662,92.0339,55.3249,159.1538
207.2448,93.0416,53.1765,152.9736
205.0133,90.7865,52.1339,149.9741
203.1898,89.7689,51.1116,147.0335
200.7678,88.3121,50.1094,144.1505
196.9792,81.8229,52.1339,149.9741
192.9150,76.9178,54.2401,156.0331
188.2764,72.6397,55.3249,159.1538
184.5170,70.7211,55.3249,159.1538
179.4671,67.2237,56.4314,162.3368
173.1289,62.7627,58.7112,168.8952
169.5669,65.1204,56.4314,162.3368
165.7241,65.4890,55.3249,159.1538
162.7995,67.7507,53.1765,152.9736
158.9630,67.3170,53.1765,152.9736
154.0273,68.6730,52.1339,149.9741
151.6506,72.0734,50.1094,144.1505
145.2812,69.7419,51.1116,147.0335
138.1967,68.4581,52.1339,149.9741
132.4076,67.2526,54.2401,156.0331
124.8364,66.6943,56.4314,162.3368
117.8630,65.6788,58.7112,168.8952
113.6896,70.1945,56.4314,162.3368
107.5778,68.3210,57.5600,165.5836
102.7257,66.7569,59.8854,172.2731
98.9005,72.1336,57.5600,165.5836
94.6119,74.8143,56.4314,162.3368
89.1958,72.5594,58.7112,168.8952
84.5053,75.5530,56.4314,162.3368
78.8966,75.0754,57.5600,165.5836
73.8283,79.4272,55.3249,159.1538
67.7244,76.5273,57.5600,165.5836
63.0512,81.3428,55.3249,159.1538
57.5715,83.5370,56.4314,162.3368
50.6448,81.0767,58.7112,168.8952
42.6769,77.8537,61.0831,175.7186
34.3174,75.8827,63.5509,182.8176
28.1924,79.8334,62.3048,179.2330
22.9003,81.8280,62.3048,179.2330
14.4206,80.4195,64.8219,186.4740
9.3847,84.1244,63.5509,182.8176
3.5655,83.9459,64.8219,186.4740
-3.3737,84.9069,66.1183,190.2035
-6.7193,86.9910,66.1183,190.2035
-12.6066,84.2271,67.4407,194.0075
-16.0309,86.5966,67.4407,194.0075
-18.1746,86.4287,68.7895,197.8877
-25.6857,85.5621,70.1653,201.8454
-31.9288,87.0348,70.1653,201.8454
-34.7209,88.7316,71.5686,205.8824
-37.5930,88.8894,73.0000,210.0000
-41.7379,88.0345,75.9492,218.4840
-43.3680,85.4801,79.0175,227.3108
-41.4368,89.1063,77.4682,222.8537
-39.8493,90.4397,77.4682,222.8537
-40.6556,91.7323,79.0175,227.3108
-38.3061,94.6281,77.4682,222.8537
-36.0674,95.9316,77.4682,222.8537
-31.1361,97.2728,79.0175,227.3108
-27.0046,98.9966,79.0175,227.3108
-24.1852,105.8293,77.4682,222.8537
-20.9901,108.2296,77.4682,222.8537
-19.1367,107.3840,80.5979,231.8570
-15.6777,108.6110,82.2099,236.4941
-12.1762,106.9247,85.5311,246.0485
-7.7664,109.8355,85.5311,246.0485
-1.8597,113.5758,85.5311,246.0485
0.7855,110.3171,88.9866,255.9888
3.6925,106.6274,92.5817,266.3308
9.5628,109.2106,92.5817,266.3308
15.2359,111.0397,92.5817,266.3308
23.6172,114.7818,90.7663,261.1086
32.4754,119.0113,88.9866,255.9888
37.8898,117.2631,90.7663,261.1086
45.8795,116.7086,90.7663,261.1086
52.4687,112.1537,94.4333,271.6574
60.7493,117.2512,90.7663,261.1086
66.9147,113.5634,94.4333,271.6574
74.1201,107.3508,98.2484,282.6324
84.6588,112.0085,94.4333,271.6574
93.8455,110.3918,94.4333,271.6574
104.4793,110.8525,92.5817,266.3308
112.5958,102.6397,96.3219,277.0905
123.5416,104.8547,94.4333,271.6574
131.7999,100.8619,96.3219,277.0905
142.6084,105.8238,92.5817,266.3308
153.2839,107.0431,90.7663,261.1086
161.8151,100.8029,94.4333,271.6574
171.3822,103.3331,92.5817,266.3308
178.6490,96.3040,96.3219,277.0905
190.4048,97.8741,94.4333,271.6574
200.3759,99.5643,92.5817,266.3308
211.7908,104.5629,88.9866,255.9888
220.4279,109.0655,85.5311,246.0485
227.9733,113.2633,82.2099,236.4941
233.0689,115.7374,80.5979,231.8570
238.6622,121.5966,77.4682,222.8537
242.4697,124.7128,75.9492,218.4840
246.4099,129.7370,73.0000,210.0000
246.9874,126.4513,75.9492,218.4840
248.3673,126.9881,75.9492,218.4840
250.3727,131.4374,73.0000,210.0000
250.9985,129.6587,74.4600,214.2000
253.2253,135.6479,71.5686,205.8824
254.6155,141.0319,68.7895,197.8877
255.6918,144.7017,67.4407,194.0075
255.2257,143.5634,68.7895,197.8877
255.0937,145.5056,68.7895,197.8877
256.3412,150.9146,66.1183,190.2035
256.8621,156.1976,63.5509,182.8176
257.5308,161.2634,61.0831,175.7186
257.0005,161.8503,61.0831,175.7186
256.2812,157.7475,63.5509,182.8176
256.4295,156.0731,64.8219,186.4740
257.4382,157.6192,63.5509,182.8176
258.1624,159.4364,62.3048,179.2330
256.7870,155.7601,64.8219,186.4740
256.8308,155.8768,64.8219,186.4740
256.8090,156.0929,64.8219,186.4740
256.6215,156.0010,64.8219,186.4740
256.4070,155.7832,64.8219,186.4740
256.2810,155.6803,64.8219,186.4740
256.2016,155.7336,64.8219,186.4740
256.5715,155.7595,64.8219,186.4740
256.6514,155.5960,64.8219,186.4740
256.6935,155.2103,64.8219,186.4740
256.3206,153.4470,66.1183,190.2035
256.4912,155.0750,64.8219,186.4740
256.2576,153.4371,66.1183,190.2035
256.5864,155.0610,64.8219,186.4740
256.1554,153.4789,66.1183,190.2035
256.4796,154.9952,64.8219,186.4740
256.2290,153.3033,66.1183,190.2035
255.7458,150.6112,67.4407,194.0075
256.3490,153.6251,66.1183,190.2035
256.6069,154.9729,64.8219,186.4740
256.2480,153.4098,66.1183,190.2035
256.4505,155.0947,64.8219,186.4740
256.1982,153.7807,66.1183,190.2035
256.7604,155.3318,64.8219,186.4740
256.6897,155.2029,64.8219,186.4740
257.2110,157.1510,63.5509,182.8176
256.5143,155.2086,64.8219,186.4740
255.8351,150.9769,67.4407,194.0075
254.9460,148.9195,68.7895,197.8877
256.2966,153.6512,66.1183,190.2035
256.5514,155.1279,64.8219,186.4740
257.3193,157.0847,63.5509,182.8176
256.3846,153.6825,66.1183,190.2035
256.7443,155.3301,64.8219,186.4740
256.6003,155.3376,64.8219,186.4740
256.4934,155.4272,64.8219,186.4740
256.5404,155.5342,64.8219,186.4740
256.4693,155.7954,64.8219,186.4740
256.4062,156.0913,64.8219,186.4740
256.5082,155.9318,64.8219,186.4740
257.1160,155.8056,64.8219,186.4740
258.7242,159.3651,62.3048,179.2330
259.1438,159.6081,62.3048,179.2330
259.4221,159.7032,62.3048,179.2330
262.1060,164.7562,59.8854,172.2731
262.2539,160.5061,62.3048,179.2330
257.3431,161.5294,62.3048,179.2330
254.8409,154.7609,64.8219,186.4740
251.7004,143.3384,67.4407,194.0075
262.0053,137.6395,70.1653,201.8454
273.9265,139.3644,71.5686,205.8824
251.6120,149.2962,68.7895,197.8877
254.1611,154.4082,66.1183,190.2035
255.4212,154.0333,66.1183,190.2035
256.4699,158.0111,63.5509,182.8176
257.8871,159.1227,62.3048,179.2330
256.3087,155.6485,64.8219,186.4740
256.6709,155.5845,64.8219,186.4740
256.5482,154.1443,66.1183,190.2035
256.9242,155.7640,64.8219,186.4740
256.6825,155.6023,64.8219,186.4740
256.6995,155.5686,64.8219,186.4740
256.7515,155.5755,64.8219,186.4740
256.7019,155.4602,64.8219,186.4740
256.7151,155.5746,64.8219,186.4740
256.6858,155.6735,64.8219,186.4740
256.8692,155.5967,64.8219,186.4740
256.6951,154.1601,66.1183,190.2035
257.2510,158.0394,63.5509,182.8176
256.6262,154.0335,66.1183,190.2035
257.1471,158.0192,63.5509,182.8176
256.8256,155.6869,64.8219,186.4740
256.6509,154.0605,66.1183,190.2035
257.5815,157.9993,63.5509,182.8176
258.3424,159.6473,62.3048,179.2330
256.8655,155.6373,64.8219,186.4740
256.8057,155.6277,64.8219,186.4740
256.8159,155.5806,64.8219,186.4740
258.2614,159.6092,62.3048,179.2330
256.8030,155.4311,64.8219,186.4740
256.8251,155.5230,64.8219,186.4740
256.6874,155.6214,64.8219,186.4740
256.6636,155.6459,64.8219,186.4740
256.7876,155.7240,64.8219,186.4740
256.6930,155.8183,64.8219,186.4740
256.7694,155.5502,64.8219,186.4740
256.8907,155.4673,64.8219,186.4740
256.9005,155.4886,64.8219,186.4740
256.7808,155.5742,64.8219,186.4740
256.6716,155.4545,64.8219,186.4740
256.6548,153.8710,66.1183,190.2035
256.9862,155.3440,64.8219,186.4740
256.7058,155.2836,64.8219,186.4740
256.5914,155.4408,64.8219,186.4740
257.0001,155.4989,64.8219,186.4740
256.9771,155.2082,64.8219,186.4740
255.9478,151.4119,67.4407,194.0075
256.9663,155.4086,64.8219,186.4740
256.7798,155.2634,64.8219,186.4740
256.6575,155.1283,64.8219,186.4740
257.4754,157.1449,63.5509,182.8176
256.6712,155.1198,64.8219,186.4740
257.1303,157.3659,63.5509,182.8176
256.5325,155.2491,64.8219,186.4740
257.3708,157.2908,63.5509,182.8176
258.2441,158.9646,62.3048,179.2330
256.9351,155.3301,64.8219,186.4740
256.8159,155.3436,64.8219,186.4740
256.7721,155.4142,64.8219,186.4740
256.7170,155.4103,64.8219,186.4740
256.9152,155.3143,64.8219,186.4740
256.8709,155.1051,64.8219,186.4740
256.3365,153.7456,66.1183,190.2035
256.9123,155.0862,64.8219,186.4740
257.3402,157.2730,63.5509,182.8176
256.6986,155.2285,64.8219,186.4740
257.4133,157.2513,63.5509,182.8176
256.5911,155.1922,64.8219,186.4740
257.2382,157.1963,63.5509,182.8176
256.6132,155.4426,64.8219,186.4740
256.5886,155.4438,64.8219,186.4740
256.8310,155.3610,64.8219,186.4740
256.9356,155.0747,64.8219,186.4740
255.9774,151.2196,67.4407,194.0075
255.4446,149.3402,68.7895,197.8877
255.4072,149.3658,68.7895,197.8877
255.9922,151.3245,67.4407,194.0075
257.1434,153.7797,66.1183,190.2035
257.7213,157.5161,63.5509,182.8176
258.3090,159.2482,62.3048,179.2330
257.0121,155.4325,64.8219,186.4740
257.1781,155.3640,64.8219,186.4740
258.3834,159.0710,62.3048,179.2330
258.4961,159.2834,62.3048,179.2330
258.4298,159.1400,62.3048,179.2330
257.4694,157.6400,63.5509,182.8176
256.9753,155.3051,64.8219,186.4740
256.6021,154.0524,66.1183,190.2035
256.9706,155.5793,64.8219,186.4740
256.8674,155.2248,64.8219,186.4740
256.3979,153.9403,66.1183,190.2035
257.0134,155.2289,64.8219,186.4740
257.5201,157.2568,63.5509,182.8176
257.0206,155.4667,64.8219,186.4740
257.0835,155.5247,64.8219,186.4740
256.8154,155.2478,64.8219,186.4740
254.8182,154.6797,66.1183,190.2035
257.0074,159.6530,63.5509,182.8176
261.0670,165.5415,61.0831,175.7186
262.3594,166.9989,59.8854,172.2731
261.2790,164.8735,59.8854,172.2731
258.9094,159.9205,62.3048,179.2330
257.8145,157.5871,63.5509,182.8176
258.2877,159.4325,62.3048,179.2330
256.7777,155.7589,64.8219,186.4740
256.9223,155.6751,64.8219,186.4740
257.0681,155.5916,64.8219,186.4740
257.1411,155.6455,64.8219,186.4740
257.8271,157.6777,63.5509,182.8176
259.2720,161.6867,61.0831,175.7186
259.2599,161.9656,61.0831,175.7186
257.8177,157.9849,63.5509,182.8176
258.6204,159.6159,62.3048,179.2330
258.7638,159.2450,62.3048,179.2330
258.5232,159.0673,62.3048,179.2330
258.5658,159.1061,62.3048,179.2330
258.5080,158.9967,62.3048,179.2330
257.6981,157.2377,63.5509,182.8176
256.7870,155.1664,64.8219,186.4740
257.5343,157.1240,63.5509,182.8176
256.8425,155.3129,64.8219,186.4740
256.8779,155.3646,64.8219,186.4740
258.3835,159.1158,62.3048,179.2330
258.9156,159.2455,62.3048,179.2330
257.7601,157.5248,63.5509,182.8176
257.8691,157.4315,63.5509,182.8176
258.4867,159.5957,62.3048,179.2330
258.0907,157.6908,63.5509,182.8176
258.8010,159.3502,62.3048,179.2330
258.4771,159.1704,62.3048,179.2330
258.4772,159.3487,62.3048,179.2330
258.7665,159.2017,62.3048,179.2330
258.9715,158.7699,62.3048,179.2330
258.8574,158.8707,62.3048,179.2330
258.1756,157.4229,63.5509,182.8176
257.9789,157.3119,63.5509,182.8176
258.0114,157.2485,63.5509,182.8176
257.9430,157.4770,63.5509,182.8176
257.9412,157.2958,63.5509,182.8176
258.9149,158.7478,62.3048,179.2330
258.0111,157.5076,63.5509,182.8176
257.9360,157.1719,63.5509,182.8176
258.0065,157.4319,63.5509,182.8176
257.7398,157.4606,63.5509,182.8176
257.8644,157.4008,63.5509,182.8176
258.0170,157.2268,63.5509,182.8176
258.9086,158.8196,62.3048,179.2330
258.1367,157.4549,63.5509,182.8176
257.9527,157.3175,63.5509,182.8176
257.9027,157.2065,63.5509,182.8176
257.9447,157.2263,63.5509,182.8176
257.9361,157.3098,63.5509,182.8176
258.0782,157.2228,63.5509,182.8176
259.0915,158.6353,62.3048,179.2330
259.5509,160.5989,61.0831,175.7186
258.1499,157.2356,63.5509,182.8176
257.8949,157.2931,63.5509,182.8176
258.0643,157.4050,63.5509,182.8176
257.7806,157.2610,63.5509,182.8176
257.8713,157.1714,63.5509,182.8176
258.0370,157.2074,63.5509,182.8176
258.0690,157.2692,63.5509,182.8176
257.9957,157.3865,63.5509,182.8176
257.9358,157.2356,63.5509,182.8176
257.9543,157.1163,63.5509,182.8176
257.9705,157.1631,63.5509,182.8176
258.0159,157.3849,63.5509,182.8176
258.0438,157.2464,63.5509,182.8176
258.1457,157.2593,63.5509,182.8176
258.0139,157.1856,63.5509,182.8176
258.1094,157.4783,63.5509,182.8176
258.0773,157.5174,63.5509,182.8176
257.9966,157.3238,63.5509,182.8176
258.1221,157.4039,63.5509,182.8176
258.1759,157.3559,63.5509,182.8176
258.3299,157.4084,63.5509,182.8176
258.2091,157.2518,63.5509,182.8176
258.0976,157.2785,63.5509,182.8176
258.9258,158.9280,62.3048,179.2330
258.9494,158.9630,62.3048,179.2330
258.9795,159.0678,62.3048,179.2330
257.8429,157.3680,63.5509,182.8176
258.9999,158.9465,62.3048,179.2330
258.0923,157.3487,63.5509,182.8176
259.1276,158.9482,62.3048,179.2330
259.0842,158.7013,62.3048,179.2330
258.1811,157.5865,63.5509,182.8176
257.5674,155.6697,64.8219,186.4740
258.1476,157.6972,63.5509,182.8176
258.0842,157.6435,63.5509,182.8176
258.0548,157.5324,63.5509,182.8176
258.0538,157.4815,63.5509,182.8176
258.0365,157.5711,63.5509,182.8176
259.0291,159.0815,62.3048,179.2330
259.2251,158.8657,62.3048,179.2330
258.0745,157.5348,63.5509,182.8176
258.0928,157.5113,63.5509,182.8176
258.0132,157.7280,63.5509,182.8176
258.8449,159.0824,62.3048,179.2330
258.9505,158.9728,62.3048,179.2330
258.9420,159.2072,62.3048,179.2330
258.2478,157.6164,63.5509,182.8176
259.1669,159.1047,62.3048,179.2330
258.2697,157.6973,63.5509,182.8176
259.0746,158.9879,62.3048,179.2330
257.9166,157.7011,63.5509,182.8176
259.0588,159.4761,62.3048,179.2330
258.1602,157.6863,63.5509,182.8176
258.0813,157.7637,63.5509,182.8176
258.0215,157.8021,63.5509,182.8176
259.0490,159.3053,62.3048,179.2330
258.7745,159.2108,62.3048,179.2330
258.5646,159.2989,62.3048,179.2330
257.4846,157.7385,63.5509,182.8176
257.7680,159.2329,62.3048,179.2330
254.6126,155.6773,64.8219,186.4740
252.8380,158.9448,62.3048,179.2330
252.6514,162.2939,59.8854,172.2731
286.7888,199.6930,57.5600,165.5836
281.6197,187.8688,57.5600,165.5836
272.2420,190.1074,57.5600,165.5836
264.1405,176.0901,58.7112,168.8952
260.7461,166.9631,61.0831,175.7186
262.7310,162.8836,61.0831,175.7186
261.0681,158.5032,63.5509,182.8176
263.0988,160.8730,61.0831,175.7186
259.6884,157.8146,63.5509,182.8176
260.0865,161.9008,61.0831,175.7186
260.3045,161.4423,61.0831,175.7186
259.8566,161.1298,61.0831,175.7186
258.0270,157.6921,63.5509,182.8176
258.6383,159.1902,62.3048,179.2330
258.6006,159.1421,62.3048,179.2330
258.6899,159.2043,62.3048,179.2330
258.7343,158.9518,62.3048,179.2330
258.7441,159.0858,62.3048,179.2330
257.8493,157.2602,63.5509,182.8176
258.7969,158.8393,62.3048,179.2330
259.3166,160.6838,61.0831,175.7186
259.4427,161.1418,61.0831,175.7186
258.8196,159.2424,62.3048,179.2330
258.8103,159.3289,62.3048,179.2330
258.1204,157.5940,63.5509,182.8176
258.0181,157.2823,63.5509,182.8176
258.0864,157.6218,63.5509,182.8176
258.1079,157.3654,63.5509,182.8176
258.0408,157.3006,63.5509,182.8176
258.1126,157.3068,63.5509,182.8176
257.8788,157.2760,63.5509,182.8176
258.5545,159.0091,62.3048,179.2330
257.8520,157.2279,63.5509,182.8176
257.9528,157.2621,63.5509,182.8176
258.6938,159.0834,62.3048,179.2330
257.7652,157.2830,63.5509,182.8176
258.5787,159.0223,62.3048,179.2330
258.8196,158.9504,62.3048,179.2330
257.8762,157.2026,63.5509,182.8176
258.9389,158.9576,62.3048,179.2330
258.4658,157.4288,63.5509,182.8176
258.1445,157.1606,63.5509,182.8176
258.1650,157.7093,63.5509,182.8176
260.9231,161.3394,61.0831,175.7186
264.3113,163.3838,59.8854,172.2731
261.6463,158.8334,62.3048,179.2330
259.6975,158.4555,63.5509,182.8176
259.1539,158.8699,64.8219,186.4740
266.8704,163.3894,62.3048,179.2330
274.4328,163.5407,64.8219,186.4740
252.8604,155.6256,66.1183,190.2035
252.8506,154.8799,66.1183,190.2035
253.7511,155.4179,64.8219,186.4740
256.1361,157.2719,63.5509,182.8176
257.7008,158.9646,62.3048,179.2330
257.9626,159.4760,62.3048,179.2330
258.2651,159.5471,62.3048,179.2330
258.5145,159.3817,62.3048,179.2330
258.0181,157.9318,63.5509,182.8176
257.9102,157.6528,63.5509,182.8176
258.1183,157.7847,63.5509,182.8176
257.9158,157.7838,63.5509,182.8176
257.9943,157.6357,63.5509,182.8176
257.9420,157.6518,63.5509,182.8176
258.0166,157.5976,63.5509,182.8176
258.0022,157.4181,63.5509,182.8176
257.9189,157.6132,63.5509,182.8176
258.0106,157.5871,63.5509,182.8176
258.7513,159.1915,62.3048,179.2330
257.9645,157.5113,63.5509,182.8176
258.0448,157.4151,63.5509,182.8176
258.8207,159.1509,62.3048,179.2330
258.9747,159.0799,62.3048,179.2330
258.1050,157.4801,63.5509,182.8176
259.0722,159.0741,62.3048,179.2330
258.9285,159.1216,62.3048,179.2330
258.9913,159.1668,62.3048,179.2330
258.9405,158.9777,62.3048,179.2330
259.0437,159.0429,62.3048,179.2330
259.0053,159.0297,62.3048,179.2330
258.8748,159.0900,62.3048,179.2330
258.8413,159.0246,62.3048,179.2330
258.9295,159.0175,62.3048,179.2330
258.9064,159.1210,62.3048,179.2330
258.8581,159.1480,62.3048,179.2330
258.8803,159.1134,62.3048,179.2330
258.9811,159.0752,62.3048,179.2330
258.9338,159.3839,62.3048,179.2330
258.1767,157.3497,63.5509,182.8176
258.2312,157.5105,63.5509,182.8176
258.9044,159.1527,62.3048,179.2330
258.7720,159.1416,62.3048,179.2330
258.8347,158.9975,62.3048,179.2330
258.8066,159.1222,62.3048,179.2330
258.7019,158.9729,62.3048,179.2330
258.2311,157.5066,63.5509,182.8176
258.7366,158.9945,62.3048,179.2330
258.9376,159.0762,62.3048,179.2330
258.0238,157.6012,63.5509,182.8176
258.6761,159.0146,62.3048,179.2330
257.9463,157.4936,63.5509,182.8176
258.6325,159.0287,62.3048,179.2330
258.6732,159.0594,62.3048,179.2330
258.7059,158.9474,62.3048,179.2330
258.8302,159.0074,62.3048,179.2330
258.7452,159.1778,62.3048,179.2330
257.9542,157.5658,63.5509,182.8176
258.7322,159.1606,62.3048,179.2330
257.9906,157.3761,63.5509,182.8176
258.0295,157.4009,63.5509,182.8176
258.1002,157.4023,63.5509,182.8176
258.1059,157.3986,63.5509,182.8176
258.1911,157.2774,63.5509,182.8176
258.1033,157.2220,63.5509,182.8176
258.2142,157.4692,63.5509,182.8176
258.0188,157.3065,63.5509,182.8176
258.6968,158.9930,62.3048,179.2330
258.6944,159.0874,62.3048,179.2330
258.7061,159.0172,62.3048,179.2330
258.2188,157.3873,63.5509,182.8176
258.1957,157.3860,63.5509,182.8176
258.0719,157.2929,63.5509,182.8176
258.1764,157.4430,63.5509,182.8176
258.3158,157.5960,63.5509,182.8176
258.3513,157.4406,63.5509,182.8176
258.4329,157.4645,63.5509,182.8176
258.1392,158.0691,63.5509,182.8176
257.9401,158.2037,63.5509,182.8176
259.4742,162.1910,61.0831,175.7186
258.1963,158.6380,63.5509,182.8176
258.4923,158.4852,63.5509,182.8176
258.5968,160.2127,62.3048,179.2330
258.3076,160.4716,62.3048,179.2330
257.8788,159.2250,63.5509,182.8176
259.2087,161.1220,62.3048,179.2330
259.5034,159.9376,63.5509,182.8176
261.1680,161.0025,63.5509,182.8176
266.2079,166.1141,61.0831,175.7186
270.6396,164.1681,63.5509,182.8176
278.0898,166.8155,64.8219,186.4740
288.8380,173.9728,63.5509,182.8176
302.3479,175.5643,64.8219,186.4740
316.5844,177.3569,64.8219,186.4740
331.9612,177.0034,64.8219,186.4740
350.5975,172.7590,67.4407,194.0075
363.0436,171.0525,70.1653,201.8454
384.8426,174.3567,68.7895,197.8877
409.0507,174.2318,70.1653,201.8454
427.4128,174.8161,71.5686,205.8824
442.5568,180.8941,68.7895,197.8877
456.0502,190.0545,66.1183,190.2035
463.4719,187.4536,68.7895,197.8877
471.8205,189.4191,68.7895,197.8877
475.0139,188.3850,70.1653,201.8454
475.4732,192.5189,70.1653,201.8454
477.0263,191.7814,71.5686,205.8824
479.3774,193.4920,70.1653,201.8454
479.3518,195.5590,70.1653,201.8454
482.4361,199.2760,67.4407,194.0075
482.4774,202.7796,66.1183,190.2035
480.8204,195.8108,68.7895,197.8877
479.3682,193.0231,70.1653,201.8454
478.6365,191.4630,71.5686,205.8824
478.2359,191.2287,71.5686,205.8824
478.3869,191.9689,71.5686,205.8824
477.5974,188.5356,73.0000,210.0000
478.7596,192.4841,71.5686,205.8824
476.9606,188.9600,73.0000,210.0000
479.4991,193.9966,70.1653,201.8454
480.4628,199.1871,67.4407,194.0075
480.9859,199.1409,67.4407,194.0075
482.4145,204.3391,64.8219,186.4740
480.3743,198.6881,67.4407,194.0075
480.6699,199.4343,67.4407,194.0075
479.2246,194.3125,70.1653,201.8454
480.1493,196.9782,68.7895,197.8877
479.3130,194.1835,70.1653,201.8454
480.5214,195.5682,68.7895,197.8877
482.0277,201.0948,66.1183,190.2035
482.4056,202.9390,64.8219,186.4740
482.2339,202.7475,64.8219,186.4740
481.4967,197.7117,67.4407,194.0075
482.6008,202.6659,64.8219,186.4740
483.0344,203.0941,64.8219,186.4740
483.5801,203.2247,64.8219,186.4740
484.3915,205.0478,63.5509,182.8176
484.3459,202.6219,64.8219,186.4740
484.1558,202.3698,64.8219,186.4740
483.6519,202.9127,64.8219,186.4740
482.1280,198.4577,67.4407,194.0075
482.0671,198.6709,67.4407,194.0075
482.0853,198.3990,67.4407,194.0075
482.2464,198.8827,67.4407,194.0075
484.4447,202.6587,64.8219,186.4740
484.2869,202.9931,64.8219,186.4740
484.5485,202.6507,64.8219,186.4740
483.8965,202.8554,64.8219,186.4740
482.0534,198.2174,67.4407,194.0075
483.3683,201.2253,66.1183,190.2035
482.6248,198.7686,67.4407,194.0075
482.9325,198.5018,67.4407,194.0075
484.0639,202.4749,64.8219,186.4740
484.2687,205.0772,63.5509,182.8176
484.0173,201.8013,66.1183,190.2035
485.4211,205.0972,63.5509,182.8176
485.4586,207.2335,62.3048,179.2330
485.3487,207.1421,62.3048,179.2330
484.1150,202.8768,64.8219,186.4740
482.1349,198.5777,67.4407,194.0075
482.3251,198.5362,67.4407,194.0075
482.1832,198.7375,67.4407,194.0075
482.2294,198.5207,67.4407,194.0075
484.2442,202.8560,64.8219,186.4740
484.4020,202.5325,64.8219,186.4740
484.1814,201.5028,66.1183,190.2035
484.2022,203.0376,64.8219,186.4740
483.9382,202.2413,64.8219,186.4740
481.9466,198.6930,67.4407,194.0075
482.2945,198.3996,67.4407,194.0075
483.3615,201.0497,66.1183,190.2035
484.1907,202.6098,64.8219,186.4740
484.5930,202.7282,64.8219,186.4740
484.5659,202.8275,64.8219,186.4740
484.2875,202.7338,64.8219,186.4740
484.2389,202.8076,64.8219,186.4740
484.1348,202.9399,64.8219,186.4740
484.1693,202.6963,64.8219,186.4740
484.0142,202.8219,64.8219,186.4740
482.3578,198.8690,67.4407,194.0075
482.3501,198.8742,67.4407,194.0075
482.0756,196.7035,68.7895,197.8877
482.1612,196.8082,68.7895,197.8877
484.4672,201.4306,66.1183,190.2035
485.4347,205.2147,63.5509,182.8176
484.7940,201.1915,66.1183,190.2035
484.4576,202.9428,64.8219,186.4740
484.3084,202.5282,64.8219,186.4740
484.3035,202.5067,64.8219,186.4740
484.5459,202.6054,64.8219,186.4740
484.5721,202.5195,64.8219,186.4740
484.5338,202.7291,64.8219,186.4740
484.5696,202.7674,64.8219,186.4740
484.7253,202.7737,64.8219,186.4740
484.3817,202.5028,64.8219,186.4740
484.1840,202.5218,64.8219,186.4740
484.3803,202.4075,64.8219,186.4740
484.3082,202.4765,64.8219,186.4740
484.2300,202.3278,64.8219,186.4740
484.2899,202.4216,64.8219,186.4740
484.2338,202.5127,64.8219,186.4740
484.3943,202.5159,64.8219,186.4740
484.6758,202.4825,64.8219,186.4740
484.4475,202.5718,64.8219,186.4740
484.3397,202.4076,64.8219,186.4740
484.2965,202.4883,64.8219,186.4740
484.0331,202.4492,64.8219,186.4740
484.0737,202.6385,64.8219,186.4740
484.2903,202.8632,64.8219,186.4740
484.3919,202.6126,64.8219,186.4740
484.6532,202.6922,64.8219,186.4740
484.2743,202.6329,64.8219,186.4740
484.5997,202.6905,64.8219,186.4740
484.0550,202.5504,64.8219,186.4740
484.4524,202.8282,64.8219,186.4740
484.3861,202.7282,64.8219,186.4740
484.3750,202.8879,64.8219,186.4740
484.2658,202.6913,64.8219,186.4740
484.4520,202.8566,64.8219,186.4740
484.3244,202.9641,64.8219,186.4740
484.4209,202.5893,64.8219,186.4740
484.4057,202.5341,64.8219,186.4740
484.4876,202.8362,64.8219,186.4740
484.2529,202.7589,64.8219,186.4740
483.9677,202.8406,64.8219,186.4740
483.5442,202.6790,64.8219,186.4740
484.5444,202.9688,64.8219,186.4740
484.4545,202.9685,64.8219,186.4740
484.3350,202.7133,64.8219,186.4740
484.3563,204.8538,63.5509,182.8176
484.3341,204.3710,63.5509,182.8176
482.9916,204.1154,63.5509,182.8176
483.3004,205.3999,63.5509,182.8176
483.5483,205.1001,63.5509,182.8176
483.2752,204.9759,63.5509,182.8176
483.0911,205.0576,63.5509,182.8176
482.9212,202.4582,64.8219,186.4740
483.1705,205.0725,63.5509,182.8176
483.0744,204.9939,63.5509,182.8176
483.0735,205.2760,63.5509,182.8176
483.4414,205.2841,63.5509,182.8176
483.5103,205.1998,63.5509,182.8176
483.4840,205.2652,63.5509,182.8176
482.6595,203.0126,64.8219,186.4740
482.8703,204.7109,63.5509,182.8176
483.1511,204.8454,63.5509,182.8176
482.9904,202.2832,64.8219,186.4740
482.9479,202.4515,64.8219,186.4740
482.8418,204.9751,63.5509,182.8176
483.0136,205.0663,63.5509,182.8176
483.0380,205.3315,63.5509,182.8176
483.0005,204.8544,63.5509,182.8176
482.9496,204.7954,63.5509,182.8176
483.2319,204.9596,63.5509,182.8176
482.9914,204.7309,63.5509,182.8176
483.2819,202.8662,64.8219,186.4740
483.0245,202.7995,64.8219,186.4740
483.0156,205.1698,63.5509,182.8176
483.3011,205.0070,63.5509,182.8176
482.9051,205.0917,63.5509,182.8176
483.1932,204.7514,63.5509,182.8176
483.1144,205.0291,63.5509,182.8176
483.1308,205.3324,63.5509,182.8176
483.1274,204.7005,63.5509,182.8176
482.9597,202.5411,64.8219,186.4740
483.3832,204.9867,63.5509,182.8176
482.8111,205.0112,63.5509,182.8176
482.9825,204.9345,63.5509,182.8176
482.9789,204.8553,63.5509,182.8176
482.9018,204.9645,63.5509,182.8176
482.9073,204.8506,63.5509,182.8176
483.4403,205.0444,63.5509,182.8176
483.1547,204.8269,63.5509,182.8176
483.6175,205.0038,63.5509,182.8176
483.0760,205.1817,63.5509,182.8176
483.3125,205.3748,63.5509,182.8176
483.4051,205.1038,63.5509,182.8176
483.4381,205.0996,63.5509,182.8176
483.2871,205.2036,63.5509,182.8176
483.3951,205.0855,63.5509,182.8176
483.3867,205.2101,63.5509,182.8176
483.5536,205.2807,63.5509,182.8176
482.5390,202.8715,64.8219,186.4740
483.3543,205.5862,63.5509,182.8176
483.6224,205.4612,63.5509,182.8176
483.0781,203.4706,64.8219,186.4740
483.1316,203.2839,64.8219,186.4740
483.0690,202.6904,64.8219,186.4740
482.8305,204.9533,63.5509,182.8176
483.5015,204.8129,63.5509,182.8176
483.2867,204.8120,63.5509,182.8176
483.3043,204.9147,63.5509,182.8176
483.2297,205.0069,63.5509,182.8176
483.4229,205.0928,63.5509,182.8176
483.7017,204.9466,63.5509,182.8176
483.1820,205.2281,63.5509,182.8176
483.5082,205.1153,63.5509,182.8176
483.2981,205.1526,63.5509,182.8176
483.6789,205.0674,63.5509,182.8176
483.7908,205.3952,63.5509,182.8176
482.9168,203.0396,64.8219,186.4740
483.0945,205.5623,63.5509,182.8176
483.1971,205.3007,63.5509,182.8176
482.9894,205.1035,63.5509,182.8176
482.5700,203.0509,64.8219,186.4740
482.7209,203.2954,64.8219,186.4740
483.4312,204.6175,64.8219,186.4740
483.3002,206.4230,64.8219,186.4740
483.6443,207.4784,66.1183,190.2035
481.8339,211.6338,64.8219,186.4740
475.3051,216.2822,64.8219,186.4740
471.5882,224.1952,62.3048,179.2330
465.7730,223.7856,64.8219,186.4740
460.2808,223.1940,67.4407,194.0075
450.9931,221.2118,70.1653,201.8454
435.3327,217.6814,73.0000,210.0000
412.5179,214.9355,74.4600,214.2000
384.6516,212.0990,74.4600,214.2000
359.5126,211.9081,71.5686,205.8824
333.2385,203.4836,71.5686,205.8824
306.4260,194.1880,70.1653,201.8454
285.0982,175.4135,73.0000,210.0000
271.3772,164.7402,70.1653,201.8454
267.1626,156.5632,67.4407,194.0075
264.8913,152.0257,64.8219,186.4740
264.8047,147.2669,63.5509,182.8176
264.4622,145.2204,63.5509,182.8176
263.3887,148.4753,62.3048,179.2330
263.5015,155.5191,59.8854,172.2731
262.6770,161.4288,57.5600,165.5836
259.5596,160.6958,58.7112,168.8952
262.6613,160.5308,56.4314,162.3368
265.3301,160.8283,54.2401,156.0331
263.9033,160.0334,53.1765,152.9736
260.6280,159.2411,53.1765,152.9736
259.8762,162.1740,51.1116,147.0335
260.3699,164.8001,49.1269,141.3240
260.2011,164.3163,49.1269,141.3240
260.0938,163.8429,49.1269,141.3240
260.2775,163.9109,49.1269,141.3240
260.4381,165.8829,48.1636,138.5529
259.3958,162.3268,50.1094,144.1505
258.9482,160.4909,51.1116,147.0335
259.4565,163.9608,49.1269,141.3240
259.0346,162.3206,50.1094,144.1505
259.2531,161.1863,51.1116,147.0335
260.4578,164.5012,49.1269,141.3240
260.1566,164.4191,49.1269,141.3240
260.0683,164.5963,49.1269,141.3240
260.6893,164.9233,49.1269,141.3240
260.4297,165.3789,49.1269,141.3240
259.7843,165.2967,49.1269,141.3240
260.0473,165.1417,49.1269,141.3240
259.0842,164.8030,49.1269,141.3240
258.8387,162.5720,50.1094,144.1505
257.8346,159.8128,52.1339,149.9741
257.9115,159.6300,52.1339,149.9741
258.0638,159.9321,52.1339,149.9741
259.1212,162.6171,50.1094,144.1505
258.2486,159.2350,52.1339,149.9741
258.4592,160.1988,51.1116,147.0335
258.3546,160.1354,51.1116,147.0335
259.0904,161.5229,50.1094,144.1505
258.9113,161.5311,50.1094,144.1505
259.3425,161.3693,50.1094,144.1505
258.3633,159.8969,51.1116,147.0335
259.0219,161.9073,50.1094,144.1505
259.4265,161.7734,50.1094,144.1505
258.1451,161.4479,50.1094,144.1505
257.9286,159.9466,51.1116,147.0335
258.8727,161.7897,50.1094,144.1505
258.1965,160.5436,51.1116,147.0335
257.9020,160.3040,51.1116,147.0335
257.8107,160.6189,51.1116,147.0335
257.1866,157.8161,53.1765,152.9736
257.5315,160.4628,51.1116,147.0335
256.8307,157.9421,53.1765,152.9736
256.8886,157.9373,53.1765,152.9736
256.3582,156.1895,54.2401,156.0331
256.3701,156.3413,54.2401,156.0331
256.8214,157.8927,53.1765,152.9736
256.7609,160.7449,51.1116,147.0335
256.9599,160.7950,51.1116,147.0335
256.8485,160.6204,51.1116,147.0335
257.9336,163.6886,49.1269,141.3240
257.7652,163.6587,49.1269,141.3240
257.9765,163.5807,49.1269,141.3240
256.9018,160.5666,51.1116,147.0335
257.7602,163.5017,49.1269,141.3240
257.0241,160.7710,51.1116,147.0335
256.9789,160.5528,51.1116,147.0335
257.0651,160.5376,51.1116,147.0335
256.9065,160.4947,51.1116,147.0335
257.3557,161.9864,50.1094,144.1505
257.1639,162.0552,50.1094,144.1505
257.3065,162.0084,50.1094,144.1505
257.7518,163.6472,49.1269,141.3240
257.4125,162.2662,50.1094,144.1505
257.8652,163.6581,49.1269,141.3240
257.3391,162.3327,50.1094,144.1505
257.2860,162.3759,50.1094,144.1505
257.2446,162.2920,50.1094,144.1505
257.2928,162.2507,50.1094,144.1505
257.1975,162.1615,50.1094,144.1505
257.3987,162.3580,50.1094,144.1505
257.3838,162.2460,50.1094,144.1505
256.4109,162.0341,50.1094,144.1505
252.0127,161.3760,50.1094,144.1505
254.1205,166.5005,48.1636,138.5529
257.2968,168.2101,49.1269,141.3240
261.6139,165.0658,48.1636,138.5529
260.4793,161.1319,50.1094,144.1505
260.5832,164.8792,48.1636,138.5529
258.5079,162.1870,50.1094,144.1505
257.7187,160.8184,51.1116,147.0335
257.6705,161.0183,51.1116,147.0335
257.1944,158.0889,53.1765,152.9736
257.4569,159.0394,52.1339,149.9741
257.7590,160.3129,51.1116,147.0335
257.5070,160.3487,51.1116,147.0335
258.3428,163.1924,49.1269,141.3240
258.2442,163.1067,49.1269,141.3240
257.4225,160.3416,51.1116,147.0335
257.5735,160.2971,51.1116,147.0335
257.9548,161.8632,50.1094,144.1505
258.6660,163.0587,49.1269,141.3240
257.8486,160.1265,51.1116,147.0335
257.7591,160.0463,51.1116,147.0335
258.8775,163.4186,49.1269,141.3240
258.0016,161.8881,50.1094,144.1505
257.8021,160.5532,51.1116,147.0335
257.5358,160.5326,51.1116,147.0335
257.7031,160.4592,51.1116,147.0335
257.6004,160.2830,51.1116,147.0335
257.6537,160.4044,51.1116,147.0335
257.7573,160.3763,51.1116,147.0335
257.8111,161.8510,50.1094,144.1505
257.7098,161.9913,50.1094,144.1505
257.5753,160.4502,51.1116,147.0335
257.7371,160.1546,51.1116,147.0335
257.5201,160.4344,51.1116,147.0335
257.7229,161.8346,50.1094,144.1505
257.4715,160.2071,51.1116,147.0335
258.4658,163.2188,49.1269,141.3240
257.7338,161.7623,50.1094,144.1505
257.3796,160.3311,51.1116,147.0335
257.7757,161.7358,50.1094,144.1505
257.7314,161.7708,50.1094,144.1505
257.4093,160.2896,51.1116,147.0335
257.3233,160.1474,51.1116,147.0335
257.3835,160.3552,51.1116,147.0335
257.5563,161.9694,50.1094,144.1505
257.2092,160.1905,51.1116,147.0335
257.3239,160.1817,51.1116,147.0335
257.2867,160.3765,51.1116,147.0335
257.4287,160.2679,51.1116,147.0335
258.5531,163.3799,49.1269,141.3240
257.5385,160.4838,51.1116,147.0335
257.5866,160.6233,51.1116,147.0335
257.1207,160.4653,51.1116,147.0335
257.1969,160.5217,51.1116,147.0335
262.0461,162.6732,49.1269,141.3240
329.2191,151.1665,50.1094,144.1505
256.0762,160.8118,50.1094,144.1505
257.7467,159.6583,51.1116,147.0335
256.8795,158.5840,52.1339,149.9741
257.5153,160.1766,51.1116,147.0335
257.9477,161.9709,50.1094,144.1505
258.5381,163.3650,49.1269,141.3240
257.4025,160.3403,51.1116,147.0335
257.4105,160.4698,51.1116,147.0335
257.3299,160.5196,51.1116,147.0335
257.1462,160.5510,51.1116,147.0335
257.1976,160.3563,51.1116,147.0335
257.2448,160.4329,51.1116,147.0335
257.1907,160.3043,51.1116,147.0335
257.1414,160.4277,51.1116,147.0335
257.1975,160.4672,51.1116,147.0335
257.4713,160.3445,51.1116,147.0335
257.3227,160.3116,51.1116,147.0335
257.7453,161.9561,50.1094,144.1505
257.3240,160.4186,51.1116,147.0335
257.4094,160.3836,51.1116,147.0335
257.4012,160.4890,51.1116,147.0335
257.4397,160.5924,51.1116,147.0335
257.5093,160.5321,51.1116,147.0335
257.5155,160.6719,51.1116,147.0335
257.5000,160.6481,51.1116,147.0335
257.3759,160.5848,51.1116,147.0335
257.5704,160.6474,51.1116,147.0335
257.5931,160.3890,51.1116,147.0335
257.5781,160.5921,51.1116,147.0335
257.5431,160.5123,51.1116,147.0335
257.5106,160.4200,51.1116,147.0335
257.7092,160.4499,51.1116,147.0335
257.6607,160.5802,51.1116,147.0335
257.7109,160.6121,51.1116,147.0335
257.7933,160.5319,51.1116,147.0335
257.9761,161.9988,50.1094,144.1505
257.6894,160.6616,51.1116,147.0335
257.4957,160.5247,51.1116,147.0335
257.4472,160.3795,51.1116,147.0335
257.3979,160.5210,51.1116,147.0335
257.3971,160.5436,51.1116,147.0335
257.3589,160.4140,51.1116,147.0335
257.2584,160.5551,51.1116,147.0335
257.3841,160.5790,51.1116,147.0335
257.2084,160.5285,51.1116,147.0335
257.2928,160.4159,51.1116,147.0335
258.2222,163.4177,49.1269,141.3240
257.6765,162.0531,50.1094,144.1505
252.9878,162.8501,50.1094,144.1505
260.3307,157.4495,52.1339,149.9741
260.4649,160.3183,50.1094,144.1505
259.7173,162.8929,49.1269,141.3240
257.0139,160.3322,51.1116,147.0335
257.3418,160.5909,51.1116,147.0335
257.6343,160.6810,51.1116,147.0335
257.6440,160.5657,51.1116,147.0335
257.4362,160.2223,51.1116,147.0335
257.3323,160.4640,51.1116,147.0335
257.3687,160.4310,51.1116,147.0335
257.4979,160.3455,51.1116,147.0335
257.4254,160.3457,51.1116,147.0335
257.3816,160.2369,51.1116,147.0335
257.4739,160.2704,51.1116,147.0335
257.3784,160.2022,51.1116,147.0335
257.3273,160.1643,51.1116,147.0335
257.2920,160.2346,51.1116,147.0335
257.4887,160.2437,51.1116,147.0335
257.4998,160.4414,51.1116,147.0335
257.6829,160.3832,51.1116,147.0335
257.6607,160.1717,51.1116,147.0335
257.6513,160.3397,51.1116,147.0335
257.7308,160.4003,51.1116,147.0335
257.7325,160.4558,51.1116,147.0335
257.8099,160.2811,51.1116,147.0335
257.6773,160.3127,51.1116,147.0335
257.8644,160.5601,51.1116,147.0335
257.6710,160.6901,51.1116,147.0335
257.6361,160.7367,51.1116,147.0335
257.7409,160.6285,51.1116,147.0335
257.5219,160.3770,51.1116,147.0335
259.9031,163.4041,49.1269,141.3240
262.6536,165.0605,48.1636,138.5529
254.7633,162.0312,49.1269,141.3240
255.8885,163.1510,49.1269,141.3240
257.3116,160.1760,51.1116,147.0335
257.1333,160.2764,51.1116,147.0335
257.0597,160.3977,51.1116,147.0335
257.0511,160.2194,51.1116,147.0335
256.8427,160.6115,51.1116,147.0335
256.8005,160.7986,51.1116,147.0335
257.4156,162.1283,50.1094,144.1505
256.9027,160.7055,51.1116,147.0335
257.3861,162.0646,50.1094,144.1505
257.4159,161.8914,50.1094,144.1505
257.4346,161.7810,50.1094,144.1505
257.5266,161.7955,50.1094,144.1505
257.0848,160.5456,51.1116,147.0335
257.1592,160.5461,51.1116,147.0335
257.2275,160.4851,51.1116,147.0335
257.0946,160.5491,51.1116,147.0335
256.9952,160.4664,51.1116,147.0335
257.0589,160.5229,51.1116,147.0335
257.0483,160.4475,51.1116,147.0335
256.9676,160.3381,51.1116,147.0335
257.1050,160.5132,51.1116,147.0335
257.0076,160.3671,51.1116,147.0335
257.3339,162.0771,50.1094,144.1505
258.0400,163.3870,49.1269,141.3240
257.0751,160.6608,51.1116,147.0335
256.7779,157.7584,53.1765,152.9736
257.1728,160.4516,51.1116,147.0335
256.9777,160.5718,51.1116,147.0335
256.7164,160.7403,51.1116,147.0335
257.0383,160.6424,51.1116,147.0335
255.1433,160.5133,51.1116,147.0335
251.4603,158.9921,51.1116,147.0335
254.5619,156.5058,53.1765,152.9736
255.3831,153.3382,52.1339,149.9741
260.4175,157.8421,51.1116,147.0335
262.1450,160.2042,50.1094,144.1505
261.6965,164.1312,48.1636,138.5529
259.3274,163.0749,49.1269,141.3240
258.0203,160.4581,51.1116,147.0335
257.6242,158.1656,53.1765,152.9736
257.8378,158.2619,53.1765,152.9736
257.7776,158.3013,53.1765,152.9736
258.1633,159.3084,52.1339,149.9741
258.5962,160.3021,51.1116,147.0335
259.1835,161.8204,50.1094,144.1505
259.2098,161.8216,50.1094,144.1505
258.7068,160.3241,51.1116,147.0335
258.7650,160.3817,51.1116,147.0335
258.7377,160.4631,51.1116,147.0335
259.3205,162.0110,50.1094,144.1505
258.8344,160.3410,51.1116,147.0335
258.8807,160.5801,51.1116,147.0335
258.2764,158.2838,53.1765,152.9736
257.9993,159.3772,52.1339,149.9741
258.7860,160.8022,51.1116,147.0335
258.8260,160.6202,51.1116,147.0335
258.8109,160.5676,51.1116,147.0335
258.8423,160.5681,51.1116,147.0335
258.9437,160.8510,51.1116,147.0335
258.8574,161.1052,51.1116,147.0335
258.3924,159.4167,52.1339,149.9741
259.5902,158.9569,52.1339,149.9741
260.2020,159.1838,52.1339,149.9741
262.4799,161.2462,51.1116,147.0335
264.9604,164.6330,49.1269,141.3240
266.6478,162.1891,50.1094,144.1505
267.6899,156.3173,52.1339,149.9741
270.1747,150.1158,54.2401,156.0331
274.4121,146.4585,54.2401,156.0331
277.7633,144.2736,54.2401,156.0331
279.8046,138.2270,56.4314,162.3368
282.3089,134.2502,57.5600,165.5836
287.1165,137.4025,55.3249,159.1538
291.3764,140.0594,53.1765,152.9736
291.9835,136.6576,55.3249,159.1538
292.5555,134.1831,57.5600,165.5836
294.5230,135.0245,58.7112,168.8952
294.1101,134.9693,59.8854,172.2731
285.2162,132.0702,62.3048,179.2330
284.8371,137.0809,59.8854,172.2731
283.2210,133.7910,62.3048,179.2330
284.6827,138.5738,59.8854,172.2731
279.9832,147.4373,57.5600,165.5836
280.5208,150.1999,55.3249,159.1538
276.6336,149.0509,56.4314,162.3368
274.1393,148.6609,57.5600,165.5836
270.0194,149.4421,59.8854,172.2731
271.4389,148.1473,57.5600,165.5836
269.5652,152.6744,55.3249,159.1538
265.7554,148.4126,57.5600,165.5836
264.0326,144.8281,59.8854,172.2731
262.3990,143.6275,59.8854,172.2731
262.1452,142.4738,61.0831,175.7186
261.1287,144.4219,58.7112,168.8952
262.0692,144.7621,58.7112,168.8952
264.5617,145.8790,58.7112,168.8952
264.2181,143.6974,61.0831,175.7186
270.3843,148.0111,58.7112,168.8952
274.0615,150.3139,56.4314,162.3368
271.6477,145.5233,58.7112,168.8952
273.3403,146.7965,56.4314,162.3368
271.0162,140.9008,58.7112,168.8952
269.7943,139.5665,57.5600,165.5836
268.7850,139.1674,56.4314,162.3368
268.9113,137.5011,55.3249,159.1538
269.2549,131.9206,57.5600,165.5836
271.8810,127.9284,58.7112,168.8952
274.2505,125.6218,59.8854,172.2731
273.4035,124.8815,59.8854,172.2731
272.2089,124.6199,57.5600,165.5836
270.4180,124.7375,56.4314,162.3368
271.4980,126.7962,54.2401,156.0331
273.0774,122.3595,56.4314,162.3368
276.5253,121.9838,56.4314,162.3368
277.8657,122.6290,54.2401,156.0331
277.5978,122.5296,56.4314,162.3368
280.2864,125.9990,54.2401,156.0331
281.3225,128.7926,53.1765,152.9736
279.6648,126.4017,55.3249,159.1538
277.0973,123.5971,57.5600,165.5836
278.4466,124.2462,57.5600,165.5836
284.1214,129.5576,55.3249,159.1538
283.7113,128.5920,56.4314,162.3368
284.3931,127.2971,55.3249,159.1538
284.3886,127.2874,55.3249,159.1538
282.1562,129.6065,54.2401,156.0331
280.4091,128.2414,56.4314,162.3368
278.0454,125.6840,58.7112,168.8952
278.3456,128.9396,57.5600,165.5836
280.4255,128.4279,58.7112,168.8952
278.1343,125.4177,61.0831,175.7186
276.8591,127.1900,62.3048,179.2330
279.4130,133.3885,59.8854,172.2731
278.1976,134.5727,59.8854,172.2731
277.1807,133.3266,61.0831,175.7186
278.8806,136.7911,58.7112,168.8952
279.1349,137.9424,58.7112,168.8952
278.5105,137.8177,58.7112,168.8952
277.7272,137.5125,59.8854,172.2731
278.9547,136.8174,59.8854,172.2731
280.7590,138.1842,57.5600,165.5836
279.0670,137.3524,55.3249,159.1538
276.5250,134.9362,55.3249,159.1538
274.7416,136.3545,54.2401,156.0331
274.0567,138.8712,52.1339,149.9741
274.3804,141.0809,51.1116,147.0335
274.6191,141.3818,52.1339,149.9741
275.5272,141.4445,53.1765,152.9736
275.8047,142.1819,54.2401,156.0331
275.0880,142.2703,55.3249,159.1538
275.5604,142.6867,56.4314,162.3368
276.8731,145.7454,55.3249,159.1538
281.6759,151.4806,53.1765,152.9736
284.6171,151.9162,54.2401,156.0331
288.5443,156.5038,52.1339,149.9741
290.1067,155.0018,54.2401,156.0331
291.9998,157.7507,52.1339,149.9741
294.1066,159.1032,51.1116,147.0335
295.0180,160.6300,50.1094,144.1505
294.3797,159.2240,51.1116,147.0335
294.1352,159.5047,51.1116,147.0335
293.6909,159.2807,51.1116,147.0335
293.3013,157.6863,52.1339,149.9741
294.0723,160.9395,50.1094,144.1505
295.1507,162.4619,49.1269,141.3240
293.8469,159.2969,51.1116,147.0335
295.3047,162.5237,49.1269,141.3240
295.2183,162.3170,49.1269,141.3240
294.1521,159.3734,51.1116,147.0335
294.1806,159.4154,51.1116,147.0335
293.6687,157.7400,52.1339,149.9741
294.3593,159.2665,51.1116,147.0335
293.1071,156.4618,53.1765,152.9736
293.8037,159.5881,51.1116,147.0335
293.1901,157.8665,52.1339,149.9741
293.1738,157.7913,52.1339,149.9741
293.1813,158.0016,52.1339,149.9741
293.1327,157.9775,52.1339,149.9741
293.2641,157.7646,52.1339,149.9741
293.3535,157.9207,52.1339,149.9741
294.2133,157.0999,52.1339,149.9741
294.9692,155.3220,53.1765,152.9736
294.2294,161.4575,51.1116,147.0335
288.3640,163.4252,49.1269,141.3240
289.7766,160.9747,49.1269,141.3240
293.9747,161.8647,49.1269,141.3240
295.2494,164.1560,48.1636,138.5529
293.9999,161.0604,50.1094,144.1505
292.9395,158.2316,52.1339,149.9741
293.2688,159.7115,51.1116,147.0335
293.6958,161.1558,50.1094,144.1505
294.8035,164.2796,48.1636,138.5529
293.6133,161.1206,50.1094,144.1505
290.9616,159.8267,51.1116,147.0335
288.9867,156.0159,52.1339,149.9741
293.8126,163.5956,50.1094,144.1505
291.9053,159.5283,52.1339,149.9741
297.1714,159.4835,50.1094,144.1505
297.2815,161.6309,49.1269,141.3240
294.8062,160.9143,50.1094,144.1505
294.2664,159.7536,51.1116,147.0335
294.3817,159.7699,51.1116,147.0335
294.1292,159.9846,51.1116,147.0335
294.2932,160.0474,51.1116,147.0335
293.7074,158.5289,52.1339,149.9741
294.2593,159.8502,51.1116,147.0335
294.3206,159.7151,51.1116,147.0335
294.1647,159.7768,51.1116,147.0335
294.0241,159.9450,51.1116,147.0335
294.0035,159.5176,51.1116,147.0335
295.1864,162.7634,49.1269,141.3240
294.2539,159.7146,51.1116,147.0335
294.1248,159.7629,51.1116,147.0335
293.2185,157.0454,53.1765,152.9736
294.2636,159.7621,51.1116,147.0335
295.2970,162.6289,49.1269,141.3240
293.9090,159.7859,51.1116,147.0335
294.5602,161.3409,50.1094,144.1505
294.6086,160.9833,50.1094,144.1505
295.1736,162.3919,49.1269,141.3240
293.8693,159.7573,51.1116,147.0335
294.2573,161.3811,50.1094,144.1505
295.2931,163.1169,49.1269,141.3240
294.8067,162.4427,50.1094,144.1505
298.2170,165.9880,48.1636,138.5529
301.8573,164.7001,49.1269,141.3240
306.4844,163.4685,50.1094,144.1505
311.4219,166.2816,49.1269,141.3240
311.2508,166.2208,51.1116,147.0335
310.7426,166.7451,52.1339,149.9741
308.5852,172.2703,51.1116,147.0335
306.1047,173.5664,53.1765,152.9736
304.5868,177.1535,53.1765,152.9736
298.3287,181.5192,55.3249,159.1538
289.8610,185.4452,55.3249,159.1538
277.2942,185.9343,57.5600,165.5836
262.8638,187.4762,58.7112,168.8952
246.4485,188.2181,59.8854,172.2731
229.1295,183.7962,62.3048,179.2330
218.4931,178.5097,62.3048,179.2330
203.7182,169.8415,64.8219,186.4740
194.5406,163.7749,63.5509,182.8176
187.5198,155.2738,63.5509,182.8176
179.1206,147.0400,63.5509,182.8176
175.1991,145.4566,61.0831,175.7186
170.7279,144.5851,59.8854,172.2731
169.2288,145.0442,57.5600,165.5836
164.8180,144.8919,55.3249,159.1538
163.3843,147.7774,53.1765,152.9736
163.5316,148.6426,53.1765,152.9736
160.3621,148.6307,54.2401,156.0331
158.7990,150.8137,54.2401,156.0331
159.3553,155.3699,53.1765,152.9736
160.5593,161.7097,51.1116,147.0335
160.8579,165.7230,51.1116,147.0335
162.8851,168.4213,49.1269,141.3240
167.7256,170.7321,47.2192,135.8362
167.0519,165.9871,49.1269,141.3240
167.3259,169.0580,47.2192,135.8362
166.6219,169.1766,47.2192,135.8362
164.5855,166.0464,49.1269,141.3240
164.5339,167.4611,48.1636,138.5529
166.4872,169.9188,46.2934,133.1727
164.5092,167.5581,48.1636,138.5529
163.6028,164.2797,50.1094,144.1505
163.0405,162.6024,51.1116,147.0335
162.9838,162.5512,51.1116,147.0335
163.2984,162.3689,51.1116,147.0335
163.4799,162.1452,51.1116,147.0335
163.9488,163.6463,50.1094,144.1505
164.4143,165.1807,49.1269,141.3240
163.9835,163.6008,50.1094,144.1505
164.6336,166.7103,48.1636,138.5529
165.2746,166.6520,48.1636,138.5529
164.1481,163.5373,50.1094,144.1505
163.7505,161.9598,51.1116,147.0335
163.8764,163.4328,50.1094,144.1505
163.0790,162.0179,51.1116,147.0335
164.1015,163.2428,50.1094,144.1505
163.9271,163.0891,50.1094,144.1505
163.8227,163.1216,50.1094,144.1505
163.6768,163.2184,50.1094,144.1505
163.4623,163.2313,50.1094,144.1505
163.6066,163.2357,50.1094,144.1505
168.1059,162.3753,50.1094,144.1505
166.4470,161.3543,50.1094,144.1505
158.5005,164.3387,48.1636,138.5529
161.3174,168.0358,47.2192,135.8362
164.7905,166.0821,48.1636,138.5529
163.7892,163.2336,50.1094,144.1505
164.0130,161.5751,51.1116,147.0335
164.1110,161.5296,51.1116,147.0335
163.9840,161.5820,51.1116,147.0335
164.0770,163.1562,50.1094,144.1505
163.5803,163.0803,50.1094,144.1505
163.7295,163.1291,50.1094,144.1505
163.8357,162.9159,50.1094,144.1505
163.7283,163.2517,50.1094,144.1505
163.7293,163.2349,50.1094,144.1505
163.4436,163.2389,50.1094,144.1505
163.9173,164.9152,49.1269,141.3240
163.7762,163.3506,50.1094,144.1505
163.6333,163.1929,50.1094,144.1505
163.5135,163.0967,50.1094,144.1505
163.4346,163.1273,50.1094,144.1505
164.1690,164.7992,49.1269,141.3240
163.2708,161.8052,51.1116,147.0335
163.7015,163.3114,50.1094,144.1505
163.7395,163.2593,50.1094,144.1505
162.8026,161.6812,51.1116,147.0335
161.8909,161.8035,51.1116,147.0335
160.5411,165.4305,49.1269,141.3240
159.1370,164.4637,50.1094,144.1505
159.3687,167.3446,48.1636,138.5529
159.7503,167.1709,48.1636,138.5529
159.4086,164.7513,50.1094,144.1505
160.0535,167.6598,48.1636,138.5529
160.1852,167.6084,48.1636,138.5529
160.0183,167.4032,48.1636,138.5529
160.1288,167.4496,48.1636,138.5529
159.9731,167.2884,48.1636,138.5529
160.0576,167.4282,48.1636,138.5529
158.9184,164.4218,50.1094,144.1505
159.9648,167.5357,48.1636,138.5529
160.1012,167.6097,48.1636,138.5529
160.0375,167.5642,48.1636,138.5529
159.7275,167.5243,48.1636,138.5529
159.9762,167.4932,48.1636,138.5529
159.9004,167.6489,48.1636,138.5529
159.8359,167.7321,48.1636,138.5529
159.8911,167.6998,48.1636,138.5529
159.7144,167.7196,48.1636,138.5529
160.0981,167.6780,48.1636,138.5529
159.8402,167.5357,48.1636,138.5529
159.8396,167.4196,48.1636,138.5529
160.0189,167.4540,48.1636,138.5529
159.9372,167.7565,48.1636,138.5529
159.9659,168.1773,48.1636,138.5529
160.4322,168.0481,48.1636,138.5529
159.9412,167.1103,49.1269,141.3240
160.5160,168.9187,48.1636,138.5529
159.7979,168.8058,48.1636,138.5529
159.2316,168.9131,48.1636,138.5529
158.4828,168.8898,48.1636,138.5529
158.9081,171.4703,47.2192,135.8362
157.7782,170.1353,48.1636,138.5529
158.3376,170.6539,48.1636,138.5529
157.7055,170.7174,48.1636,138.5529
157.8721,171.4946,48.1636,138.5529
157.5496,170.3092,49.1269,141.3240
159.2293,173.3493,47.2192,135.8362
159.5013,173.4939,47.2192,135.8362
158.4447,171.4825,48.1636,138.5529
159.7320,173.3794,47.2192,135.8362
159.7986,173.4553,47.2192,135.8362
158.0566,170.1252,49.1269,141.3240
159.4115,172.9979,47.2192,135.8362
158.1805,170.5696,48.1636,138.5529
157.5727,168.8995,49.1269,141.3240
157.7425,168.7974,49.1269,141.3240
157.2422,167.3666,50.1094,144.1505
157.2100,167.4878,50.1094,144.1505
156.2451,164.2056,52.1339,149.9741
156.0856,163.1883,53.1765,152.9736
156.2191,164.4561,52.1339,149.9741
156.1045,164.1119,52.1339,149.9741
156.1002,164.1833,52.1339,149.9741
157.3803,167.5452,50.1094,144.1505
156.5103,164.3118,52.1339,149.9741
156.7549,165.8674,51.1116,147.0335
156.2295,163.1344,53.1765,152.9736
156.1105,164.3817,52.1339,149.9741
156.0308,164.2509,52.1339,149.9741
155.8811,164.1312,52.1339,149.9741
156.0200,164.3240,52.1339,149.9741
155.9846,164.4046,52.1339,149.9741
156.0397,164.1023,52.1339,149.9741
156.0353,164.0624,52.1339,149.9741
156.1523,164.1853,52.1339,149.9741
156.0855,164.1920,52.1339,149.9741
156.0180,164.0195,52.1339,149.9741
156.3127,163.0454,53.1765,152.9736
156.2366,164.4465,52.1339,149.9741
156.1809,163.9893,52.1339,149.9741
155.9922,164.1168,52.1339,149.9741
156.1624,164.2167,52.1339,149.9741
156.2964,163.0589,53.1765,152.9736
156.1841,164.3947,52.1339,149.9741
156.0021,163.9984,52.1339,149.9741
157.1978,167.3465,50.1094,144.1505
156.0958,164.2835,52.1339,149.9741
157.2774,167.5014,50.1094,144.1505
156.2030,164.3209,52.1339,149.9741
155.8638,164.1991,52.1339,149.9741
156.1144,164.3468,52.1339,149.9741
155.9540,164.3636,52.1339,149.9741
155.9164,164.3655,52.1339,149.9741
156.0666,164.1800,52.1339,149.9741
156.0648,164.2225,52.1339,149.9741
157.2735,167.4790,50.1094,144.1505
156.6998,165.8903,51.1116,147.0335
156.0182,164.3566,52.1339,149.9741
157.3338,167.4273,50.1094,144.1505
156.6714,165.8745,51.1116,147.0335
156.0723,164.2917,52.1339,149.9741
156.1910,164.3142,52.1339,149.9741
156.2113,164.1884,52.1339,149.9741
156.3040,163.1090,53.1765,152.9736
156.1779,164.3696,52.1339,149.9741
157.3232,167.5920,50.1094,144.1505
156.6230,166.0365,51.1116,147.0335
156.6493,165.9726,51.1116,147.0335
157.4074,167.6002,50.1094,144.1505
156.6821,165.9304,51.1116,147.0335
156.0306,164.2909,52.1339,149.9741
156.0810,163.9863,52.1339,149.9741
156.1885,164.1424,52.1339,149.9741
156.1352,164.2024,52.1339,149.9741
157.3953,168.0185,50.1094,144.1505
156.9516,168.3397,50.1094,144.1505
