58.0000,100.0000,28.0000,23.0000
57.8877,99.1088,28.5600,23.4600
60.1556,99.7269,28.0000,23.0000
61.0866,98.9452,28.5600,23.4600
62.2715,99.8616,27.4510,22.5490
63.6030,99.9047,28.0000,23.0000
65.3956,100.0634,28.0000,23.0000
66.3199,100.0515,28.5600,23.4600
68.8894,101.3497,28.0000,23.0000
67.9180,100.9693,28.5600,23.4600
70.5269,102.0659,27.4510,22.5490
71.9787,102.9755,26.9127,22.1069
70.4772,103.3615,28.0000,23.0000
68.4135,102.6698,29.1312,23.9292
67.4173,103.5390,28.5600,23.4600
66.8489,103.5105,29.1312,23.9292
66.3859,103.7842,28.5600,23.4600
66.6742,104.8688,27.4510,22.5490
66.1235,105.5214,26.3850,21.6734
66.0228,105.7361,27.4510,22.5490
64.4993,105.3697,28.5600,23.4600
64.1941,105.9805,28.5600,23.4600
65.4071,107.3959,27.4510,22.5490
67.5828,107.8846,26.9127,22.1069
69.4306,108.0312,26.9127,22.1069
69.3595,108.0721,26.9127,22.1069
72.5526,107.9879,26.9127,22.1069
75.8900,107.6631,27.4510,22.5490
80.4125,107.3350,26.3850,21.6734
85.7971,107.7519,25.3605,20.8318
90.6752,108.4727,24.3757,20.0229
92.6775,109.0083,23.8977,19.6303
94.1978,109.6722,23.4291,19.2454
93.8409,109.6406,23.8977,19.6303
95.2857,110.3410,23.8977,19.6303
96.7430,110.6859,23.8977,19.6303
97.7864,111.1538,23.4291,19.2454
97.4367,111.1022,23.8977,19.6303
98.9473,111.1426,23.4291,19.2454
100.5203,111.2630,23.4291,19.2454
102.1409,111.4070,22.9698,18.8680
101.5028,111.3262,23.8977,19.6303
103.4156,111.5369,23.4291,19.2454
105.4986,111.7111,22.5194,18.4980
107.2585,112.0598,22.0778,18.1353
108.7103,112.3997,22.0778,18.1353
108.9770,112.5907,21.6449,17.7797
110.1315,111.0462,22.0778,18.1353
111.4170,108.4368,22.9698,18.8680
110.7688,108.2377,23.8977,19.6303
111.8728,105.5687,24.3757,20.0229
113.3741,103.3153,24.3757,20.0229
114.9488,100.8257,24.3757,20.0229
117.3706,99.0613,23.4291,19.2454
118.9939,97.8120,23.8977,19.6303
117.8810,97.2741,24.8632,20.4233
120.3966,96.8266,23.8977,19.6303
121.0774,96.5374,24.8632,20.4233
123.7785,97.3353,23.8977,19.6303
124.7915,97.8179,23.8977,19.6303
124.8628,97.9346,23.8977,19.6303
126.0141,98.2076,23.8977,19.6303
126.6534,98.1973,23.8977,19.6303
127.9951,98.1617,24.3757,20.0229
129.7559,98.4751,23.4291,19.2454
129.7571,98.5419,23.4291,19.2454
130.9999,98.7319,23.8977,19.6303
132.1444,98.7606,24.3757,20.0229
133.6582,99.4028,23.8977,19.6303
133.7966,98.8875,24.8632,20.4233
136.2592,99.5518,23.8977,19.6303
135.1090,98.9698,24.8632,20.4233
137.8365,99.8759,23.8977,19.6303
139.0458,99.9571,24.3757,20.0229
140.5318,100.0460,24.3757,20.0229
141.3397,99.4450,24.8632,20.4233
142.6273,99.2917,25.3605,20.8318
142.5990,99.3332,25.3605,20.8318
144.6620,99.5639,24.8632,20.4233
147.1150,100.7909,23.8977,19.6303
148.0538,100.2907,24.8632,20.4233
150.6908,101.6832,23.8977,19.6303
152.0900,101.7691,23.4291,19.2454
151.5700,101.7231,24.3757,20.0229
152.2927,101.3371,24.8632,20.4233
154.0927,101.6543,24.8632,20.4233
155.0711,101.3990,25.8677,21.2484
156.6822,101.8672,24.8632,20.4233
157.9074,101.5357,25.3605,20.8318
159.5511,101.6357,25.3605,20.8318
158.9751,101.3504,26.3850,21.6734
160.8029,101.8680,25.3605,20.8318
162.8989,102.8886,24.3757,20.0229
164.6544,102.9979,24.3757,20.0229
166.7089,103.8014,23.8977,19.6303
165.6094,103.0678,24.8632,20.4233
168.0693,104.4064,23.8977,19.6303
169.6980,104.6612,23.8977,19.6303
169.9138,103.9951,24.8632,20.4233
171.1191,104.0174,24.8632,20.4233
171.0633,104.0183,24.8632,20.4233
173.3321,104.7076,24.3757,20.0229
174.7375,104.9830,24.3757,20.0229
176.1131,105.3893,23.8977,19.6303
174.9962,104.6309,24.8632,20.4233
176.5676,105.2295,24.8632,20.4233
178.6178,106.3388,23.8977,19.6303
179.2534,107.3728,23.8977,19.6303
179.8820,107.6779,23.8977,19.6303
180.3300,107.7419,23.8977,19.6303
179.1381,107.0152,24.8632,20.4233
179.3485,107.3691,25.3605,20.8318
180.9854,108.4963,24.3757,20.0229
180.5732,108.4847,24.8632,20.4233
182.2731,109.7410,23.8977,19.6303
183.3543,110.3408,22.9698,18.8680
182.8266,110.2424,23.8977,19.6303
183.3243,110.9108,23.8977,19.6303
183.7149,111.5083,23.8977,19.6303
184.0395,111.2102,24.8632,20.4233
185.6483,111.8325,24.3757,20.0229
186.3196,111.8994,23.8977,19.6303
187.0146,112.0593,23.4291,19.2454
187.5908,112.1321,22.9698,18.8680
187.4574,112.6827,22.9698,18.8680
187.4574,112.6827,22.9698,18.8680
187.4753,113.8069,22.5194,18.4980
187.3421,113.4201,22.9698,18.8680
186.5158,113.6035,23.8977,19.6303
185.1274,113.1548,24.8632,20.4233
184.7911,115.5969,23.8977,19.6303
184.7888,116.2856,23.8977,19.6303
180.2655,117.0361,24.8632,20.4233
178.7945,117.4251,25.3605,20.8318
177.5049,118.7289,25.3605,20.8318
177.5806,118.7763,24.8632,20.4233
176.0469,120.4536,24.8632,20.4233
175.0369,121.3338,23.8977,19.6303
184.4907,113.6253,24.3757,20.0229
184.9230,113.7544,24.3757,20.0229
184.4734,114.4210,24.3757,20.0229
182.1365,114.1386,25.3605,20.8318
172.9062,120.1630,26.3850,21.6734
172.5653,120.7480,26.9127,22.1069
170.7011,121.2779,26.9127,22.1069
168.8317,121.0817,26.9127,22.1069
166.4533,122.9653,27.4510,22.5490
164.5118,123.5963,27.4510,22.5490
163.1401,124.5435,27.4510,22.5490
161.6062,123.3134,28.5600,23.4600
173.5910,123.3517,29.7138,24.4078
172.0681,122.3758,29.1312,23.9292
170.3250,122.9433,30.3081,24.8959
167.9377,123.8705,31.5325,25.9017
167.1116,123.1432,32.1632,26.4198
165.2116,123.4351,33.4626,27.4871
163.1657,123.8970,32.1632,26.4198
161.8108,122.7822,32.1632,26.4198
161.5168,123.4824,31.5325,25.9017
158.8554,121.0885,32.1632,26.4198
159.4891,121.2846,30.9143,25.3939
157.6868,119.0876,30.9143,25.3939
155.2541,115.9957,30.9143,25.3939
154.4881,113.9212,29.7138,24.4078
152.4174,110.9108,28.5600,23.4600
150.1995,108.6113,29.7138,24.4078
150.0868,108.1876,29.1312,23.9292
147.0092,106.9978,29.1312,23.9292
144.8177,104.8470,29.7138,24.4078
142.0387,104.7932,29.7138,24.4078
142.1234,104.8453,29.7138,24.4078
139.1411,102.2214,30.9143,25.3939
136.2696,100.8402,32.1632,26.4198
134.4383,99.2708,30.9143,25.3939
134.6102,99.6648,31.5325,25.9017
133.2709,98.1601,31.5325,25.9017
131.2299,97.8799,30.9143,25.3939
130.8898,97.4654,29.7138,24.4078
129.0455,97.0462,29.1312,23.9292
129.3918,96.8794,29.7138,24.4078
127.9145,96.5298,29.7138,24.4078
126.4316,96.8986,29.7138,24.4078
124.0340,95.7056,30.9143,25.3939
125.0256,96.4380,29.7138,24.4078
122.6821,95.7356,30.9143,25.3939
121.6186,95.5875,29.7138,24.4078
121.8655,95.3993,28.5600,23.4600
120.1372,94.7790,29.7138,24.4078
118.3491,94.0761,30.3081,24.8959
116.8545,93.6348,29.7138,24.4078
115.1043,92.7325,28.5600,23.4600
113.4332,93.3459,28.0000,23.0000
114.1792,93.8921,26.9127,22.1069
112.0461,93.1469,25.8677,21.2484
109.9759,93.5388,26.9127,22.1069
109.5780,93.2984,26.3850,21.6734
107.7534,93.1947,27.4510,22.5490
105.7272,93.1591,27.4510,22.5490
103.6232,92.3641,26.3850,21.6734
102.4573,92.3301,26.3850,21.6734
101.6093,91.8410,25.3605,20.8318
101.2203,91.6281,24.3757,20.0229
101.4238,91.9340,23.8977,19.6303
100.4353,91.5747,22.9698,18.8680
99.4790,91.0729,22.9698,18.8680
99.5666,90.6432,22.0778,18.1353
98.1165,89.3857,22.9698,18.8680
97.5714,89.5979,23.8977,19.6303
97.2226,88.9642,22.9698,18.8680
95.9239,88.6722,23.8977,19.6303
95.0041,88.1484,23.8977,19.6303
95.4092,88.3150,22.9698,18.8680
94.6970,87.3774,22.0778,18.1353
93.3946,86.6795,21.6449,17.7797
92.4049,86.3940,21.2205,17.4311
90.5974,85.2470,22.0778,18.1353
90.8079,84.9304,21.6449,17.7797
88.6851,84.8934,22.5194,18.4980
87.3344,83.8154,22.9698,18.8680
86.3395,83.5729,22.0778,18.1353
84.4853,83.1519,22.9698,18.8680
84.8432,82.9653,22.5194,18.4980
82.8418,83.2385,22.0778,18.1353
82.5259,82.2594,22.0778,18.1353
82.1696,81.1049,22.0778,18.1353
81.4571,80.6056,21.6449,17.7797
80.7773,80.6543,22.5194,18.4980
80.2343,79.5432,22.5194,18.4980
77.6421,81.8061,21.6449,17.7797
78.3571,79.6296,20.8044,17.0893
78.6140,79.9665,21.2205,17.4311
78.6505,78.8510,21.6449,17.7797
77.8448,77.8331,20.8044,17.0893
78.2210,77.4386,19.9966,16.4257
78.6061,76.9961,19.2201,15.7879
78.1849,76.1377,18.4737,15.1748
77.0273,75.4310,18.4737,15.1748
76.5066,75.2756,19.2201,15.7879
75.1428,74.3461,19.6045,16.1037
74.0540,73.8010,19.6045,16.1037
73.4318,74.6021,18.8432,15.4783
70.9998,74.0319,19.6045,16.1037
71.9693,74.5499,18.8432,15.4783
70.7682,73.8364,19.2201,15.7879
70.2107,73.1065,18.4737,15.1748
69.4409,72.2139,18.8432,15.4783
69.5909,70.9503,18.4737,15.1748
69.2791,71.0388,17.7564,14.5856
67.6727,70.5245,18.1115,14.8773
67.5895,70.3526,18.4737,15.1748
67.2002,69.6780,18.4737,15.1748
65.1212,69.4242,19.2201,15.7879
66.6816,68.5374,18.8432,15.4783
66.8449,67.6130,19.2201,15.7879
65.7123,66.9533,19.9966,16.4257
66.0370,67.5220,19.2201,15.7879
67.5862,66.8223,18.4737,15.1748
67.4683,66.1919,19.2201,15.7879
67.4667,66.1975,19.2201,15.7879
66.4581,64.4569,19.6045,16.1037
66.8060,64.6085,19.2201,15.7879
65.2525,63.4739,19.9966,16.4257
64.2217,63.2041,19.9966,16.4257
64.8994,63.8547,19.2201,15.7879
64.5126,63.6312,18.4737,15.1748
63.0669,62.8258,17.7564,14.5856
63.0691,62.8462,17.4082,14.2996
61.8758,61.9745,17.7564,14.5856
61.4163,60.8620,18.1115,14.8773
61.4624,61.4528,18.4737,15.1748
61.6204,60.4918,17.7564,14.5856
62.4586,60.2186,17.4082,14.2996
60.7020,59.0289,18.1115,14.8773
61.4661,59.7251,17.4082,14.2996
61.2498,58.5299,18.1115,14.8773
61.7370,58.3704,18.8432,15.4783
62.3478,57.3436,18.4737,15.1748
62.0314,57.0097,18.1115,14.8773
63.0136,57.5412,17.4082,14.2996
63.6131,57.2078,17.4082,14.2996
64.1816,56.0959,16.7322,13.7443
63.7084,55.7403,16.7322,13.7443
63.7043,54.9556,16.7322,13.7443
63.8197,55.0049,16.4041,13.4748
63.0890,54.6648,16.7322,13.7443
62.9161,54.3418,17.4082,14.2996
61.5525,53.4422,17.7564,14.5856
61.4559,53.3126,17.0669,14.0192
59.9614,52.1643,17.7564,14.5856
60.0159,51.9643,17.7564,14.5856
59.2130,51.2813,17.7564,14.5856
58.7838,50.6804,17.7564,14.5856
58.5500,50.1062,17.7564,14.5856
59.4568,50.6495,17.4082,14.2996
59.2624,49.7973,16.7322,13.7443
59.2445,49.9164,16.7322,13.7443
60.3533,49.4926,16.4041,13.4748
60.4822,48.5551,16.4041,13.4748
61.1997,49.1553,16.0825,13.2106
61.2358,49.0865,16.0825,13.2106
60.4280,48.0675,16.7322,13.7443
60.8664,47.1150,16.7322,13.7443
61.3222,47.4085,17.0669,14.0192
60.9386,46.3933,16.7322,13.7443
60.9455,46.5057,16.7322,13.7443
61.7354,46.5091,16.0825,13.2106
60.8891,45.6035,16.4041,13.4748
60.4524,45.1289,16.4041,13.4748
60.7055,45.1887,16.0825,13.2106
60.5637,44.9001,15.4580,12.6976
60.3009,45.0567,16.0825,13.2106
59.5078,44.8077,15.7671,12.9516
58.9634,44.6669,15.1549,12.4487
57.2980,43.5513,15.4580,12.6976
57.7540,43.7358,14.8577,12.2046
56.6356,42.9659,14.5664,11.9653
57.1682,43.3098,14.8577,12.2046
56.5070,42.4362,15.1549,12.4487
55.6974,42.0156,14.5664,11.9653
55.5056,42.1247,15.1549,12.4487
55.1509,41.3681,14.5664,11.9653
55.1966,41.7446,15.1549,12.4487
55.1039,41.4390,15.1549,12.4487
55.1993,41.4696,14.8577,12.2046
54.5666,40.8059,14.5664,11.9653
54.8001,40.7409,14.0008,11.5006
55.0963,41.1155,14.2808,11.7306
54.4038,40.3826,14.8577,12.2046
53.5556,39.6170,14.5664,11.9653
53.0749,39.8981,14.2808,11.7306
51.7500,39.7460,14.8577,12.2046
50.8800,39.1016,15.4580,12.6976
49.9686,39.0339,15.4580,12.6976
48.9444,39.1532,16.0825,13.2106
46.9474,39.7713,15.7671,12.9516
45.3646,39.4253,15.4580,12.6976
44.2434,39.7546,15.4580,12.6976
44.2338,39.7508,15.4580,12.6976
43.0439,39.7515,15.4580,12.6976
42.5451,40.0673,15.1549,12.4487
41.1338,39.4725,15.4580,12.6976
40.4025,39.4444,15.4580,12.6976
39.8568,38.9050,15.4580,12.6976
39.1655,38.8207,15.4580,12.6976
39.1249,38.9262,15.4580,12.6976
38.6412,38.8840,15.4580,12.6976
39.1074,39.3439,14.8577,12.2046
38.1069,38.9313,15.4580,12.6976
38.1300,38.9048,15.4580,12.6976
37.5812,39.1591,15.4580,12.6976
37.1185,39.6751,16.0825,13.2106
36.6196,40.3740,16.0825,13.2106
34.7116,39.7289,16.4041,13.4748
34.2414,40.3128,17.0669,14.0192
34.0388,40.4305,17.4082,14.2996
33.0123,39.8885,18.1115,14.8773
32.5726,40.4790,18.8432,15.4783
30.5826,40.2555,19.6045,16.1037
29.8984,40.6836,19.9966,16.4257
30.6033,41.5249,19.2201,15.7879
30.3570,41.8518,19.2201,15.7879
30.9544,42.0631,18.4737,15.1748
30.5226,42.1391,18.8432,15.4783
30.2669,42.2540,19.2201,15.7879
30.2669,42.2540,19.2201,15.7879
30.2399,42.1571,18.8432,15.4783
29.5256,42.5617,18.8432,15.4783
28.8209,43.3673,18.1115,14.8773
28.6707,43.0579,18.1115,14.8773
28.6612,42.9985,18.8432,15.4783
28.2895,44.8155,18.8432,15.4783
27.3510,42.8459,18.1115,14.8773
19.0136,47.8933,18.1115,14.8773
18.8175,48.2946,18.1115,14.8773
18.9833,48.6094,17.7564,14.5856
19.3978,49.4423,17.4082,14.2996
19.4217,49.8922,17.4082,14.2996
19.3880,50.4134,17.0669,14.0192
18.9775,49.9381,16.7322,13.7443
19.2350,49.8247,17.4082,14.2996
18.0699,49.2437,17.7564,14.5856
17.9489,50.5369,18.1115,14.8773
17.8739,50.9568,18.1115,14.8773
17.9495,52.6715,18.4737,15.1748
17.6724,52.7731,19.2201,15.7879
17.6856,52.5547,19.2201,15.7879
18.1694,52.5609,18.4737,15.1748
18.1808,52.8149,18.4737,15.1748
17.9596,52.8743,18.1115,14.8773
18.1493,53.6916,18.4737,15.1748
17.6979,52.6371,19.2201,15.7879
17.6529,52.8651,19.2201,15.7879
16.7626,52.4049,19.9966,16.4257
16.3569,53.5983,19.6045,16.1037
17.6511,56.6042,18.8432,15.4783
17.6013,56.2852,18.1115,14.8773
17.6465,57.1470,17.7564,14.5856
18.6313,58.3168,17.0669,14.0192
18.9034,58.7610,17.0669,14.0192
19.1692,58.6732,17.0669,14.0192
19.2509,58.8877,17.0669,14.0192
19.8522,59.0557,17.0669,14.0192
20.1672,58.8555,16.7322,13.7443
21.6448,60.4700,16.0825,13.2106
21.4081,59.8759,16.7322,13.7443
21.2959,59.9703,17.4082,14.2996
22.3013,61.0404,17.4082,14.2996
22.3524,60.9726,17.7564,14.5856
23.9012,61.7950,17.4082,14.2996
23.9074,61.6086,17.4082,14.2996
24.3313,61.6301,17.4082,14.2996
23.7766,61.7527,18.1115,14.8773
24.5618,62.5269,17.7564,14.5856
24.8602,63.0335,17.7564,14.5856
24.7336,62.9220,18.1115,14.8773
25.0097,63.7020,18.8432,15.4783
25.2257,63.4220,18.1115,14.8773
26.3689,65.2914,17.4082,14.2996
26.8488,65.5499,16.7322,13.7443
27.9490,66.9646,16.0825,13.2106
27.1071,66.3556,16.7322,13.7443
27.3357,66.7683,16.7322,13.7443
27.9480,67.3417,17.4082,14.2996
28.2561,67.3220,16.7322,13.7443
29.1199,67.6453,16.7322,13.7443
30.0959,68.2185,16.4041,13.4748
30.0272,68.2551,16.4041,13.4748
31.0177,68.8261,17.0669,14.0192
31.2354,68.9566,17.7564,14.5856
32.0497,69.8223,17.7564,14.5856
33.4269,70.8051,18.4737,15.1748
33.2910,70.5880,17.7564,14.5856
35.6683,71.8636,18.4737,15.1748
36.0049,71.8637,18.8432,15.4783
36.1125,72.0147,18.4737,15.1748
36.2163,72.2406,19.2201,15.7879
36.3397,71.9677,19.9966,16.4257
36.9313,72.5073,19.6045,16.1037
38.7643,73.8787,18.8432,15.4783
38.5305,73.9354,19.2201,15.7879
38.5071,73.7513,19.9966,16.4257
39.5422,74.4707,19.6045,16.1037
41.2372,76.4734,18.8432,15.4783
41.7638,76.9529,18.8432,15.4783
41.4811,77.0478,19.2201,15.7879
42.0448,77.1197,19.2201,15.7879
42.8102,77.3150,19.2201,15.7879
42.5135,76.8548,19.9966,16.4257
43.1158,76.8994,20.3965,16.7543
43.1158,76.8994,20.3965,16.7543
44.1793,77.6448,19.9966,16.4257
45.1979,78.1263,20.3965,16.7543
46.5977,78.7039,20.3965,16.7543
46.5576,78.5966,20.3965,16.7543
48.3966,79.6080,19.6045,16.1037
50.6481,80.8734,18.8432,15.4783
50.7954,80.5399,19.6045,16.1037
51.6089,80.3291,20.3965,16.7543
51.3707,80.2837,20.8044,17.0893
52.1933,80.8302,20.8044,17.0893
53.8695,81.2662,21.2205,17.4311
54.6104,81.2508,20.8044,17.0893
54.7895,81.3433,20.3965,16.7543
55.4832,81.9815,20.8044,17.0893
56.7090,82.2859,20.8044,17.0893
57.4709,83.3760,21.6449,17.7797
57.4412,83.1411,20.8044,17.0893
58.5768,83.5875,20.8044,17.0893
59.5722,84.3445,20.8044,17.0893
60.4818,84.9925,20.8044,17.0893
61.1216,85.5978,21.6449,17.7797
60.9715,85.7449,22.0778,18.1353
62.2169,85.8532,21.6449,17.7797
62.7362,86.2318,22.0778,18.1353
64.0578,86.6013,21.6449,17.7797
65.5943,87.3151,21.6449,17.7797
64.8798,87.1955,22.5194,18.4980
65.7576,87.5996,22.9698,18.8680
67.5709,88.6341,22.0778,18.1353
68.6484,89.2200,22.5194,18.4980
70.3776,89.9392,22.0778,18.1353
72.1875,90.7176,21.6449,17.7797
72.8717,90.3734,22.5194,18.4980
72.5874,90.2922,22.9698,18.8680
73.3624,90.2251,23.8977,19.6303
75.0203,90.6855,23.4291,19.2454
76.2278,90.8982,24.3757,20.0229
76.2523,90.8800,24.3757,20.0229
76.7138,90.8163,25.3605,20.8318
78.4095,91.6887,25.3605,20.8318
79.8052,92.0736,25.3605,20.8318
81.8654,92.4783,24.8632,20.4233
84.2284,94.3225,23.8977,19.6303
84.7570,94.6419,23.4291,19.2454
86.2188,94.8793,23.4291,19.2454
87.3191,94.8975,23.8977,19.6303
88.2922,95.0579,24.3757,20.0229
87.1995,94.6120,25.3605,20.8318
88.3598,94.2560,26.3850,21.6734
89.8702,94.7595,26.9127,22.1069
91.5692,95.0782,26.3850,21.6734
91.9650,95.4370,25.3605,20.8318
94.4638,96.2099,24.3757,20.0229
96.8563,96.7653,23.4291,19.2454
99.7291,97.1022,22.5194,18.4980
99.2379,96.9648,23.4291,19.2454
100.5221,97.0053,24.3757,20.0229
101.3500,96.3247,24.8632,20.4233
102.3919,95.9223,25.8677,21.2484
104.1134,96.9388,26.9127,22.1069
106.1433,96.4121,26.9127,22.1069
105.8472,96.4665,27.4510,22.5490
108.2914,96.8883,26.9127,22.1069
109.8396,97.1142,25.8677,21.2484
112.4479,97.2445,24.8632,20.4233
114.3634,98.0688,25.8677,21.2484
114.3999,98.2673,26.9127,22.1069
115.9329,98.9349,26.9127,22.1069
117.4574,99.2329,27.4510,22.5490
119.3916,98.7886,27.4510,22.5490
120.1931,98.7835,28.5600,23.4600
120.0826,99.1134,29.7138,24.4078
120.1974,98.4126,30.9143,25.3939
122.3584,98.6558,31.5325,25.9017
123.8148,98.0336,32.8065,26.9482
124.3182,98.6762,31.5325,25.9017
126.0922,98.6632,30.9143,25.3939
127.7876,97.8833,32.1632,26.4198
130.6340,98.8623,31.5325,25.9017
131.5904,99.0619,30.3081,24.8959
133.9677,98.2748,29.1312,23.9292
136.8898,99.0373,28.0000,23.0000
139.8321,98.8606,26.9127,22.1069
142.4028,97.7769,25.8677,21.2484
142.7335,98.4675,24.8632,20.4233
144.9548,98.1910,24.8632,20.4233
146.8714,97.5413,25.8677,21.2484
149.8795,98.3949,24.8632,20.4233
153.3667,99.0878,23.8977,19.6303
153.4483,99.4834,23.4291,19.2454
156.2273,100.0784,22.5194,18.4980
159.0931,99.8824,22.0778,18.1353
161.8567,99.4043,21.2205,17.4311
162.8460,98.2963,22.0778,18.1353
163.3471,98.1595,21.2205,17.4311
164.4132,97.4472,20.3965,16.7543
166.1080,97.5248,21.2205,17.4311
167.2252,96.3021,20.8044,17.0893
168.7206,95.3525,19.9966,16.4257
170.3567,95.5443,20.3965,16.7543
170.4958,95.3828,20.3965,16.7543
172.2361,95.3637,19.6045,16.1037
173.4891,94.9498,20.3965,16.7543
175.1271,94.8292,21.2205,17.4311
177.1545,93.3642,21.2205,17.4311
176.9928,93.6408,21.6449,17.7797
178.5198,92.7816,20.8044,17.0893
180.4646,92.0252,19.9966,16.4257
182.8648,92.1855,20.3965,16.7543
184.4818,92.0736,20.8044,17.0893
184.8726,92.1668,20.3965,16.7543
186.0487,91.2796,21.2205,17.4311
187.6052,90.6380,20.3965,16.7543
189.0795,90.9445,20.8044,17.0893
191.0339,93.3463,20.8044,17.0893
191.3374,91.8732,21.2205,17.4311
191.3336,91.8122,21.6449,17.7797
192.1292,93.3355,21.2205,17.4311
193.3958,90.3968,20.3965,16.7543
181.6600,88.0902,21.2205,17.4311
181.5623,87.6002,20.3965,16.7543
181.2295,87.5510,21.2205,17.4311
181.8693,86.5355,20.3965,16.7543
181.7696,86.1280,19.9966,16.4257
182.1117,85.2907,19.6045,16.1037
181.4618,86.4851,19.2201,15.7879
179.4505,85.8097,19.9966,16.4257
179.5289,84.9619,19.6045,16.1037
177.8484,84.4680,20.3965,16.7543
179.0082,84.0338,21.2205,17.4311
179.1675,83.7571,21.2205,17.4311
178.8145,82.9343,22.0778,18.1353
178.3300,82.5573,22.9698,18.8680
178.0337,82.1602,22.9698,18.8680
178.9807,81.6304,22.0778,18.1353
178.7854,81.2587,21.2205,17.4311
178.4173,80.1211,20.8044,17.0893
178.0063,79.8373,21.2205,17.4311
178.0016,79.8397,21.2205,17.4311
176.7283,78.9938,20.8044,17.0893
175.7636,78.6652,21.6449,17.7797
174.7299,78.2916,21.2205,17.4311
173.3631,77.9223,21.2205,17.4311
170.9010,77.8277,21.6449,17.7797
170.5113,77.7640,22.0778,18.1353
168.7324,77.2516,22.5194,18.4980
166.2283,77.0125,23.4291,19.2454
163.4140,77.5083,23.8977,19.6303
161.7404,77.1171,23.8977,19.6303
160.3393,76.4435,23.8977,19.6303
159.4243,75.7986,23.8977,19.6303
158.4930,75.1377,24.8632,20.4233
157.5461,74.3715,24.8632,20.4233
156.8017,74.2762,24.8632,20.4233
155.9708,73.6132,24.8632,20.4233
154.6080,73.8691,23.8977,19.6303
153.1740,73.7427,24.3757,20.0229
152.3878,73.2951,24.8632,20.4233
151.8572,73.9149,24.3757,20.0229
150.8285,73.6718,23.8977,19.6303
149.1111,72.5159,23.8977,19.6303
146.4012,71.3446,24.8632,20.4233
146.3722,71.3329,24.8632,20.4233
145.7336,71.6334,24.3757,20.0229
143.2304,70.9301,24.8632,20.4233
142.0170,71.9352,24.3757,20.0229
138.2316,71.4620,25.3605,20.8318
138.1539,71.2994,25.3605,20.8318
136.1133,70.7980,25.8677,21.2484
134.0367,71.6199,25.3605,20.8318
132.6321,71.3210,24.8632,20.4233
132.3950,71.0872,23.8977,19.6303
131.2131,70.7283,23.4291,19.2454
131.6738,70.9020,22.5194,18.4980
130.4140,70.4391,22.5194,18.4980
130.0243,69.9467,21.6449,17.7797
128.9681,69.9001,21.6449,17.7797
127.6382,68.8416,20.8044,17.0893
126.6982,69.0954,21.2205,17.4311
126.6970,68.8834,20.3965,16.7543
125.5455,68.1000,20.8044,17.0893
124.1917,67.9742,20.8044,17.0893
122.7669,68.1057,21.6449,17.7797
121.3914,67.0162,20.8044,17.0893
121.2811,67.0544,20.8044,17.0893
119.8619,66.8065,20.8044,17.0893
118.4558,66.5107,20.8044,17.0893
116.7611,66.6295,21.6449,17.7797
114.1782,66.2510,22.5194,18.4980
114.1229,66.1686,22.5194,18.4980
112.6734,66.6213,21.6449,17.7797
109.6607,66.1699,22.5194,18.4980
108.3475,66.4549,21.6449,17.7797
107.4887,65.9583,21.2205,17.4311
106.1570,65.3668,20.8044,17.0893
106.2283,65.2675,20.8044,17.0893
105.2550,64.9503,19.9966,16.4257
104.3825,63.4443,20.3965,16.7543
103.1893,63.0695,20.8044,17.0893
103.6822,63.4143,19.9966,16.4257
103.1001,63.1165,19.6045,16.1037
101.5673,62.6600,20.3965,16.7543
101.1301,62.3259,19.6045,16.1037
101.9219,62.9419,18.8432,15.4783
101.4920,62.3053,19.2201,15.7879
100.9158,61.9334,18.4737,15.1748
99.9619,61.0423,18.4737,15.1748
98.2913,60.6528,18.8432,15.4783
97.3467,60.1656,18.8432,15.4783
97.0681,60.1714,19.2201,15.7879
96.0777,59.8866,18.4737,15.1748
94.2401,59.5922,19.2201,15.7879
91.2897,58.8780,19.9966,16.4257
89.1263,58.5766,20.3965,16.7543
88.9321,58.3841,20.8044,17.0893
87.6257,58.8268,21.2205,17.4311
86.1309,58.2375,20.8044,17.0893
85.6961,57.7897,19.9966,16.4257
84.9566,57.1431,19.6045,16.1037
85.0244,57.0216,19.6045,16.1037
84.7578,57.5411,18.8432,15.4783
84.1899,56.9204,18.8432,15.4783
84.1899,56.9204,18.8432,15.4783
83.5880,56.1188,18.1115,14.8773
82.7858,55.6549,18.8432,15.4783
82.8084,55.5581,18.4737,15.1748
82.1998,55.1639,18.4737,15.1748
81.8349,54.8192,18.1115,14.8773
81.5693,54.6021,18.4737,15.1748
80.7767,53.5737,17.7564,14.5856
80.0457,53.2873,18.4737,15.1748
78.9592,52.8309,18.4737,15.1748
78.6518,52.4783,18.1115,14.8773
77.7929,52.2330,17.7564,14.5856
76.6196,52.3591,18.4737,15.1748
75.0450,51.9498,18.4737,15.1748
73.2372,51.6297,18.1115,14.8773
71.6304,51.3264,18.1115,14.8773
72.5944,52.0237,17.4082,14.2996
71.5936,51.8253,17.4082,14.2996
69.9815,50.7100,17.7564,14.5856
69.9607,50.7594,17.4082,14.2996
69.5817,50.3651,17.0669,14.0192
69.0305,49.6926,17.0669,14.0192
69.0305,49.6926,17.0669,14.0192
68.3035,48.8070,16.7322,13.7443
67.8689,48.1808,16.7322,13.7443
68.8747,48.2423,16.0825,13.2106
68.9328,48.3005,16.0825,13.2106
68.4188,47.4985,15.4580,12.6976
68.5175,47.4424,16.0825,13.2106
67.9535,46.7451,15.4580,12.6976
66.9976,46.7341,15.7671,12.9516
66.6422,46.4524,15.4580,12.6976
66.6680,46.3643,15.7671,12.9516
64.8794,45.3696,16.4041,13.4748
64.4052,45.5588,16.0825,13.2106
63.5026,45.7750,15.7671,12.9516
63.5487,45.6809,15.7671,12.9516
62.4003,45.8011,15.1549,12.4487
61.0413,45.5717,15.1549,12.4487
60.2447,45.2062,15.1549,12.4487
59.7463,45.0373,14.8577,12.2046
58.8226,44.3681,15.4580,12.6976
58.1258,44.0840,16.0825,13.2106
57.3838,43.3515,15.4580,12.6976
56.7492,42.8549,15.4580,12.6976
56.6410,42.9201,15.7671,12.9516
56.9901,43.0713,15.1549,12.4487
56.5247,42.2996,14.5664,11.9653
56.1303,41.8172,14.5664,11.9653
55.9324,41.7850,15.1549,12.4487
55.5340,41.5677,15.1549,12.4487
55.0049,41.1011,15.1549,12.4487
54.3438,40.5028,15.4580,12.6976
53.9024,40.5646,15.7671,12.9516
52.9107,40.1582,15.7671,12.9516
52.2436,40.1140,15.1549,12.4487
51.3589,39.9492,15.1549,12.4487
51.1961,39.9689,15.1549,12.4487
49.6713,39.3228,15.4580,12.6976
48.4884,39.9421,15.7671,12.9516
46.8277,39.8892,16.0825,13.2106
45.3740,39.9179,15.7671,12.9516
45.4064,39.8854,15.7671,12.9516
44.8123,40.0908,15.1549,12.4487
43.7960,39.7630,14.8577,12.2046
43.2306,39.8085,14.2808,11.7306
42.6035,39.2512,14.5664,11.9653
41.9217,38.8716,14.5664,11.9653
41.3462,38.8948,15.1549,12.4487
41.3463,38.8947,15.1549,12.4487
40.6172,38.2261,14.5664,11.9653
40.1280,38.2484,14.5664,11.9653
39.9699,38.5216,14.8577,12.2046
39.0671,38.0952,15.1549,12.4487
38.3601,38.1031,14.8577,12.2046
37.4827,37.9064,14.8577,12.2046
37.6943,38.0389,14.2808,11.7306
35.9473,37.5768,14.5664,11.9653
35.2160,38.0733,14.2808,11.7306
33.5892,37.3656,14.5664,11.9653
32.7965,37.5791,15.1549,12.4487
32.1410,37.0117,15.4580,12.6976
30.9188,37.3291,15.7671,12.9516
29.8077,37.5432,15.7671,12.9516
28.5849,37.1566,15.4580,12.6976
28.7453,37.4837,16.0825,13.2106
28.3727,37.5329,15.7671,12.9516
26.7757,36.7254,16.4041,13.4748
26.3352,36.5805,16.4041,13.4748
26.8752,37.3798,16.0825,13.2106
26.3448,37.3891,16.7322,13.7443
27.7469,37.9614,16.0825,13.2106
28.5404,38.6211,16.0825,13.2106
28.4480,38.1431,15.4580,12.6976
29.5396,39.6700,16.0825,13.2106
28.7341,39.2143,16.7322,13.7443
28.3585,39.4264,17.4082,14.2996
29.0258,39.4410,17.0669,14.0192
28.6204,39.1423,16.7322,13.7443
30.1266,39.1453,16.0825,13.2106
25.3018,36.6067,16.0825,13.2106
24.7654,36.7678,15.7671,12.9516
24.7654,36.7678,15.7671,12.9516
22.9088,36.8876,16.4041,13.4748
29.8755,40.7104,16.0825,13.2106
29.9130,41.9197,15.7671,12.9516
22.4334,42.7729,16.0825,13.2106
21.7159,43.4674,16.0825,13.2106
21.7503,43.4389,16.0825,13.2106
21.5570,44.6701,16.0825,13.2106
21.3218,45.3862,16.0825,13.2106
20.2586,44.8448,16.4041,13.4748
21.1605,46.3980,16.0825,13.2106
20.8049,46.1151,15.4580,12.6976
20.9394,46.9290,15.4580,12.6976
21.0366,48.1871,15.7671,12.9516
20.7466,48.3106,15.4580,12.6976
21.0724,49.1349,15.7671,12.9516
21.6816,49.4069,15.1549,12.4487
21.6436,49.7287,15.7671,12.9516
21.3717,49.5352,15.4580,12.6976
22.7140,50.7213,14.8577,12.2046
22.9804,51.3676,14.8577,12.2046
22.9804,51.3676,14.8577,12.2046
22.5324,51.2036,15.4580,12.6976
22.7077,51.7168,15.4580,12.6976
22.6539,52.5699,16.0825,13.2106
21.8715,51.7333,16.7322,13.7443
23.0742,53.4100,16.0825,13.2106
23.0542,53.7909,16.0825,13.2106
22.5973,53.9545,16.4041,13.4748
23.5843,54.5742,15.7671,12.9516
23.8138,55.6090,15.1549,12.4487
23.1707,55.6486,15.4580,12.6976
24.0622,56.9061,15.1549,12.4487
23.3898,56.2573,15.4580,12.6976
23.9921,57.6186,14.8577,12.2046
24.4024,58.0432,14.8577,12.2046
24.7387,58.5246,14.8577,12.2046
24.9938,58.9776,15.1549,12.4487
24.6053,58.8168,15.7671,12.9516
25.4311,59.4478,15.1549,12.4487
24.9176,59.4386,15.4580,12.6976
25.3309,60.6732,16.0825,13.2106
26.0310,61.7306,16.0825,13.2106
25.1240,60.9656,16.7322,13.7443
26.3404,61.9798,16.0825,13.2106
25.5014,61.5559,16.7322,13.7443
26.0170,62.3530,17.0669,14.0192
25.6969,62.7923,17.4082,14.2996
25.9024,63.6183,17.4082,14.2996
25.9467,64.4418,17.4082,14.2996
26.3770,65.4828,17.0669,14.0192
26.3770,65.4828,17.0669,14.0192
26.0197,66.1139,16.4041,13.4748
26.4504,67.1151,17.0669,14.0192
26.4426,67.2220,16.7322,13.7443
26.2660,67.7859,16.7322,13.7443
26.8068,68.6958,17.0669,14.0192
26.8449,68.6238,17.0669,14.0192
26.2593,68.6755,17.7564,14.5856
27.3769,69.7266,17.4082,14.2996
27.1035,69.6714,18.1115,14.8773
27.2932,71.3311,18.4737,15.1748
27.6513,71.9482,18.1115,14.8773
27.6512,71.9485,18.1115,14.8773
28.2691,73.6389,18.4737,15.1748
28.4251,74.1695,19.2201,15.7879
28.6259,74.4819,19.2201,15.7879
28.0801,74.0213,19.6045,16.1037
28.0797,74.0209,19.6045,16.1037
27.9687,75.0877,19.6045,16.1037
29.3983,76.4361,18.8432,15.4783
29.5722,76.8606,18.1115,14.8773
29.5791,76.8597,18.1115,14.8773
30.6835,78.5209,17.4082,14.2996
29.6976,79.0052,18.1115,14.8773
30.0840,80.5421,18.4737,15.1748
30.3185,81.3875,18.8432,15.4783
28.6917,81.1090,19.6045,16.1037
28.7357,81.1557,19.6045,16.1037
28.9891,81.4364,19.9966,16.4257
28.6924,81.5443,20.8044,17.0893
29.1704,82.5813,20.3965,16.7543
29.6842,83.6477,21.2205,17.4311
30.3687,83.9231,20.3965,16.7543
30.5681,84.2044,19.9966,16.4257
30.8016,85.4282,20.3965,16.7543
31.6891,86.5018,21.2205,17.4311
31.6692,87.2470,21.6449,17.7797
31.8641,87.8518,22.0778,18.1353
31.8619,88.0027,22.0778,18.1353
32.5901,88.3619,21.6449,17.7797
33.1110,89.4310,21.2205,17.4311
33.4373,90.3347,21.2205,17.4311
33.4559,90.3830,21.2205,17.4311
33.3645,90.8917,22.0778,18.1353
33.8807,92.2072,21.2205,17.4311
34.0562,92.9543,20.8044,17.0893
34.3716,94.6391,21.2205,17.4311
33.9063,94.4812,22.0778,18.1353
33.3546,95.2242,22.9698,18.8680
32.7240,95.7341,23.8977,19.6303
33.0832,95.9291,24.3757,20.0229
33.8932,96.1477,24.3757,20.0229
34.6323,97.0742,24.3757,20.0229
34.5996,97.4829,23.8977,19.6303
36.0659,98.5004,22.9698,18.8680
37.0144,99.6551,22.0778,18.1353
38.3301,100.8734,21.6449,17.7797
38.6718,102.0777,22.5194,18.4980
38.6912,102.1660,22.5194,18.4980
39.7529,103.1160,22.5194,18.4980
40.1244,103.4811,23.4291,19.2454
40.3144,103.3630,24.3757,20.0229
40.7639,104.1504,24.3757,20.0229
41.8223,105.5168,23.4291,19.2454
42.3278,105.7509,22.5194,18.4980
43.3558,107.3195,21.6449,17.7797
43.8662,108.3032,21.6449,17.7797
44.7686,110.0077,21.2205,17.4311
45.0371,111.0857,22.0778,18.1353
44.4972,110.7958,22.9698,18.8680
45.4291,112.2638,22.0778,18.1353
45.3502,112.6879,22.9698,18.8680
46.1034,113.1766,22.5194,18.4980
46.1044,113.1771,22.5194,18.4980
47.5669,114.1879,21.6449,17.7797
48.1822,115.0853,22.5194,18.4980
48.9268,115.9396,23.4291,19.2454
49.3491,116.7205,24.3757,20.0229
49.2557,117.5738,24.8632,20.4233
50.3503,118.3559,24.3757,20.0229
50.4402,118.9523,25.3605,20.8318
50.7521,119.5789,25.8677,21.2484
51.6380,120.6714,26.9127,22.1069
52.3344,121.2612,26.9127,22.1069
51.8954,121.1323,27.4510,22.5490
51.3187,120.6359,28.5600,23.4600
53.2921,122.8006,27.4510,22.5490
54.1534,124.0560,27.4510,22.5490
52.8782,123.3508,28.5600,23.4600
53.1678,124.5547,29.1312,23.9292
54.1182,125.6910,29.1312,23.9292
55.0521,127.5087,28.5600,23.4600
55.7061,129.0412,28.5600,23.4600
56.9088,129.7450,27.4510,22.5490
57.7233,130.5417,26.3850,21.6734
58.7950,131.6934,26.9127,22.1069
59.3819,132.0018,27.4510,22.5490
60.6236,133.5054,26.9127,22.1069
60.1961,133.3540,28.0000,23.0000
60.1396,133.9179,29.1312,23.9292
61.2686,135.7286,29.7138,24.4078
62.0372,137.8922,29.7138,24.4078
61.9337,138.6019,30.9143,25.3939
62.9999,140.1067,31.5325,25.9017
62.8310,140.4598,31.5325,25.9017
64.8897,141.5130,30.3081,24.8959
64.5889,141.8364,31.5325,25.9017
65.2381,142.4081,30.9143,25.3939
66.6140,143.5957,30.9143,25.3939
67.5434,144.3351,30.3081,24.8959
68.1306,144.5415,31.5325,25.9017
68.2323,144.9775,32.1632,26.4198
70.0640,146.7177,31.5325,25.9017
71.6326,148.5426,30.3081,24.8959
71.4604,148.9547,30.3081,24.8959
73.1762,150.6267,29.7138,24.4078
73.0068,151.6815,30.9143,25.3939
74.4277,152.9297,31.5325,25.9017
76.3453,154.0528,30.3081,24.8959
78.0792,155.1458,30.3081,24.8959
77.1060,154.6867,31.5325,25.9017
79.2402,156.6346,31.5325,25.9017
79.6787,156.7051,32.1632,26.4198
82.8667,159.0201,31.5325,25.9017
81.7894,158.5563,32.8065,26.9482
83.9269,160.5208,32.8065,26.9482
85.6759,161.8378,33.4626,27.4871
86.8805,162.4907,34.8145,28.5976
85.1087,161.7689,36.2210,29.7530
87.2836,162.5740,36.2210,29.7530
88.7128,163.8021,36.9454,30.3480
90.4711,165.1155,36.2210,29.7530
92.4198,166.2967,36.2210,29.7530
93.6991,167.0461,34.8145,28.5976
96.0568,169.0830,34.1318,28.0369
98.0758,170.4554,34.1318,28.0369
99.3061,171.8775,35.5108,29.1696
100.8343,173.8691,36.9454,30.3480
101.3351,173.7557,35.5108,29.1696
104.0412,175.1753,35.5108,29.1696
105.4044,176.7036,35.5108,29.1696
107.9499,177.6751,34.8145,28.5976
109.0515,177.9668,35.5108,29.1696
111.3456,178.8326,35.5108,29.1696
114.2058,180.1621,35.5108,29.1696
113.7237,179.9664,36.2210,29.7530
115.3424,181.4781,37.6843,30.9550
118.5516,183.6484,36.2210,29.7530
118.7303,183.5457,35.5108,29.1696
120.6643,185.1901,36.2210,29.7530
122.6122,185.9632,37.6843,30.9550
124.6185,186.7599,39.2068,32.2056
126.0831,186.1142,39.9909,32.8497
128.0954,186.9830,39.9909,32.8497
127.2476,187.0988,40.7907,33.5067
130.1179,189.0645,41.6065,34.1768
133.2431,191.2914,39.9909,32.8497
138.0533,192.0857,38.4380,31.5741
137.8004,192.3006,38.4380,31.5741
140.6376,193.6612,37.6843,30.9550
144.5195,194.6427,37.6843,30.9550
147.2985,198.7515,39.2068,32.2056
148.0185,198.7317,40.7907,33.5067
148.2653,198.6215,42.4387,34.8603
150.2828,199.8001,40.7907,33.5067
154.3801,201.0961,39.2068,32.2056
157.6414,200.2067,39.9909,32.8497
159.6043,201.5461,39.2068,32.2056
160.4502,199.8945,40.7907,33.5067
162.5839,201.4956,42.4387,34.8603
163.6501,201.8449,44.1532,36.2687
166.0845,202.1028,45.0362,36.9941
170.8859,202.3271,44.1532,36.2687
170.9056,202.1435,44.1532,36.2687
175.6173,202.2301,43.2874,35.5575
