197.0000,87.0000,38.0000,18.0000
196.3076,86.8809,38.0000,18.0000
195.2253,86.5471,39.5352,18.7272
195.0861,86.2816,38.7600,18.3600
196.1180,86.2612,37.2549,17.6471
195.5702,85.6711,38.7600,18.3600
197.0470,85.9401,38.0000,18.0000
196.4928,85.3981,38.7600,18.3600
196.7489,85.5800,38.7600,18.3600
197.5339,86.4608,38.0000,18.0000
197.1452,86.9019,38.0000,18.0000
196.5894,86.8144,38.0000,18.0000
196.3954,86.3848,38.0000,18.0000
195.6648,86.0043,37.2549,17.6471
195.5786,85.8036,37.2549,17.6471
196.8587,86.3754,35.8082,16.9618
196.3870,86.3964,35.8082,16.9618
195.7792,86.4765,35.8082,16.9618
195.4173,86.5621,35.8082,16.9618
194.9784,86.2345,35.1061,16.6292
194.3129,86.4783,35.8082,16.9618
193.9732,86.3078,35.8082,16.9618
193.9766,86.2816,35.8082,16.9618
193.8912,86.7358,35.8082,16.9618
192.2157,86.2525,37.2549,17.6471
190.6922,86.2426,38.7600,18.3600
190.4203,86.2839,38.7600,18.3600
191.1350,87.1165,38.0000,18.0000
191.2227,87.1528,38.0000,18.0000
191.0690,86.5607,37.2549,17.6471
190.4920,86.0851,38.7600,18.3600
190.6326,85.8100,38.7600,18.3600
191.6936,86.5244,38.0000,18.0000
191.6927,86.5558,38.0000,18.0000
190.8194,85.9995,39.5352,18.7272
191.8405,86.1019,38.0000,18.0000
191.7160,85.9962,38.0000,18.0000
191.5252,86.0623,38.0000,18.0000
191.2575,85.9846,38.0000,18.0000
191.1192,86.2347,38.0000,18.0000
190.9600,86.2328,38.0000,18.0000
190.5484,86.2450,38.0000,18.0000
190.3182,86.1463,38.0000,18.0000
190.1256,85.8961,38.0000,18.0000
188.7915,85.1815,39.5352,18.7272
190.0543,85.3792,38.0000,18.0000
190.2567,85.4007,36.5244,17.3010
189.1970,86.0360,38.0000,18.0000
188.8496,86.0595,38.0000,18.0000
187.2978,86.0477,39.5352,18.7272
186.4755,86.2115,38.7600,18.3600
185.1418,86.2921,40.3259,19.1017
185.4526,86.6812,38.7600,18.3600
185.8938,87.4557,38.0000,18.0000
185.6100,87.2168,37.2549,17.6471
185.9720,87.6198,36.5244,17.3010
185.3963,87.9867,36.5244,17.3010
184.9335,88.1747,38.0000,18.0000
184.4433,88.2041,38.0000,18.0000
184.2020,88.1745,38.0000,18.0000
183.7451,88.1628,38.0000,18.0000
183.3326,88.1889,38.0000,18.0000
183.0539,88.2152,38.0000,18.0000
182.7507,88.1620,38.0000,18.0000
182.4664,88.3416,38.0000,18.0000
181.0776,88.2363,38.7600,18.3600
179.9256,88.0534,40.3259,19.1017
180.9140,88.8436,39.5352,18.7272
180.8960,88.8956,38.7600,18.3600
182.2115,89.4056,38.0000,18.0000
181.1887,89.4758,39.5352,18.7272
181.9778,89.7565,38.0000,18.0000
182.5606,89.7212,38.0000,18.0000
182.2429,89.4761,38.0000,18.0000
182.2519,89.2029,38.0000,18.0000
181.5988,88.4003,38.7600,18.3600
182.1708,88.9387,38.0000,18.0000
183.0127,89.4882,38.0000,18.0000
183.5652,89.4836,37.2549,17.6471
183.8434,90.3116,38.0000,18.0000
183.0014,90.2854,38.7600,18.3600
181.8185,90.3781,40.3259,19.1017
183.1345,90.9379,38.7600,18.3600
182.4768,91.7887,38.7600,18.3600
182.0450,92.6397,38.7600,18.3600
182.5577,93.3712,37.2549,17.6471
184.1690,94.4098,35.8082,16.9618
182.6650,93.6321,37.2549,17.6471
182.7664,94.1068,38.0000,18.0000
183.0541,94.0457,38.0000,18.0000
183.5261,93.8198,38.0000,18.0000
183.4831,93.5797,38.0000,18.0000
184.6603,93.0254,38.0000,18.0000
184.6087,93.0945,38.0000,18.0000
184.7978,93.1880,38.0000,18.0000
184.8628,92.8730,37.2549,17.6471
185.1533,93.1373,38.0000,18.0000
185.3322,93.3385,37.2549,17.6471
185.3526,93.7321,37.2549,17.6471
184.2133,93.5088,38.7600,18.3600
184.4795,93.8660,39.5352,18.7272
185.8851,94.2279,38.0000,18.0000
185.8544,93.8886,38.0000,18.0000
185.6190,93.5042,38.0000,18.0000
185.8558,92.7948,38.0000,18.0000
186.0803,92.1686,38.0000,18.0000
186.1072,91.7200,38.0000,18.0000
185.6065,91.1291,38.0000,18.0000
184.3138,90.3419,39.5352,18.7272
184.2588,90.0872,39.5352,18.7272
185.2421,90.2768,38.0000,18.0000
184.3354,89.9834,39.5352,18.7272
185.4395,90.1160,38.0000,18.0000
184.5835,89.8355,39.5352,18.7272
184.6430,89.3703,38.7600,18.3600
186.0797,89.7610,38.0000,18.0000
186.0592,89.5149,38.0000,18.0000
185.7972,88.9819,37.2549,17.6471
184.7874,88.5718,38.7600,18.3600
184.6888,88.2641,38.7600,18.3600
184.5693,88.2528,39.5352,18.7272
184.3127,88.4634,39.5352,18.7272
183.9310,88.7849,39.5352,18.7272
183.9808,88.8568,38.7600,18.3600
184.5914,89.3103,37.2549,17.6471
183.4708,89.2327,38.7600,18.3600
183.1931,89.4881,38.7600,18.3600
183.1497,90.4163,39.5352,18.7272
182.4204,90.8350,39.5352,18.7272
182.5597,90.8978,38.7600,18.3600
183.5856,91.3185,37.2549,17.6471
183.3253,91.2392,37.2549,17.6471
183.6748,91.4297,36.5244,17.3010
182.8449,91.1146,37.2549,17.6471
181.6855,90.7197,38.7600,18.3600
181.4043,90.6987,38.7600,18.3600
181.2353,90.6244,39.5352,18.7272
181.1748,89.9356,39.5352,18.7272
182.5331,89.9016,38.0000,18.0000
182.1671,89.2442,39.5352,18.7272
182.5222,89.0175,39.5352,18.7272
182.7960,88.7296,38.7600,18.3600
182.9009,88.7317,38.7600,18.3600
183.9428,89.1193,37.2549,17.6471
182.7036,88.7899,38.7600,18.3600
182.3130,88.9991,39.5352,18.7272
181.0729,87.7406,41.1324,19.4838
180.2160,87.0393,42.7942,20.2709
180.1715,87.0642,42.7942,20.2709
180.3360,87.0195,42.7942,20.2709
181.2567,87.3496,41.1324,19.4838
181.1262,87.7115,41.1324,19.4838
182.2516,88.3462,39.5352,18.7272
182.9686,89.0486,38.0000,18.0000
181.6382,88.9030,39.5352,18.7272
181.1812,88.2779,38.7600,18.3600
182.6265,87.9764,38.0000,18.0000
182.3702,87.8158,38.0000,18.0000
182.4540,87.4227,38.0000,18.0000
181.4004,86.8102,38.7600,18.3600
181.4088,86.7551,38.7600,18.3600
181.3974,87.0456,39.5352,18.7272
181.2085,87.0036,39.5352,18.7272
181.1295,86.8110,39.5352,18.7272
182.0620,86.9736,38.0000,18.0000
181.9097,86.6001,38.0000,18.0000
180.5380,86.0854,39.5352,18.7272
181.0037,86.0574,38.7600,18.3600
181.8510,86.5785,39.5352,18.7272
181.1493,86.4282,41.1324,19.4838
182.8519,87.0529,39.5352,18.7272
182.3751,86.3553,40.3259,19.1017
183.6791,86.6486,38.7600,18.3600
184.5105,86.6150,39.5352,18.7272
184.6191,85.9983,39.5352,18.7272
185.1088,85.7501,39.5352,18.7272
184.1057,85.5516,41.1324,19.4838
183.9031,85.4623,41.1324,19.4838
184.8398,85.8490,39.5352,18.7272
186.2736,85.9375,38.0000,18.0000
186.4640,85.7100,38.0000,18.0000
186.6402,85.7370,38.0000,18.0000
186.1673,85.4615,39.5352,18.7272
187.2676,85.6280,38.0000,18.0000
187.7018,85.6598,38.0000,18.0000
188.3756,85.5801,38.0000,18.0000
187.4672,85.3732,39.5352,18.7272
189.0194,85.7169,38.0000,18.0000
188.0757,84.9899,38.7600,18.3600
188.1039,85.0194,38.7600,18.3600
188.1237,84.9675,38.7600,18.3600
188.2134,85.0048,38.7600,18.3600
188.2331,84.9592,38.7600,18.3600
189.1590,85.1785,37.2549,17.6471
188.4553,84.7299,38.7600,18.3600
187.8757,84.1540,40.3259,19.1017
188.0458,84.2171,40.3259,19.1017
189.3337,84.7777,39.5352,18.7272
188.3094,84.1406,40.3259,19.1017
188.3562,84.1463,41.1324,19.4838
189.0843,84.4157,39.5352,18.7272
187.7008,83.9826,41.1324,19.4838
187.4215,83.6797,41.1324,19.4838
186.3367,82.8500,41.9551,19.8735
187.4412,83.6546,41.1324,19.4838
185.9996,83.4234,42.7942,20.2709
184.6023,83.0939,43.6501,20.6763
185.5841,83.5948,41.9551,19.8735
185.3911,84.0393,42.7942,20.2709
185.3297,84.0472,42.7942,20.2709
186.5706,84.3653,41.1324,19.4838
185.4036,83.7705,42.7942,20.2709
185.1178,83.2757,42.7942,20.2709
185.9418,83.5168,41.1324,19.4838
184.6634,83.1824,42.7942,20.2709
183.5909,82.9828,42.7942,20.2709
184.3707,83.2771,41.1324,19.4838
183.0902,82.5115,42.7942,20.2709
182.9967,81.7649,42.7942,20.2709
184.5062,82.1601,41.1324,19.4838
185.1973,81.9875,41.1324,19.4838
184.5886,81.3531,41.9551,19.8735
184.1316,80.8899,43.6501,20.6763
184.3515,80.6455,43.6501,20.6763
185.4248,81.2563,42.7942,20.2709
186.7118,81.3039,41.1324,19.4838
185.5802,80.4583,42.7942,20.2709
185.7290,80.1852,42.7942,20.2709
185.7017,80.3314,42.7942,20.2709
184.8398,80.0875,43.6501,20.6763
184.7273,80.7086,43.6501,20.6763
185.2482,80.9669,43.6501,20.6763
185.3091,81.3686,43.6501,20.6763
186.9830,82.4360,41.9551,19.8735
187.3175,82.5395,41.9551,19.8735
188.2581,82.4432,42.7942,20.2709
189.0814,81.4890,41.9551,19.8735
189.6631,81.3422,42.7942,20.2709
189.3062,80.6552,43.6501,20.6763
190.0627,80.4030,42.7942,20.2709
189.5317,79.4468,44.5231,21.0899
188.4472,78.4430,46.3218,21.9419
188.5796,77.9267,47.2482,22.3807
189.0276,78.1502,47.2482,22.3807
189.8557,78.3026,46.3218,21.9419
190.2051,78.5727,46.3218,21.9419
191.4104,79.9880,45.4135,21.5117
189.0884,79.8481,47.2482,22.3807
188.6926,80.3850,47.2482,22.3807
188.7465,81.0919,46.3218,21.9419
188.3533,81.2482,46.3218,21.9419
187.1684,80.8655,48.1932,22.8284
187.4127,80.5840,46.3218,21.9419
185.6900,80.5963,48.1932,22.8284
183.6776,79.6802,50.1402,23.7506
185.9195,80.6053,48.1932,22.8284
186.9726,80.8065,48.1932,22.8284
187.6755,80.7214,47.2482,22.3807
188.4207,81.0704,49.1571,23.2849
190.4630,81.2212,48.1932,22.8284
191.7971,81.2002,48.1932,22.8284
193.0216,80.8449,47.2482,22.3807
192.9834,80.6765,49.1571,23.2849
194.4782,80.2569,48.1932,22.8284
195.8962,79.1563,48.1932,22.8284
196.7100,78.5094,48.1932,22.8284
198.2828,77.8638,47.2482,22.3807
199.5544,76.8691,48.1932,22.8284
200.6774,76.3871,49.1571,23.2849
202.9032,75.9595,48.1932,22.8284
204.7547,75.5739,48.1932,22.8284
203.9834,74.6229,50.1402,23.7506
203.2468,73.6290,52.1659,24.7101
204.9427,73.6012,50.1402,23.7506
205.8692,73.5565,50.1402,23.7506
205.7990,73.2518,51.1430,24.2256
205.9292,73.5042,51.1430,24.2256
204.5127,73.5729,52.1659,24.7101
204.0856,74.4560,52.1659,24.7101
203.7916,74.6479,53.2092,25.2043
205.2796,75.3948,51.1430,24.2256
203.4182,75.2889,53.2092,25.2043
204.6754,75.7610,51.1430,24.2256
205.6533,76.0401,50.1402,23.7506
204.9735,75.8305,51.1430,24.2256
203.4591,75.7345,53.2092,25.2043
203.7269,75.3752,52.1659,24.7101
203.4219,75.0492,52.1659,24.7101
204.5838,74.4416,50.1402,23.7506
203.0786,73.5119,52.1659,24.7101
203.5895,73.5701,51.1430,24.2256
202.8893,73.0869,52.1659,24.7101
201.3034,72.9632,54.2734,25.7084
202.3302,73.2870,52.1659,24.7101
200.5265,73.7592,53.2092,25.2043
201.4039,74.3985,51.1430,24.2256
200.3425,74.4302,51.1430,24.2256
200.7613,74.7365,50.1402,23.7506
199.9042,74.5410,51.1430,24.2256
200.1711,75.2196,50.1402,23.7506
200.1690,75.1645,50.1402,23.7506
199.9387,75.2126,50.1402,23.7506
199.0036,74.5057,51.1430,24.2256
199.6318,74.5574,50.1402,23.7506
198.3209,73.7074,52.1659,24.7101
197.5630,72.6849,53.2092,25.2043
197.2791,71.9214,54.2734,25.7084
196.3260,71.2995,56.4660,26.7471
196.1217,71.4246,56.4660,26.7471
197.9277,72.1479,54.2734,25.7084
196.6889,72.0643,56.4660,26.7471
196.7859,72.0723,56.4660,26.7471
196.9911,71.9092,56.4660,26.7471
198.7357,72.7018,54.2734,25.7084
200.1976,72.4468,52.1659,24.7101
199.5398,71.8973,53.2092,25.2043
199.7897,70.9015,53.2092,25.2043
199.9947,70.4613,53.2092,25.2043
198.9021,69.5730,55.3588,26.2226
196.9560,68.8005,57.5953,27.2820
198.0776,68.5899,56.4660,26.7471
197.0468,67.9224,58.7472,27.8276
199.1374,68.5748,56.4660,26.7471
199.0609,68.9979,57.5953,27.2820
200.1001,69.8230,56.4660,26.7471
199.1178,70.1754,57.5953,27.2820
200.5818,71.3708,55.3588,26.2226
198.8977,71.4749,57.5953,27.2820
197.4424,71.8056,58.7472,27.8276
197.3519,71.9456,57.5953,27.2820
196.7004,71.5396,59.9222,28.3842
194.5091,70.2292,62.3430,29.5309
196.8230,71.2799,59.9222,28.3842
197.3528,71.1110,57.5953,27.2820
198.1719,71.5089,56.4660,26.7471
197.8345,71.1792,57.5953,27.2820
198.6876,71.1241,57.5953,27.2820
198.5103,72.0332,57.5953,27.2820
198.6291,72.3708,57.5953,27.2820
198.8122,72.8056,57.5953,27.2820
200.2948,73.2540,55.3588,26.2226
198.6757,73.2081,57.5953,27.2820
197.9316,73.8439,57.5953,27.2820
197.4812,73.8015,57.5953,27.2820
196.6525,73.4456,58.7472,27.8276
197.1521,73.7107,57.5953,27.2820
196.9544,73.9145,57.5953,27.2820
195.2146,73.4063,59.9222,28.3842
192.4355,72.0171,62.3430,29.5309
194.5486,72.2145,59.9222,28.3842
193.3763,71.8283,61.1206,28.9519
190.8235,70.6119,63.5899,30.1215
189.8089,69.9346,63.5899,30.1215
189.1021,70.1916,63.5899,30.1215
189.2703,70.4442,62.3430,29.5309
189.1828,70.6592,62.3430,29.5309
187.7588,70.8328,63.5899,30.1215
187.3869,70.8967,63.5899,30.1215
189.4384,71.5795,61.1206,28.9519
186.6867,70.8239,63.5899,30.1215
188.0937,72.2061,61.1206,28.9519
188.1008,72.9370,59.9222,28.3842
185.2187,71.7779,62.3430,29.5309
187.4132,72.8395,59.9222,28.3842
184.7751,72.4847,62.3430,29.5309
184.1301,72.9735,63.5899,30.1215
183.6802,73.3424,63.5899,30.1215
183.7604,73.5680,63.5899,30.1215
184.3775,74.4978,62.3430,29.5309
183.7704,74.8276,63.5899,30.1215
182.8994,75.4523,63.5899,30.1215
182.6556,76.3984,63.5899,30.1215
183.5782,76.8731,62.3430,29.5309
182.7958,76.9634,63.5899,30.1215
185.1583,78.7448,61.1206,28.9519
183.5810,78.3072,62.3430,29.5309
182.9316,78.1874,63.5899,30.1215
182.4816,77.6171,63.5899,30.1215
181.9032,78.0785,63.5899,30.1215
181.2355,78.4992,63.5899,30.1215
180.0329,78.8161,63.5899,30.1215
180.0458,79.0981,63.5899,30.1215
179.5387,79.8971,63.5899,30.1215
179.9441,80.9156,63.5899,30.1215
179.3681,81.7950,63.5899,30.1215
178.9244,82.2613,63.5899,30.1215
178.8402,82.2123,63.5899,30.1215
178.9824,82.0826,63.5899,30.1215
178.5310,82.0969,63.5899,30.1215
178.2328,82.1116,63.5899,30.1215
180.4211,82.7218,61.1206,28.9519
178.7033,81.4582,63.5899,30.1215
179.1233,81.6833,63.5899,30.1215
179.5623,82.0795,63.5899,30.1215
179.5589,82.4276,63.5899,30.1215
180.3678,82.4330,63.5899,30.1215
179.7067,82.0564,66.1589,31.3384
181.1037,82.6070,66.1589,31.3384
181.5626,83.0900,66.1589,31.3384
183.1115,83.8682,64.8617,30.7240
184.3529,83.1413,63.5899,30.1215
184.4994,83.0106,64.8617,30.7240
185.4087,82.3232,63.5899,30.1215
186.5788,81.9093,63.5899,30.1215
187.3681,81.0690,63.5899,30.1215
188.0017,79.6677,63.5899,30.1215
190.8332,80.2266,61.1206,28.9519
188.5709,78.8994,63.5899,30.1215
185.9969,78.3071,66.1589,31.3384
183.6190,77.4196,68.8317,32.6045
184.7604,77.7417,66.1589,31.3384
185.4468,78.5748,66.1589,31.3384
186.2978,79.5735,63.5899,30.1215
184.2896,79.2118,66.1589,31.3384
186.7005,79.5066,63.5899,30.1215
187.8522,79.0827,63.5899,30.1215
188.3860,79.5513,63.5899,30.1215
188.5021,79.2424,63.5899,30.1215
186.7219,77.8730,66.1589,31.3384
184.9215,75.9591,68.8317,32.6045
187.3462,76.4516,66.1589,31.3384
187.2513,76.3736,66.1589,31.3384
186.9528,75.8489,66.1589,31.3384
187.1666,75.6817,66.1589,31.3384
187.7591,75.8482,66.1589,31.3384
188.2214,77.0028,66.1589,31.3384
188.3231,78.2576,66.1589,31.3384
187.8955,79.1522,66.1589,31.3384
189.4725,79.8676,63.5899,30.1215
189.7262,81.0493,63.5899,30.1215
187.3159,80.5916,66.1589,31.3384
188.7171,81.6892,63.5899,30.1215
187.6535,81.4008,64.8617,30.7240
187.9866,81.0075,63.5899,30.1215
185.1834,80.2437,66.1589,31.3384
183.1573,80.4436,68.8317,32.6045
181.3810,80.4780,70.2084,33.2566
180.2999,79.9634,70.2084,33.2566
180.0829,78.9434,70.2084,33.2566
179.2154,79.0297,68.8317,32.6045
177.5543,78.6429,71.6125,33.9217
175.7763,78.7812,71.6125,33.9217
175.3275,78.1616,71.6125,33.9217
174.7042,77.8510,71.6125,33.9217
173.8770,77.6458,73.0448,34.6002
175.5603,77.5383,70.2084,33.2566
174.2152,76.3292,73.0448,34.6002
171.4392,74.6049,75.9958,35.9980
172.4794,75.2300,75.9958,35.9980
173.3928,75.3728,75.9958,35.9980
175.7069,76.0922,74.5057,35.2922
177.4579,76.5443,73.0448,34.6002
178.6683,76.6606,73.0448,34.6002
178.4556,76.8871,74.5057,35.2922
176.8450,76.5604,75.9958,35.9980
177.3807,76.8868,75.9958,35.9980
179.4565,77.6170,74.5057,35.2922
178.6492,76.9883,75.9958,35.9980
179.2827,77.4976,75.9958,35.9980
178.7365,77.5082,77.5157,36.7180
180.8131,78.2177,74.5057,35.2922
177.6761,75.8311,77.5157,36.7180
179.7927,76.2080,75.9958,35.9980
180.0005,76.1326,75.9958,35.9980
180.0499,76.1289,75.9958,35.9980
179.1629,75.8424,77.5157,36.7180
179.7459,75.5074,75.9958,35.9980
180.8446,76.3801,74.5057,35.2922
179.5450,76.1012,74.5057,35.2922
179.4925,75.7599,73.0448,34.6002
178.7869,74.2314,74.5057,35.2922
178.5203,73.7864,74.5057,35.2922
176.9244,72.8960,75.9958,35.9980
176.4098,72.9393,75.9958,35.9980
175.3238,72.6274,77.5157,36.7180
173.8924,72.2893,79.0660,37.4523
173.3460,72.5834,79.0660,37.4523
174.0342,73.0846,77.5157,36.7180
174.0326,73.2663,75.9958,35.9980
175.0033,74.3677,74.5057,35.2922
174.1118,73.9093,74.5057,35.2922
173.3937,74.0111,74.5057,35.2922
172.8280,73.9552,74.5057,35.2922
171.9308,73.9684,74.5057,35.2922
171.6055,73.8389,74.5057,35.2922
171.9435,73.1642,74.5057,35.2922
171.2760,73.7978,74.5057,35.2922
172.1634,73.8986,71.6125,33.9217
170.2444,73.0278,74.5057,35.2922
168.3521,70.9982,77.5157,36.7180
168.4678,70.7982,77.5157,36.7180
171.4505,71.0092,74.5057,35.2922
171.8036,70.2603,74.5057,35.2922
169.6777,68.5783,77.5157,36.7180
172.0203,69.1452,75.9958,35.9980
173.0834,68.8222,75.9958,35.9980
174.4676,68.9860,75.9958,35.9980
174.9954,68.8729,75.9958,35.9980
178.0066,69.5308,73.0448,34.6002
176.3240,67.0497,75.9958,35.9980
174.0107,66.7836,79.0660,37.4523
174.2177,67.4008,75.9958,35.9980
174.4379,68.3525,74.5057,35.2922
170.1894,67.0817,77.5157,36.7180
169.4888,67.1771,77.5157,36.7180
170.0718,68.9748,74.5057,35.2922
167.7631,68.6493,75.9958,35.9980
168.7064,70.0186,74.5057,35.2922
167.6208,69.7308,74.5057,35.2922
164.9115,68.7625,75.9958,35.9980
164.7314,69.1228,75.9958,35.9980
166.2463,68.8181,74.5057,35.2922
164.6851,66.8941,75.9958,35.9980
165.4631,66.7310,75.9958,35.9980
165.5555,66.7503,75.9958,35.9980
165.6910,67.3625,77.5157,36.7180
167.8038,68.5911,74.5057,35.2922
168.7192,68.2730,73.0448,34.6002
168.8037,68.0613,71.6125,33.9217
167.7631,68.2490,74.5057,35.2922
166.7741,69.0439,74.5057,35.2922
164.3871,68.2384,77.5157,36.7180
167.4623,69.0642,74.5057,35.2922
164.9644,67.9371,77.5157,36.7180
168.0144,69.4164,74.5057,35.2922
170.3078,69.5667,71.6125,33.9217
171.0403,68.4720,73.0448,34.6002
169.5757,65.8554,75.9958,35.9980
171.4269,66.5245,74.5057,35.2922
172.3763,66.6276,73.0448,34.6002
173.1690,67.4170,70.2084,33.2566
171.1390,66.0034,73.0448,34.6002
169.7395,64.5688,74.5057,35.2922
169.7134,64.7661,74.5057,35.2922
170.8219,65.0240,73.0448,34.6002
170.8836,63.9841,71.6125,33.9217
171.1035,62.9237,74.5057,35.2922
173.6067,63.1569,71.6125,33.9217
173.5600,63.4100,71.6125,33.9217
173.9042,62.7298,71.6125,33.9217
174.7568,62.6557,70.2084,33.2566
175.8323,60.8805,70.2084,33.2566
174.0682,59.8258,73.0448,34.6002
172.1737,58.5423,75.9958,35.9980
172.3550,58.6048,75.9958,35.9980
174.8639,59.7606,73.0448,34.6002
172.9051,59.1068,75.9958,35.9980
172.5513,59.4722,77.5157,36.7180
174.8333,60.4626,74.5057,35.2922
176.0462,60.0203,71.6125,33.9217
177.2697,59.3093,73.0448,34.6002
179.1196,58.8656,71.6125,33.9217
179.4349,59.6482,71.6125,33.9217
178.8917,58.5602,74.5057,35.2922
180.1179,58.4386,74.5057,35.2922
181.1853,58.3316,74.5057,35.2922
182.6223,59.4898,71.6125,33.9217
184.4591,60.7985,68.8317,32.6045
185.8414,62.0434,67.4821,31.9652
184.0547,62.0604,68.8317,32.6045
182.6822,61.8070,71.6125,33.9217
184.4057,63.8924,70.2084,33.2566
183.5845,64.6396,71.6125,33.9217
183.4024,64.9767,71.6125,33.9217
185.6288,65.4475,68.8317,32.6045
186.9532,65.8351,66.1589,31.3384
184.7996,65.2504,68.8317,32.6045
183.2214,64.9346,70.2084,33.2566
182.3584,64.6570,70.2084,33.2566
180.3583,63.0941,73.0448,34.6002
181.4981,63.8976,70.2084,33.2566
179.2010,63.8901,71.6125,33.9217
178.5808,64.3519,73.0448,34.6002
179.0373,64.2413,71.6125,33.9217
179.8378,64.2673,71.6125,33.9217
179.0382,64.5879,74.5057,35.2922
179.3597,66.0162,73.0448,34.6002
179.1097,66.5991,74.5057,35.2922
178.7973,67.1281,73.0448,34.6002
177.5668,66.7296,74.5057,35.2922
177.4259,67.1763,71.6125,33.9217
177.8631,66.7889,70.2084,33.2566
176.9131,66.3481,70.2084,33.2566
174.9555,65.2298,73.0448,34.6002
174.5988,65.7435,71.6125,33.9217
171.8272,66.5097,74.5057,35.2922
170.8293,68.1070,71.6125,33.9217
168.5502,67.9832,71.6125,33.9217
167.0595,67.9955,71.6125,33.9217
165.0291,68.1284,71.6125,33.9217
163.4733,67.7562,71.6125,33.9217
162.9277,67.7697,71.6125,33.9217
164.3422,67.9500,70.2084,33.2566
164.2779,67.0771,71.6125,33.9217
166.0989,68.1036,70.2084,33.2566
166.8169,68.6985,68.8317,32.6045
166.7509,67.4088,70.2084,33.2566
167.3595,66.3369,68.8317,32.6045
169.5946,65.9709,67.4821,31.9652
170.0427,66.1391,66.1589,31.3384
169.5555,66.5144,66.1589,31.3384
168.9795,67.3754,67.4821,31.9652
169.4251,66.9964,66.1589,31.3384
171.0896,68.0135,63.5899,30.1215
169.2203,67.5438,66.1589,31.3384
169.7847,67.4413,66.1589,31.3384
172.3086,67.7701,63.5899,30.1215
172.0020,67.1601,66.1589,31.3384
174.3851,68.8198,63.5899,30.1215
173.1061,69.1325,66.1589,31.3384
174.7052,69.5531,63.5899,30.1215
175.0500,68.3126,63.5899,30.1215
174.8138,67.1981,63.5899,30.1215
174.4458,66.5948,63.5899,30.1215
172.5039,64.7918,66.1589,31.3384
174.0771,65.0323,63.5899,30.1215
172.3862,64.6190,66.1589,31.3384
173.7954,66.4275,63.5899,30.1215
175.1441,68.5566,61.1206,28.9519
172.3653,68.8266,63.5899,30.1215
171.8013,68.8876,63.5899,30.1215
170.0213,68.5749,66.1589,31.3384
171.3120,69.7771,63.5899,30.1215
170.8814,71.1026,62.3430,29.5309
169.7310,71.0298,63.5899,30.1215
169.5363,71.1342,63.5899,30.1215
168.9948,71.8894,63.5899,30.1215
169.7937,73.8818,61.1206,28.9519
166.7434,72.7761,63.5899,30.1215
165.4310,72.7886,63.5899,30.1215
165.5870,73.3112,63.5899,30.1215
165.2204,73.5610,63.5899,30.1215
164.4562,74.6604,63.5899,30.1215
164.4705,75.3756,63.5899,30.1215
164.1465,76.1250,63.5899,30.1215
164.2010,77.3427,62.3430,29.5309
162.5390,78.0911,63.5899,30.1215
162.2560,79.3750,62.3430,29.5309
161.3390,79.4184,63.5899,30.1215
161.1531,79.5896,63.5899,30.1215
163.0042,80.9489,61.1206,28.9519
163.7699,82.0202,59.9222,28.3842
161.8820,82.1489,62.3430,29.5309
161.5259,83.5451,62.3430,29.5309
161.4113,84.1248,62.3430,29.5309
162.6800,86.0992,59.9222,28.3842
162.5070,86.7615,59.9222,28.3842
162.7175,87.7536,57.5953,27.2820
164.1454,89.3788,55.3588,26.2226
163.2947,90.6776,55.3588,26.2226
161.2536,91.4768,57.5953,27.2820
161.6705,93.5419,55.3588,26.2226
161.9442,95.5057,53.2092,25.2043
159.5977,95.6558,55.3588,26.2226
159.9451,97.3283,53.2092,25.2043
160.4782,98.5857,51.1430,24.2256
159.9609,99.7151,51.1430,24.2256
158.7279,100.0757,52.1659,24.7101
158.4270,100.1788,52.1659,24.7101
159.4129,101.2509,51.1430,24.2256
159.9448,101.8694,51.1430,24.2256
159.5695,102.0080,52.1659,24.7101
160.2409,102.5765,52.1659,24.7101
161.5723,103.3950,51.1430,24.2256
160.9306,104.1948,52.1659,24.7101
161.2422,105.2603,51.1430,24.2256
161.5003,106.1014,50.1402,23.7506
162.0295,107.4452,49.1571,23.2849
160.5285,107.6628,50.1402,23.7506
160.1740,108.5146,50.1402,23.7506
159.8087,109.6268,50.1402,23.7506
159.7339,110.6348,50.1402,23.7506
159.0958,111.5933,51.1430,24.2256
159.2193,112.6954,50.1402,23.7506
157.7548,113.3929,51.1430,24.2256
157.6858,114.0883,50.1402,23.7506
156.7241,114.1533,51.1430,24.2256
157.3304,114.5105,50.1402,23.7506
157.0522,114.9213,50.1402,23.7506
158.9541,116.1628,48.1932,22.8284
159.6002,116.4453,46.3218,21.9419
159.4454,117.0390,46.3218,21.9419
158.5923,118.0631,47.2482,22.3807
159.2428,118.6610,46.3218,21.9419
158.8800,119.3931,46.3218,21.9419
158.7834,119.8786,46.3218,21.9419
158.6966,120.3602,46.3218,21.9419
158.7458,120.9758,46.3218,21.9419
158.9113,122.0850,46.3218,21.9419
158.5986,122.2002,47.2482,22.3807
159.4206,122.4495,46.3218,21.9419
161.4421,123.3591,44.5231,21.0899
161.8865,123.3244,43.6501,20.6763
162.9392,123.9390,42.7942,20.2709
163.3961,124.0230,42.7942,20.2709
163.1317,123.2876,43.6501,20.6763
163.4364,123.5607,44.5231,21.0899
163.7120,123.4977,43.6501,20.6763
165.3950,123.7761,41.9551,19.8735
165.3592,124.2150,42.7942,20.2709
165.0496,124.1144,43.6501,20.6763
166.1012,125.5671,42.7942,20.2709
166.4888,125.9702,41.9551,19.8735
166.5076,127.4971,42.7942,20.2709
166.7273,128.2922,42.7942,20.2709
167.5666,130.2081,41.1324,19.4838
166.5258,130.5652,41.9551,19.8735
166.1230,131.8758,42.7942,20.2709
166.0504,132.4642,42.7942,20.2709
167.0334,132.9971,41.1324,19.4838
167.7122,133.3700,39.5352,18.7272
168.2206,133.7141,38.0000,18.0000
166.7349,133.7796,39.5352,18.7272
166.5860,133.9620,39.5352,18.7272
166.2422,133.8148,38.7600,18.3600
166.2646,134.1484,39.5352,18.7272
166.7098,134.9310,38.0000,18.0000
165.6360,134.5221,38.7600,18.3600
166.3876,135.0971,38.0000,18.0000
166.2588,135.0114,38.0000,18.0000
166.3300,135.0013,38.0000,18.0000
165.0329,134.7056,38.7600,18.3600
165.8478,135.0508,37.2549,17.6471
166.2334,135.0346,37.2549,17.6471
165.1762,134.8515,38.7600,18.3600
166.3187,134.9877,37.2549,17.6471
168.0251,135.7008,35.8082,16.9618
168.3530,135.6288,35.8082,16.9618
169.3531,135.2684,35.8082,16.9618
168.6827,134.3104,36.5244,17.3010
169.4363,134.3391,36.5244,17.3010
169.4963,134.5425,36.5244,17.3010
169.5049,134.7284,36.5244,17.3010
170.6983,135.1141,35.1061,16.6292
170.8555,135.8996,35.8082,16.9618
171.6291,135.6853,34.4178,16.3032
171.5877,135.7513,35.1061,16.6292
172.5749,135.9518,34.4178,16.3032
173.3289,136.0231,34.4178,16.3032
173.7082,136.1412,34.4178,16.3032
174.6313,136.9345,34.4178,16.3032
174.8327,136.9555,35.1061,16.6292
176.4519,137.7595,33.7429,15.9835
177.6044,137.7383,33.0813,15.6701
177.5490,136.6047,34.4178,16.3032
179.7341,137.2193,33.0813,15.6701
180.0283,137.0937,31.7967,15.0616
180.9973,137.1493,33.0813,15.6701
181.4537,137.2256,33.0813,15.6701
182.5031,137.1316,31.7967,15.0616
183.3844,137.5546,32.4326,15.3628
183.5922,137.6338,31.1732,14.7663
184.4330,138.1524,30.5620,14.4767
184.9210,138.2267,30.5620,14.4767
186.1595,138.7402,29.9627,14.1929
185.4105,138.1439,30.5620,14.4767
185.8177,137.8223,30.5620,14.4767
186.1458,137.5587,30.5620,14.4767
187.9486,138.0490,29.3752,13.9146
188.1453,137.8767,29.3752,13.9146
189.3883,138.1170,28.2346,13.3743
189.0462,137.3237,29.3752,13.9146
190.1732,136.8342,29.3752,13.9146
191.3832,136.0563,29.9627,14.1929
192.4301,135.9817,28.7993,13.6418
191.8365,135.5719,29.9627,14.1929
190.9514,135.0134,30.5620,14.4767
192.3660,134.7503,29.9627,14.1929
193.4514,134.2841,29.3752,13.9146
194.9325,134.1909,28.7993,13.6418
196.0714,134.2431,28.7993,13.6418
196.9912,134.3890,28.7993,13.6418
197.2588,134.7699,29.3752,13.9146
196.7193,134.8186,30.5620,14.4767
197.0657,134.8080,30.5620,14.4767
197.6215,134.9008,30.5620,14.4767
199.4286,135.7300,29.3752,13.9146
200.1653,135.9535,28.7993,13.6418
200.7267,136.0735,28.7993,13.6418
201.6522,136.2814,27.6809,13.1120
203.5131,136.4747,26.6061,12.6029
202.9004,136.7306,27.6809,13.1120
203.8401,138.0059,27.1382,12.8549
203.9683,137.9718,28.2346,13.3743
203.9582,137.9959,28.7993,13.6418
204.5353,139.1789,27.6809,13.1120
204.2927,139.7202,28.2346,13.3743
204.3387,140.0276,28.2346,13.3743
205.1848,140.5746,27.1382,12.8549
205.0381,140.4585,27.6809,13.1120
203.9451,141.4427,28.7993,13.6418
203.1981,141.6889,29.9627,14.1929
202.7148,141.3340,30.5620,14.4767
203.1538,141.8157,30.5620,14.4767
203.9016,142.5877,30.5620,14.4767
204.9873,142.7786,30.5620,14.4767
205.7728,142.8873,30.5620,14.4767
207.7158,143.7506,29.3752,13.9146
208.8361,143.6810,29.3752,13.9146
210.2348,143.9200,28.2346,13.3743
210.7899,143.6871,29.3752,13.9146
211.8353,143.8050,29.3752,13.9146
213.3175,144.0763,28.2346,13.3743
214.0766,144.2317,28.7993,13.6418
214.5414,144.9549,28.2346,13.3743
214.8402,145.7634,28.2346,13.3743
215.4736,146.0984,28.2346,13.3743
215.4492,145.7798,29.3752,13.9146
216.3668,147.5104,28.2346,13.3743
216.1816,147.9944,28.7993,13.6418
217.2891,149.0293,28.2346,13.3743
217.1739,149.9122,28.2346,13.3743
217.0731,149.8187,28.7993,13.6418
217.5032,149.9640,28.7993,13.6418
217.4131,150.0506,28.7993,13.6418
218.4069,150.1895,28.2346,13.3743
218.7788,150.1829,28.2346,13.3743
217.8089,149.8078,29.3752,13.9146
217.9388,149.6275,29.9627,14.1929
217.3043,148.9474,30.5620,14.4767
217.7069,148.7182,30.5620,14.4767
217.9211,148.3080,30.5620,14.4767
219.2001,147.9617,29.9627,14.1929
220.1803,148.0425,28.7993,13.6418
219.9722,147.6319,29.9627,14.1929
219.7525,146.8724,30.5620,14.4767
221.3768,147.3849,29.3752,13.9146
220.5993,146.2436,30.5620,14.4767
221.0135,145.8244,30.5620,14.4767
222.8441,146.3087,29.3752,13.9146
223.7348,146.1357,28.7993,13.6418
224.6756,146.3376,27.6809,13.1120
224.3056,146.0869,28.7993,13.6418
225.1409,146.3195,27.6809,13.1120
224.7405,145.9604,28.7993,13.6418
225.7982,145.7111,27.6809,13.1120
225.6890,144.3405,28.7993,13.6418
225.5437,143.8754,29.9627,14.1929
226.1574,143.8284,29.9627,14.1929
226.8734,143.6856,29.9627,14.1929
228.2868,143.9595,28.7993,13.6418
229.3439,144.2209,28.2346,13.3743
229.6757,143.5410,29.3752,13.9146
230.4226,142.8576,29.9627,14.1929
231.3814,142.0709,29.9627,14.1929
232.1305,141.8927,29.3752,13.9146
233.3972,142.1062,28.2346,13.3743
233.4221,141.8794,28.7993,13.6418
234.0515,141.7492,29.3752,13.9146
233.4740,140.9418,30.5620,14.4767
235.2043,141.7318,29.3752,13.9146
236.6420,141.9493,28.2346,13.3743
237.6406,141.1791,28.7993,13.6418
238.7718,140.5853,28.7993,13.6418
239.2898,139.8749,29.3752,13.9146
239.9019,139.9274,29.3752,13.9146
240.7006,139.4792,29.3752,13.9146
240.7742,138.3322,30.5620,14.4767
242.9893,138.4540,29.9627,14.1929
242.8634,137.4471,30.5620,14.4767
244.5555,138.0843,29.3752,13.9146
244.9542,137.9018,29.3752,13.9146
244.8747,136.8633,30.5620,14.4767
246.6287,136.5434,29.3752,13.9146
245.6791,135.1735,30.5620,14.4767
245.4093,134.9845,30.5620,14.4767
245.3641,134.8547,30.5620,14.4767
245.3741,134.6624,30.5620,14.4767
245.7499,134.5577,30.5620,14.4767
247.5264,134.4985,29.9627,14.1929
247.9829,134.1360,29.9627,14.1929
247.4859,133.4794,30.5620,14.4767
248.8698,134.0674,29.3752,13.9146
249.4482,133.9314,29.3752,13.9146
247.8177,133.0951,30.5620,14.4767
249.3361,133.8415,29.3752,13.9146
248.4597,132.9543,30.5620,14.4767
249.7505,133.5939,29.9627,14.1929
249.0465,132.9567,30.5620,14.4767
250.2915,133.5102,29.9627,14.1929
249.4176,132.8618,30.5620,14.4767
249.3521,132.7984,30.5620,14.4767
249.4725,132.8004,30.5620,14.4767
249.4348,132.5743,30.5620,14.4767
250.5568,133.0248,29.3752,13.9146
250.8784,133.4562,28.2346,13.3743
249.8303,133.2675,29.3752,13.9146
250.0197,133.4078,28.7993,13.6418
249.6014,133.4143,28.7993,13.6418
248.9638,133.6507,28.7993,13.6418
248.5642,133.8197,28.7993,13.6418
248.0935,133.6804,29.3752,13.9146
247.3110,133.5584,29.9627,14.1929
246.5357,133.1362,30.5620,14.4767
246.6510,133.1175,30.5620,14.4767
246.5201,133.1477,30.5620,14.4767
246.3826,133.1164,30.5620,14.4767
246.2739,133.0318,30.5620,14.4767
246.2629,132.9608,30.5620,14.4767
246.9721,133.8328,29.9627,14.1929
247.0738,133.9039,29.3752,13.9146
246.5472,133.7564,29.9627,14.1929
246.2327,133.8079,29.9627,14.1929
245.8990,133.8582,29.3752,13.9146
246.3896,134.0215,28.2346,13.3743
245.4957,133.9294,28.2346,13.3743
244.9200,133.0165,29.3752,13.9146
244.6081,132.6269,28.7993,13.6418
244.0175,131.9685,29.3752,13.9146
243.3348,131.8039,29.3752,13.9146
243.5639,131.9804,28.2346,13.3743
243.0606,130.9970,29.3752,13.9146
243.0117,130.7981,28.7993,13.6418
241.7637,130.1609,29.9627,14.1929
241.8371,129.8218,29.9627,14.1929
241.9788,129.9903,28.7993,13.6418
241.5929,129.8567,29.3752,13.9146
242.3415,130.2115,28.2346,13.3743
242.3156,130.1744,28.2346,13.3743
242.3330,130.2147,28.2346,13.3743
241.9343,130.0628,28.7993,13.6418
241.8896,130.0759,28.7993,13.6418
241.1870,129.9745,29.3752,13.9146
240.7244,130.3537,29.3752,13.9146
241.0526,130.5589,28.2346,13.3743
239.9695,130.4014,29.3752,13.9146
240.1721,130.9302,28.7993,13.6418
239.6185,131.3581,28.7993,13.6418
239.2083,131.8643,28.7993,13.6418
238.8432,131.9545,28.2346,13.3743
238.4180,132.0228,28.7993,13.6418
237.0139,132.3219,29.9627,14.1929
234.7391,132.8650,30.5620,14.4767
235.5841,133.7139,29.3752,13.9146
235.3373,133.5490,29.3752,13.9146
235.4267,133.9009,28.7993,13.6418
235.0223,133.7245,29.3752,13.9146
234.6739,133.7746,29.3752,13.9146
233.7805,133.5807,29.9627,14.1929
234.0116,133.9922,28.7993,13.6418
233.4726,133.8797,29.3752,13.9146
233.1146,133.8551,29.3752,13.9146
232.5302,133.7514,29.9627,14.1929
232.5266,133.7475,28.7993,13.6418
231.3092,133.3188,29.3752,13.9146
231.4634,133.4923,28.7993,13.6418
230.8472,133.3468,29.3752,13.9146
230.4710,133.0972,28.7993,13.6418
230.1358,132.4824,29.3752,13.9146
230.7241,132.6136,28.2346,13.3743
230.2626,132.7610,28.2346,13.3743
229.9037,132.8738,28.2346,13.3743
229.8347,132.7277,28.7993,13.6418
229.7714,132.4415,29.3752,13.9146
229.7993,132.5830,28.7993,13.6418
229.8578,132.5205,28.7993,13.6418
230.2546,132.6929,28.2346,13.3743
230.4010,132.4397,28.2346,13.3743
230.1273,132.1252,28.2346,13.3743
229.7235,132.1138,28.7993,13.6418
230.2661,132.2434,28.2346,13.3743
230.0428,131.8662,29.3752,13.9146
230.3411,131.9411,28.7993,13.6418
230.9037,131.9575,28.7993,13.6418
230.2008,132.0096,29.9627,14.1929
231.2787,132.7619,28.7993,13.6418
231.3214,132.8810,28.7993,13.6418
231.3333,132.9314,28.7993,13.6418
230.9368,133.0548,29.3752,13.9146
231.5220,133.9188,28.2346,13.3743
231.6000,133.7340,29.3752,13.9146
232.3080,134.2091,28.7993,13.6418
232.6274,134.4160,28.7993,13.6418
232.4929,134.9359,28.7993,13.6418
232.7778,135.8194,28.2346,13.3743
233.4737,136.0981,28.2346,13.3743
233.1649,136.2510,28.7993,13.6418
233.2527,137.2503,28.2346,13.3743
233.4442,138.1393,28.2346,13.3743
233.3689,139.2636,28.2346,13.3743
233.6476,140.0236,28.2346,13.3743
233.5581,140.0412,28.7993,13.6418
232.8325,140.8892,29.3752,13.9146
233.0866,142.0214,28.2346,13.3743
233.0647,141.9510,28.7993,13.6418
232.9284,141.9488,28.7993,13.6418
232.3249,141.8498,29.3752,13.9146
231.3781,141.2004,30.5620,14.4767
231.1362,141.3356,30.5620,14.4767
232.1179,142.4440,29.3752,13.9146
230.9130,141.7137,30.5620,14.4767
232.2539,142.6017,29.3752,13.9146
232.6041,142.8194,29.3752,13.9146
232.8501,142.8218,29.3752,13.9146
232.8995,142.4396,29.9627,14.1929
232.4226,141.3443,30.5620,14.4767
232.1857,141.5668,30.5620,14.4767
232.1485,141.8414,30.5620,14.4767
231.8982,141.9025,30.5620,14.4767
231.9542,142.1141,30.5620,14.4767
231.9943,142.1276,30.5620,14.4767
232.1832,142.4202,30.5620,14.4767
232.5066,142.6848,30.5620,14.4767
233.1907,142.6822,30.5620,14.4767
234.0501,142.6896,30.5620,14.4767
234.5030,142.9157,30.5620,14.4767
236.3891,143.9684,29.3752,13.9146
237.4940,144.2245,28.2346,13.3743
238.3988,144.7851,27.1382,12.8549
238.0545,144.4174,28.2346,13.3743
238.9353,145.3334,27.1382,12.8549
238.6521,145.2625,28.2346,13.3743
238.2170,145.5015,29.3752,13.9146
238.7248,146.2267,28.7993,13.6418
239.1119,146.0290,28.7993,13.6418
239.1336,146.3649,28.7993,13.6418
238.9950,147.0173,28.7993,13.6418
238.8206,147.3698,28.7993,13.6418
238.7901,147.2656,28.7993,13.6418
239.1923,147.9905,27.6809,13.1120
238.8818,147.8684,28.7993,13.6418
238.9282,147.9400,28.7993,13.6418
238.5686,148.0120,29.3752,13.9146
238.6233,148.0180,29.3752,13.9146
238.7169,148.1337,29.3752,13.9146
237.3924,147.6348,30.5620,14.4767
238.5538,148.3264,29.3752,13.9146
238.8843,148.1385,28.7993,13.6418
238.8262,148.0067,28.7993,13.6418
239.1757,148.0527,28.2346,13.3743
238.7879,147.9915,28.7993,13.6418
238.7385,148.2002,28.7993,13.6418
238.8133,148.2193,28.7993,13.6418
238.5129,148.0080,28.7993,13.6418
238.2539,147.9335,29.3752,13.9146
237.7163,147.7557,29.3752,13.9146
237.2641,147.5936,29.3752,13.9146
237.6656,147.6545,28.2346,13.3743
237.4980,147.2622,28.7993,13.6418
237.8598,147.4603,28.2346,13.3743
238.1574,147.5361,27.6809,13.1120
237.9380,147.4433,28.2346,13.3743
237.6543,147.4941,28.7993,13.6418
238.2844,148.2157,28.2346,13.3743
237.7487,148.3172,28.7993,13.6418
238.3359,149.2319,27.6809,13.1120
238.2519,150.0050,28.2346,13.3743
237.7298,149.9054,29.3752,13.9146
238.6864,150.6045,28.2346,13.3743
238.9790,151.2047,27.1382,12.8549
238.1976,151.2963,28.2346,13.3743
238.1612,151.1882,28.2346,13.3743
237.6608,151.0310,28.7993,13.6418
237.6713,150.9080,28.7993,13.6418
237.6659,151.0699,28.7993,13.6418
237.5913,151.1150,28.7993,13.6418
237.6019,151.1632,28.7993,13.6418
238.1990,151.7567,28.2346,13.3743
238.4633,151.7781,28.2346,13.3743
238.7640,151.7487,28.2346,13.3743
238.7417,151.9113,28.2346,13.3743
239.7427,152.1816,27.1382,12.8549
239.2488,151.8827,28.2346,13.3743
238.5452,151.6420,29.3752,13.9146
238.9768,151.6914,28.2346,13.3743
238.7983,151.1420,28.7993,13.6418
238.9025,151.0391,28.7993,13.6418
239.2783,150.9734,28.7993,13.6418
239.7154,151.1618,28.2346,13.3743
239.7353,151.1898,28.2346,13.3743
239.4690,151.0917,28.7993,13.6418
239.6365,151.3076,28.7993,13.6418
240.1241,151.6441,28.2346,13.3743
240.7434,151.7914,28.2346,13.3743
240.9850,151.8271,28.2346,13.3743
240.7374,151.4286,29.3752,13.9146
239.9558,150.4902,30.5620,14.4767
239.9581,150.5708,30.5620,14.4767
240.2490,150.4886,30.5620,14.4767
241.9464,151.2071,29.3752,13.9146
241.0718,150.4145,30.5620,14.4767
241.2269,150.4140,30.5620,14.4767
242.0364,150.6841,30.5620,14.4767
243.8448,151.7245,29.3752,13.9146
244.1394,151.6412,29.3752,13.9146
244.5014,151.6185,29.9627,14.1929
244.8276,151.7822,29.3752,13.9146
244.7187,152.5252,29.3752,13.9146
243.6968,152.0143,30.5620,14.4767
243.7302,152.1254,30.5620,14.4767
243.9067,152.1631,30.5620,14.4767
244.0653,152.6197,30.5620,14.4767
244.2344,152.5475,30.5620,14.4767
245.8004,153.4495,29.3752,13.9146
246.5653,153.4698,29.3752,13.9146
247.4964,153.5676,28.7993,13.6418
247.6097,153.7125,28.7993,13.6418
247.6795,153.4306,29.9627,14.1929
248.7930,153.8485,28.7993,13.6418
249.1615,154.1245,28.7993,13.6418
249.3726,154.1858,29.3752,13.9146
248.1715,154.0785,30.5620,14.4767
249.5045,154.8604,29.3752,13.9146
250.4009,155.6504,28.2346,13.3743
251.1163,155.8699,28.2346,13.3743
251.2889,155.7168,28.7993,13.6418
251.2833,155.5720,29.3752,13.9146
251.5615,155.6072,29.3752,13.9146
251.6826,155.8242,29.3752,13.9146
252.6038,156.2421,28.2346,13.3743
252.7490,156.8458,28.7993,13.6418
252.6935,157.3701,28.7993,13.6418
253.2687,157.9139,29.3752,13.9146
254.0567,158.0732,29.3752,13.9146
254.6665,158.7780,28.7993,13.6418
255.3284,159.1672,28.7993,13.6418
255.6426,159.1593,28.7993,13.6418
256.5651,159.7224,28.2346,13.3743
257.3619,159.9552,28.2346,13.3743
257.3242,159.8224,29.3752,13.9146
257.4407,160.2352,29.3752,13.9146
256.7017,159.6544,30.5620,14.4767
258.0872,160.9461,29.3752,13.9146
258.1738,161.3810,28.7993,13.6418
259.3153,161.8356,28.2346,13.3743
259.2214,161.4713,29.3752,13.9146
259.9677,161.9518,28.7993,13.6418
260.6257,161.9504,29.3752,13.9146
261.1994,162.0733,28.7993,13.6418
261.6115,162.1503,28.7993,13.6418
261.8248,161.7041,29.3752,13.9146
261.9449,161.5215,29.9627,14.1929
262.9333,161.8198,28.7993,13.6418
263.0866,161.3806,29.9627,14.1929
264.1619,161.8996,28.7993,13.6418
265.3076,161.8036,28.7993,13.6418
265.7171,162.5927,28.7993,13.6418
266.7931,163.1948,28.2346,13.3743
267.1274,163.5943,28.7993,13.6418
268.2149,163.8581,28.2346,13.3743
268.4063,163.7073,28.7993,13.6418
269.0559,164.0613,28.2346,13.3743
268.8674,164.0528,28.7993,13.6418
268.7942,164.1589,28.7993,13.6418
269.0844,164.2802,28.7993,13.6418
269.0769,164.4036,28.7993,13.6418
269.3745,164.6647,28.7993,13.6418
269.8529,165.0017,28.7993,13.6418
269.9393,164.6820,29.9627,14.1929
271.1788,165.3467,28.7993,13.6418
272.1041,165.8060,28.2346,13.3743
272.2333,166.0849,28.7993,13.6418
272.1919,165.9979,29.3752,13.9146
272.3607,166.1609,29.3752,13.9146
272.8494,166.4586,28.7993,13.6418
273.7079,166.7963,28.2346,13.3743
273.3050,166.7582,29.3752,13.9146
274.0342,166.8295,28.7993,13.6418
274.0423,166.3803,29.9627,14.1929
275.0553,166.3608,29.3752,13.9146
274.5966,165.7108,30.5620,14.4767
276.0693,166.4281,29.3752,13.9146
275.3274,165.5678,30.5620,14.4767
276.9617,165.9817,29.9627,14.1929
276.6215,165.7543,30.5620,14.4767
277.5659,166.5782,29.9627,14.1929
277.0583,166.2209,30.5620,14.4767
278.8183,167.2131,29.3752,13.9146
279.8608,167.7058,28.7993,13.6418
279.8886,167.3167,29.9627,14.1929
280.9396,167.5062,28.7993,13.6418
281.4160,167.1777,28.7993,13.6418
282.5748,166.7777,28.7993,13.6418
283.5406,166.4995,28.7993,13.6418
284.7632,166.5037,28.2346,13.3743
285.9400,166.8374,27.1382,12.8549
286.4780,166.7095,28.2346,13.3743
286.5182,166.2143,29.3752,13.9146
287.7395,166.2144,28.7993,13.6418
287.6938,166.1285,29.3752,13.9146
287.9202,165.8900,29.9627,14.1929
288.4841,165.9096,29.9627,14.1929
288.9570,166.1006,29.9627,14.1929
288.2553,165.8183,30.5620,14.4767
289.2356,166.0621,30.5620,14.4767
289.5471,166.2299,30.5620,14.4767
291.4383,167.0749,29.3752,13.9146
291.7444,167.1047,29.3752,13.9146
292.7652,166.9254,29.3752,13.9146
293.7430,167.0178,28.7993,13.6418
294.1025,166.6180,29.9627,14.1929
294.8622,166.6679,29.9627,14.1929
294.4258,165.9849,30.5620,14.4767
294.8547,166.1204,30.5620,14.4767
295.1570,166.2634,30.5620,14.4767
296.7593,167.1822,29.3752,13.9146
297.7747,167.7529,28.7993,13.6418
297.5790,167.5682,29.9627,14.1929
297.7133,167.6503,29.9627,14.1929
297.8877,167.5005,29.9627,14.1929
298.1640,167.5446,29.9627,14.1929
298.1930,167.5042,29.9627,14.1929
298.9210,167.7491,28.7993,13.6418
298.5924,167.5389,29.3752,13.9146
297.2352,166.5008,30.5620,14.4767
297.6312,166.4386,30.5620,14.4767
297.7415,166.3271,30.5620,14.4767
299.0550,166.9973,29.9627,14.1929
299.5831,166.7969,29.3752,13.9146
298.8582,165.2248,30.5620,14.4767
300.2468,165.9210,29.3752,13.9146
300.6496,165.4605,28.2346,13.3743
300.2962,164.8823,28.7993,13.6418
299.7141,163.8228,29.9627,14.1929
299.7103,163.5126,29.3752,13.9146
299.8924,163.4211,28.7993,13.6418
299.5655,162.9133,29.3752,13.9146
299.4365,162.5922,29.3752,13.9146
299.0443,161.7089,29.9627,14.1929
298.2144,161.4589,29.9627,14.1929
297.6517,160.3018,30.5620,14.4767
298.5689,160.6101,29.3752,13.9146
297.8123,159.8353,29.9627,14.1929
298.0673,159.6700,28.7993,13.6418
298.4295,159.8850,28.2346,13.3743
298.8224,159.6505,27.1382,12.8549
297.6501,159.0539,28.2346,13.3743
296.5854,158.0203,29.3752,13.9146
295.8229,157.4686,28.7993,13.6418
295.1185,156.7972,29.3752,13.9146
294.9041,156.2140,28.7993,13.6418
293.2215,155.6270,29.9627,14.1929
292.8523,155.3720,29.3752,13.9146
292.6908,154.7405,28.7993,13.6418
291.7725,154.0933,29.3752,13.9146
290.5614,153.4631,29.9627,14.1929
289.5908,153.3746,29.9627,14.1929
289.6730,153.3571,28.7993,13.6418
288.6709,152.8293,28.7993,13.6418
287.7572,152.7599,28.7993,13.6418
286.5871,152.8817,28.7993,13.6418
285.2638,152.4677,28.7993,13.6418
283.9516,151.6593,29.3752,13.9146
283.1576,151.7162,28.2346,13.3743
282.0486,151.0233,28.7993,13.6418
280.9268,150.4723,28.7993,13.6418
279.7861,149.7275,29.3752,13.9146
278.7707,149.6468,29.3752,13.9146
277.5298,149.4652,29.3752,13.9146
276.9581,149.6969,28.7993,13.6418
275.1570,149.2954,29.9627,14.1929
275.0153,149.4641,28.7993,13.6418
274.1665,149.0822,28.7993,13.6418
272.8344,148.7205,28.7993,13.6418
271.6004,148.1913,28.7993,13.6418
270.2456,147.9565,28.7993,13.6418
268.2431,147.6391,29.3752,13.9146
266.6365,147.5931,28.7993,13.6418
265.1446,147.6941,28.7993,13.6418
264.2718,147.6769,27.6809,13.1120
263.3566,147.6437,27.1382,12.8549
261.1902,146.5843,28.2346,13.3743
259.6629,146.1063,28.7993,13.6418
258.3338,145.8376,28.7993,13.6418
256.0059,145.5554,29.3752,13.9146
254.5751,145.6374,28.7993,13.6418
253.6781,145.0197,27.6809,13.1120
251.1905,144.1408,28.7993,13.6418
249.0969,143.5263,29.3752,13.9146
247.8564,143.4420,28.7993,13.6418
246.3425,142.7667,28.7993,13.6418
244.8081,142.3041,28.2346,13.3743
243.3095,141.9559,28.7993,13.6418
241.7439,141.8499,28.7993,13.6418
239.7456,141.5625,29.3752,13.9146
238.7767,141.4064,28.7993,13.6418
237.7753,141.6241,27.6809,13.1120
236.5451,140.9130,28.2346,13.3743
234.8927,140.3045,28.2346,13.3743
234.1426,140.0940,27.6809,13.1120
232.2430,139.5130,28.7993,13.6418
231.3805,138.5880,28.2346,13.3743
230.3373,138.5980,27.1382,12.8549
229.5696,138.7154,26.6061,12.6029
228.4839,138.5789,27.1382,12.8549
228.2253,138.7352,26.0844,12.3558
227.4946,139.0190,26.0844,12.3558
227.2097,139.2946,26.0844,12.3558
225.8094,139.3062,27.1382,12.8549
224.4256,139.1080,28.2346,13.3743
224.3491,139.3929,27.1382,12.8549
222.8433,139.5513,28.2346,13.3743
222.3936,140.2314,27.1382,12.8549
222.6733,140.6765,26.0844,12.3558
222.0431,140.9520,26.6061,12.6029
220.8501,141.8739,26.6061,12.6029
219.7456,141.9867,27.6809,13.1120
218.4196,141.5979,28.7993,13.6418
217.7262,141.6669,28.7993,13.6418
217.2524,141.6569,28.7993,13.6418
216.7026,141.5337,28.2346,13.3743
216.8212,141.5052,27.1382,12.8549
216.1766,141.1587,27.1382,12.8549
214.9943,140.3587,27.6809,13.1120
214.7169,140.0790,27.1382,12.8549
213.7095,139.8110,28.2346,13.3743
212.7930,139.7388,28.7993,13.6418
212.4024,139.0508,28.7993,13.6418
212.1151,138.3590,27.6809,13.1120
212.4061,138.2731,26.6061,12.6029
211.7615,137.9017,26.6061,12.6029
210.9013,136.5016,27.6809,13.1120
210.4750,135.9668,27.1382,12.8549
209.8121,135.2882,28.2346,13.3743
208.8317,134.0133,28.7993,13.6418
208.5769,133.9705,28.2346,13.3743
207.8220,133.4074,29.3752,13.9146
208.2471,132.4454,28.2346,13.3743
207.8724,131.9958,28.7993,13.6418
207.8248,131.7199,28.7993,13.6418
207.3935,131.6453,28.7993,13.6418
206.9384,131.5972,28.7993,13.6418
206.8575,131.6173,27.6809,13.1120
207.2342,131.1635,26.6061,12.6029
206.7536,130.8246,26.0844,12.3558
205.9923,130.5328,26.6061,12.6029
206.0621,130.7434,26.0844,12.3558
205.9092,130.9595,26.0844,12.3558
205.1440,131.0782,26.6061,12.6029
204.2131,130.9354,27.6809,13.1120
202.4920,130.3044,28.7993,13.6418
201.2096,129.6554,29.3752,13.9146
201.3341,129.8060,28.2346,13.3743
201.4370,128.8481,27.6809,13.1120
200.9100,127.9931,28.7993,13.6418
201.0859,128.2241,28.2346,13.3743
201.4239,128.2278,27.6809,13.1120
201.7722,128.1718,27.6809,13.1120
201.2360,127.8738,28.7993,13.6418
201.0185,127.7013,29.3752,13.9146
201.2432,127.4474,29.3752,13.9146
202.2082,127.9470,28.2346,13.3743
202.0275,127.7155,28.7993,13.6418
201.8069,127.6819,28.7993,13.6418
201.2321,127.6051,29.3752,13.9146
201.1044,127.5778,28.7993,13.6418
200.8752,127.6800,28.7993,13.6418
200.8617,127.7443,28.2346,13.3743
200.3387,127.2139,28.7993,13.6418
200.5846,126.8296,28.2346,13.3743
200.5138,126.2228,27.6809,13.1120
199.6004,125.8973,28.7993,13.6418
198.7494,125.6581,29.9627,14.1929
198.6914,125.4962,29.9627,14.1929
199.1136,125.6772,28.7993,13.6418
199.8123,125.4970,28.2346,13.3743
200.6367,124.5735,28.2346,13.3743
201.2069,124.0968,28.2346,13.3743
201.1792,124.0275,28.7993,13.6418
201.7472,124.0937,28.7993,13.6418
201.7377,123.9312,29.3752,13.9146
202.7689,124.0368,28.7993,13.6418
202.7890,123.8587,29.3752,13.9146
202.7801,123.6904,29.9627,14.1929
202.6929,123.5193,29.9627,14.1929
202.2054,122.4520,30.5620,14.4767
203.4893,121.8527,29.9627,14.1929
203.7269,121.4340,29.9627,14.1929
203.9969,121.3505,29.9627,14.1929
204.9215,120.6622,28.7993,13.6418
205.2001,120.1146,28.7993,13.6418
204.6847,119.8227,29.9627,14.1929
205.4558,119.9187,28.7993,13.6418
205.1114,119.6119,29.9627,14.1929
204.6069,118.6268,30.5620,14.4767
205.0684,117.5284,30.5620,14.4767
206.1607,117.4756,29.9627,14.1929
205.5733,116.8139,30.5620,14.4767
205.7576,116.4889,30.5620,14.4767
206.9816,115.9032,29.9627,14.1929
207.2262,115.4693,29.9627,14.1929
207.3915,115.1559,29.9627,14.1929
208.1024,113.7608,29.9627,14.1929
208.3766,113.2978,29.9627,14.1929
209.2314,111.7842,29.9627,14.1929
210.1941,111.0707,29.9627,14.1929
211.3373,109.7913,29.9627,14.1929
212.0048,109.4168,29.9627,14.1929
212.3634,107.3858,30.5620,14.4767
214.2087,107.4595,29.9627,14.1929
214.7031,106.1487,30.5620,14.4767
216.4798,105.9301,29.9627,14.1929
217.2692,105.8826,29.9627,14.1929
216.8677,105.4493,30.5620,14.4767
218.3485,105.9363,29.9627,14.1929
217.7134,105.9449,30.5620,14.4767
217.9074,106.6234,30.5620,14.4767
219.0252,107.2789,29.9627,14.1929
218.5003,106.5223,30.5620,14.4767
218.6668,105.7056,30.5620,14.4767
218.7273,105.6776,30.5620,14.4767
218.6447,105.5099,30.5620,14.4767
219.2874,105.8579,29.9627,14.1929
219.0584,105.9338,29.3752,13.9146
218.2570,105.7211,29.9627,14.1929
217.6776,105.5791,29.9627,14.1929
216.5038,104.6744,30.5620,14.4767
216.2862,103.1941,30.5620,14.4767
216.4955,103.8825,29.9627,14.1929
215.8425,103.7383,29.9627,14.1929
213.7082,103.0292,31.1732,14.7663
213.6442,102.9062,30.5620,14.4767
213.4345,102.7843,30.5620,14.4767
213.5155,102.7938,30.5620,14.4767
215.0101,103.9576,29.3752,13.9146
214.5781,103.7464,29.9627,14.1929
213.0549,104.0980,31.1732,14.7663
212.7575,104.6710,32.4326,15.3628
211.7334,104.6687,33.7429,15.9835
211.3358,104.6932,33.7429,15.9835
210.9599,104.7169,33.7429,15.9835
210.1063,104.8165,33.7429,15.9835
209.5840,105.2006,33.7429,15.9835
209.0371,106.5262,33.7429,15.9835
209.1893,107.5371,32.4326,15.3628
207.8447,108.7795,33.7429,15.9835
206.6337,110.0547,33.7429,15.9835
205.2931,110.0627,35.1061,16.6292
204.2763,111.6358,35.8082,16.9618
203.0421,111.4749,36.5244,17.3010
203.6004,111.5642,35.1061,16.6292
204.0735,111.2433,34.4178,16.3032
203.7452,110.8506,35.1061,16.6292
203.5969,111.0108,35.1061,16.6292
203.5282,110.8608,35.1061,16.6292
203.5933,110.6839,35.1061,16.6292
204.2512,110.8811,34.4178,16.3032
204.0364,110.7454,35.1061,16.6292
204.0251,110.8864,35.1061,16.6292
204.1797,110.9790,35.1061,16.6292
204.5237,111.2059,34.4178,16.3032
203.9401,111.1561,35.1061,16.6292
203.4562,111.7978,35.8082,16.9618
202.5216,110.9104,36.5244,17.3010
203.6607,110.4530,35.1061,16.6292
203.6090,109.9541,35.8082,16.9618
203.7638,108.8136,35.1061,16.6292
203.9029,108.6937,35.1061,16.6292
203.0284,108.5505,36.5244,17.3010
203.0648,108.5361,36.5244,17.3010
202.6259,108.4506,37.2549,17.6471
201.3799,108.0593,38.7600,18.3600
200.7724,108.2002,38.7600,18.3600
201.0028,108.4176,37.2549,17.6471
201.7846,109.3252,35.8082,16.9618
201.7966,108.9533,35.8082,16.9618
201.5156,109.1039,35.8082,16.9618
199.9656,109.0269,37.2549,17.6471
198.9685,108.6640,38.7600,18.3600
198.6841,108.3134,38.7600,18.3600
200.1010,108.1284,37.2549,17.6471
201.7553,108.5221,35.8082,16.9618
201.1830,108.0885,35.8082,16.9618
201.2140,107.7659,35.8082,16.9618
201.9009,106.6516,35.1061,16.6292
202.0682,106.5742,35.8082,16.9618
202.0366,106.3266,35.8082,16.9618
201.8106,106.0235,35.8082,16.9618
201.8788,105.9693,35.8082,16.9618
200.8452,105.2288,36.5244,17.3010
200.6184,105.3741,37.2549,17.6471
199.3621,105.1754,38.7600,18.3600
198.3601,104.5888,40.3259,19.1017
198.0504,103.9879,40.3259,19.1017
198.6865,103.5875,40.3259,19.1017
199.1486,102.9303,41.1324,19.4838
200.0420,102.8380,39.5352,18.7272
199.1271,101.6829,40.3259,19.1017
199.1821,102.0234,41.1324,19.4838
199.1062,102.1517,41.1324,19.4838
197.8635,101.8896,42.7942,20.2709
197.4865,101.8269,41.9551,19.8735
196.4068,101.4635,43.6501,20.6763
197.1410,101.8743,41.9551,19.8735
196.7857,102.3742,41.9551,19.8735
197.4177,103.6256,40.3259,19.1017
197.0089,104.9788,41.1324,19.4838
195.9280,105.6314,42.7942,20.2709
195.9818,105.5184,41.9551,19.8735
195.6813,106.0004,42.7942,20.2709
196.0701,107.4092,41.1324,19.4838
194.9350,107.5510,42.7942,20.2709
194.7454,107.6008,42.7942,20.2709
194.2329,107.8456,42.7942,20.2709
193.9358,108.0392,42.7942,20.2709
194.2434,109.4389,41.1324,19.4838
192.8775,109.3266,42.7942,20.2709
191.9116,109.0087,44.5231,21.0899
191.8769,108.9424,43.6501,20.6763
192.7988,109.8000,42.7942,20.2709
191.4257,109.2942,43.6501,20.6763
192.2501,109.5994,41.9551,19.8735
192.3926,109.8814,42.7942,20.2709
191.3387,110.3582,44.5231,21.0899
192.0370,110.7736,42.7942,20.2709
191.0225,110.1008,43.6501,20.6763
191.0093,109.8401,43.6501,20.6763
191.2908,109.8092,43.6501,20.6763
191.3470,110.6928,44.5231,21.0899
190.1779,109.7036,46.3218,21.9419
192.0839,109.4462,44.5231,21.0899
192.4323,108.6251,43.6501,20.6763
192.1666,108.3513,45.4135,21.5117
190.9871,107.3788,47.2482,22.3807
191.8647,107.0413,46.3218,21.9419
193.4524,106.8901,45.4135,21.5117
194.1300,106.6376,43.6501,20.6763
193.7307,106.4463,45.4135,21.5117
193.9464,106.1085,45.4135,21.5117
192.9305,104.7416,46.3218,21.9419
194.3960,104.8207,45.4135,21.5117
193.4116,103.6652,46.3218,21.9419
194.1517,103.5774,46.3218,21.9419
191.8027,103.4575,48.1932,22.8284
193.4054,104.3188,48.1932,22.8284
192.6299,105.6490,49.1571,23.2849
191.0708,105.1756,51.1430,24.2256
192.9747,107.2191,50.1402,23.7506
193.8046,107.1530,50.1402,23.7506
195.0910,106.9864,50.1402,23.7506
197.7794,107.3358,49.1571,23.2849
197.8840,106.4135,50.1402,23.7506
198.6914,106.5191,51.1430,24.2256
200.7789,107.1093,50.1402,23.7506
201.3686,106.9560,51.1430,24.2256
202.0544,106.7816,52.1659,24.7101
204.4421,108.6000,50.1402,23.7506
205.6948,108.8732,50.1402,23.7506
206.4074,109.0232,51.1430,24.2256
207.5694,109.0903,51.1430,24.2256
209.6036,111.4253,49.1571,23.2849
208.0571,111.2213,50.1402,23.7506
207.1003,112.3128,51.1430,24.2256
206.0497,111.3005,52.1659,24.7101
206.1252,110.6459,52.1659,24.7101
204.1652,109.9417,54.2734,25.7084
203.0421,110.0307,54.2734,25.7084
202.1387,110.1126,54.2734,25.7084
200.6756,109.6312,55.3588,26.2226
200.9768,109.1676,54.2734,25.7084
202.7656,108.8093,52.1659,24.7101
202.4996,108.4635,53.2092,25.2043
201.9653,107.6061,54.2734,25.7084
203.8350,106.7274,52.1659,24.7101
206.3860,107.0922,50.1402,23.7506
205.8446,106.7739,52.1659,24.7101
203.9474,106.7353,54.2734,25.7084
202.8248,106.7587,56.4660,26.7471
203.2769,106.6432,56.4660,26.7471
202.5965,106.5483,58.7472,27.8276
202.5512,107.1139,58.7472,27.8276
203.0835,108.6719,56.4660,26.7471
202.0440,108.4824,58.7472,27.8276
203.1406,108.9852,58.7472,27.8276
204.3945,111.0439,56.4660,26.7471
204.4511,112.9594,56.4660,26.7471
205.6085,114.1221,54.2734,25.7084
204.0687,114.1900,56.4660,26.7471
203.4980,114.8685,56.4660,26.7471
202.3391,114.7370,58.7472,27.8276
201.2111,115.5871,59.9222,28.3842
201.0965,115.7563,59.9222,28.3842
200.3322,114.6964,62.3430,29.5309
200.5462,114.8019,62.3430,29.5309
199.9780,115.0017,63.5899,30.1215
199.0705,114.5516,66.1589,31.3384
201.5382,115.1040,63.5899,30.1215
202.0432,115.0206,63.5899,30.1215
202.2870,114.9506,63.5899,30.1215
200.2590,113.3639,66.1589,31.3384
200.8984,113.5315,63.5899,30.1215
200.4691,113.1594,63.5899,30.1215
198.8963,112.5008,66.1589,31.3384
199.0133,112.3585,66.1589,31.3384
198.9986,112.2015,66.1589,31.3384
199.0227,110.8329,66.1589,31.3384
201.0732,110.7959,63.5899,30.1215
199.1887,108.7824,66.1589,31.3384
198.5386,108.8444,66.1589,31.3384
200.4303,109.5872,63.5899,30.1215
199.8504,109.4126,63.5899,30.1215
198.0809,108.7472,66.1589,31.3384
198.3499,108.6226,66.1589,31.3384
199.3276,110.1677,66.1589,31.3384
199.1445,110.3581,66.1589,31.3384
199.9104,110.3305,66.1589,31.3384
200.5163,110.5690,66.1589,31.3384
201.4852,110.5087,66.1589,31.3384
200.1631,109.6849,68.8317,32.6045
202.4581,110.3196,66.1589,31.3384
202.8787,110.4554,66.1589,31.3384
204.1162,110.2279,66.1589,31.3384
205.4506,111.8056,66.1589,31.3384
205.5708,112.2511,66.1589,31.3384
205.6177,111.3848,66.1589,31.3384
206.2807,110.5542,66.1589,31.3384
206.5075,110.4877,66.1589,31.3384
206.3823,110.0599,66.1589,31.3384
205.1013,107.4870,68.8317,32.6045
203.8612,107.2937,71.6125,33.9217
206.4592,108.4215,70.2084,33.2566
207.4078,108.1981,70.2084,33.2566
207.7590,107.8290,70.2084,33.2566
207.4984,107.1743,70.2084,33.2566
206.9860,105.1929,73.0448,34.6002
209.2917,105.2619,70.2084,33.2566
208.9729,103.8818,73.0448,34.6002
208.2424,103.5925,75.9958,35.9980
210.7303,103.7883,74.5057,35.2922
212.3858,102.4586,75.9958,35.9980
214.9124,102.9125,74.5057,35.2922
214.2303,101.6439,77.5157,36.7180
217.2937,103.0254,74.5057,35.2922
216.6562,100.3720,77.5157,36.7180
219.0761,99.7593,75.9958,35.9980
219.9553,100.6961,74.5057,35.2922
219.6939,100.5193,74.5057,35.2922
218.7159,100.2396,74.5057,35.2922
218.3911,99.8760,74.5057,35.2922
218.5913,98.6113,74.5057,35.2922
218.8475,98.7259,74.5057,35.2922
218.8410,98.6959,74.5057,35.2922
217.0443,96.3191,77.5157,36.7180
221.5759,96.4724,74.5057,35.2922
219.7989,93.7802,77.5157,36.7180
218.6387,93.4519,80.6474,38.2014
219.4720,94.3602,79.0660,37.4523
219.3698,94.4070,79.0660,37.4523
219.3213,94.4066,79.0660,37.4523
219.0360,94.9135,79.0660,37.4523
219.1072,95.3045,79.0660,37.4523
219.4228,95.6796,79.0660,37.4523
219.4056,95.6155,79.0660,37.4523
216.6482,95.0297,82.2603,38.9654
216.4076,96.9266,82.2603,38.9654
213.8010,96.2394,85.5836,40.5396
212.7807,97.4386,89.0412,42.1774
215.0134,98.1514,85.5836,40.5396
217.5201,98.7007,82.2603,38.9654
218.9188,99.0137,80.6474,38.2014
221.4912,100.0521,77.5157,36.7180
219.9644,97.6082,79.0660,37.4523
218.4773,96.7634,82.2603,38.9654
217.6130,96.8795,83.9055,39.7447
218.2516,97.3720,80.6474,38.2014
217.9389,97.0302,80.6474,38.2014
218.0078,97.0224,79.0660,37.4523
218.1801,95.9759,77.5157,36.7180
217.8198,96.4979,79.0660,37.4523
217.9583,97.1756,79.0660,37.4523
216.4595,96.7658,82.2603,38.9654
218.3380,97.3309,80.6474,38.2014
218.9125,97.7854,80.6474,38.2014
218.6145,99.3095,79.0660,37.4523
214.7920,100.2548,82.2603,38.9654
211.8460,101.5825,83.9055,39.7447
210.7011,103.2235,80.6474,38.2014
205.7607,102.5365,83.9055,39.7447
201.4997,102.1711,85.5836,40.5396
200.5299,103.0374,82.2603,38.9654
199.8402,104.0420,79.0660,37.4523
200.3372,102.3742,77.5157,36.7180
197.7242,101.9525,79.0660,37.4523
198.9252,102.9937,75.9958,35.9980
196.6254,103.0387,79.0660,37.4523
197.8823,104.4097,75.9958,35.9980
196.1792,103.4935,77.5157,36.7180
198.2152,104.7479,74.5057,35.2922
196.4694,104.3855,74.5057,35.2922
195.2296,104.1094,74.5057,35.2922
194.6261,104.7487,74.5057,35.2922
194.0318,104.7955,71.6125,33.9217
190.9142,105.1016,74.5057,35.2922
189.8990,106.8133,71.6125,33.9217
186.6838,107.0535,74.5057,35.2922
185.1534,106.8922,74.5057,35.2922
186.2237,107.9710,73.0448,34.6002
182.7891,107.9254,75.9958,35.9980
185.0089,109.4636,73.0448,34.6002
182.0080,108.5643,75.9958,35.9980
183.5850,107.9431,74.5057,35.2922
183.8764,105.6381,74.5057,35.2922
184.6351,103.8123,73.0448,34.6002
186.2011,101.0780,70.2084,33.2566
184.6012,96.5989,73.0448,34.6002
184.3120,92.0209,71.6125,33.9217
181.2596,88.4835,74.5057,35.2922
178.2500,85.5294,75.9958,35.9980
177.8539,83.4334,74.5057,35.2922
177.8149,80.8386,71.6125,33.9217
175.6357,78.8393,74.5057,35.2922
176.3795,78.2429,74.5057,35.2922
178.5537,76.9423,71.6125,33.9217
180.0541,75.2962,71.6125,33.9217
183.4164,75.5791,68.8317,32.6045
186.1476,78.3546,66.1589,31.3384
187.4948,80.2677,66.1589,31.3384
189.3790,81.8644,66.1589,31.3384
191.3620,84.4811,66.1589,31.3384
193.9348,85.8905,66.1589,31.3384
195.8594,87.7030,66.1589,31.3384
196.2508,89.5576,67.4821,31.9652
197.3111,90.2372,66.1589,31.3384
198.2382,88.6792,66.1589,31.3384
198.3938,86.3065,66.1589,31.3384
196.6486,83.2934,68.8317,32.6045
194.7321,81.0311,71.6125,33.9217
194.4213,78.8025,71.6125,33.9217
196.1354,77.6377,70.2084,33.2566
197.9037,76.1907,68.8317,32.6045
201.7250,76.0274,66.1589,31.3384
204.1802,76.1707,66.1589,31.3384
207.7607,76.5344,63.5899,30.1215
207.2310,76.4633,66.1589,31.3384
206.3683,78.7345,66.1589,31.3384
202.5119,80.2887,68.8317,32.6045
201.4523,82.5163,66.1589,31.3384
198.5920,84.2958,66.1589,31.3384
195.1772,86.8356,68.8317,32.6045
193.6359,88.8657,70.2084,33.2566
193.3727,91.1591,67.4821,31.9652
193.9360,94.3649,66.1589,31.3384
194.4312,94.3968,66.1589,31.3384
196.0918,92.6228,66.1589,31.3384
197.7958,91.7870,66.1589,31.3384
201.0774,90.7440,63.5899,30.1215
200.5184,87.5373,66.1589,31.3384
201.4747,84.7719,64.8617,30.7240
199.6082,81.8268,66.1589,31.3384
196.9649,81.8730,67.4821,31.9652
195.3147,81.7502,66.1589,31.3384
195.4155,82.6436,63.5899,30.1215
194.1100,82.2940,66.1589,31.3384
195.3366,82.7822,63.5899,30.1215
193.6320,82.4852,66.1589,31.3384
192.8850,82.1924,66.1589,31.3384
192.7150,82.9852,66.1589,31.3384
194.1845,84.3261,63.5899,30.1215
194.4414,85.7350,63.5899,30.1215
195.1808,87.0527,63.5899,30.1215
197.6092,89.8218,61.1206,28.9519
197.6431,89.6901,63.5899,30.1215
199.3569,90.6814,62.3430,29.5309
202.1853,91.2375,59.9222,28.3842
201.6630,91.8714,59.9222,28.3842
200.2463,91.1293,62.3430,29.5309
200.5802,90.1514,63.5899,30.1215
203.7437,89.3110,61.1206,28.9519
205.1042,91.8236,59.9222,28.3842
202.9911,92.7240,62.3430,29.5309
203.1691,95.2263,62.3430,29.5309
202.6622,95.1131,63.5899,30.1215
202.4546,95.2738,63.5899,30.1215
201.2928,95.4236,63.5899,30.1215
199.6929,95.9745,63.5899,30.1215
201.2933,97.0806,61.1206,28.9519
202.2494,96.4826,58.7472,27.8276
203.4712,96.2628,56.4660,26.7471
205.6662,96.0633,54.2734,25.7084
206.4696,95.2058,54.2734,25.7084
207.9214,93.5893,56.4660,26.7471
209.4644,91.7685,58.7472,27.8276
213.6164,91.1413,59.9222,28.3842
217.6400,89.8702,58.7472,27.8276
221.2871,89.7692,59.9222,28.3842
225.8406,88.8913,57.5953,27.2820
228.5454,88.5517,57.5953,27.2820
231.7563,89.3359,55.3588,26.2226
234.2888,89.6513,53.2092,25.2043
235.8965,90.0140,52.1659,24.7101
235.9534,89.5583,53.2092,25.2043
237.1602,91.6260,51.1430,24.2256
235.6419,94.3501,53.2092,25.2043
236.8004,95.3909,51.1430,24.2256
239.2340,97.3039,49.1571,23.2849
239.8750,98.3917,48.1932,22.8284
240.4962,98.8815,49.1571,23.2849
240.5274,98.9692,50.1402,23.7506
239.6833,98.2085,52.1659,24.7101
241.3457,97.5021,51.1430,24.2256
244.3899,97.8792,49.1571,23.2849
245.2005,98.2841,48.1932,22.8284
242.7793,97.2424,50.1402,23.7506
240.3056,96.2335,52.1659,24.7101
239.6386,95.9930,51.1430,24.2256
240.1511,96.3737,49.1571,23.2849
238.4092,97.2829,50.1402,23.7506
238.8417,99.5357,48.1932,22.8284
236.9565,99.2040,50.1402,23.7506
236.9205,98.7585,50.1402,23.7506
236.0422,98.8001,50.1402,23.7506
236.1164,99.0019,50.1402,23.7506
235.2756,98.6329,50.1402,23.7506
235.2481,97.4751,50.1402,23.7506
237.9560,96.7318,48.1932,22.8284
239.9803,94.7240,46.3218,21.9419
242.5265,94.8246,45.4135,21.5117
242.9066,92.8615,46.3218,21.9419
245.8614,93.0065,45.4135,21.5117
247.2038,92.0207,45.4135,21.5117
248.5310,91.3084,43.6501,20.6763
249.9955,91.6761,41.9551,19.8735
248.5293,90.5954,43.6501,20.6763
249.7596,90.6379,42.7942,20.2709
249.1267,90.4083,41.9551,19.8735
249.8110,90.1472,40.3259,19.1017
249.1409,88.9219,41.9551,19.8735
251.3802,89.1791,41.1324,19.4838
250.8166,88.1394,42.7942,20.2709
250.9558,88.2257,42.7942,20.2709
251.4586,89.4724,41.1324,19.4838
250.9349,88.6233,41.9551,19.8735
252.8600,87.7436,40.3259,19.1017
256.3585,87.3003,39.5352,18.7272
256.8456,85.5090,40.3259,19.1017
256.9189,85.5501,41.9551,19.8735
258.4075,86.0502,40.3259,19.1017
258.7907,86.5045,38.7600,18.3600
256.8686,85.4356,40.3259,19.1017
256.3231,86.1050,39.5352,18.7272
256.3389,86.6024,38.0000,18.0000
256.2098,85.9860,37.2549,17.6471
255.0551,86.3964,38.0000,18.0000
254.6530,87.5969,36.5244,17.3010
253.1857,88.5790,36.5244,17.3010
253.5287,88.9377,35.1061,16.6292
253.4347,88.8462,35.8082,16.9618
253.4222,88.8374,35.8082,16.9618
253.2545,88.7971,35.8082,16.9618
253.4965,88.5786,35.1061,16.6292
255.9929,89.4135,33.7429,15.9835
257.5953,90.3407,33.7429,15.9835
258.5759,89.6988,35.1061,16.6292
261.5511,89.8547,34.4178,16.3032
264.0188,90.0337,34.4178,16.3032
267.3737,90.5639,34.4178,16.3032
270.9544,91.4132,33.0813,15.6701
274.0603,91.7602,32.4326,15.3628
275.8045,91.1515,31.7967,15.0616
277.9633,91.0857,32.4326,15.3628
279.8432,89.1482,32.4326,15.3628
281.6668,87.3447,32.4326,15.3628
283.0730,86.2512,33.0813,15.6701
284.3135,84.7201,31.7967,15.0616
285.4536,84.2320,30.5620,14.4767
286.2965,83.6945,30.5620,14.4767
287.1359,83.2064,31.7967,15.0616
287.5438,83.6166,30.5620,14.4767
288.5848,85.2000,29.3752,13.9146
288.3279,84.5643,30.5620,14.4767
289.3951,85.4119,29.3752,13.9146
288.8977,84.4529,30.5620,14.4767
290.8507,84.9497,29.9627,14.1929
292.7512,84.6036,28.7993,13.6418
294.1536,84.6298,27.6809,13.1120
294.6161,85.5666,28.7993,13.6418
295.2690,86.4406,27.6809,13.1120
294.2827,86.7164,27.1382,12.8549
291.9599,87.8409,28.2346,13.3743
289.2966,88.3255,27.1382,12.8549
286.9154,88.7016,26.0844,12.3558
284.4075,88.7396,25.5729,12.1135
282.2224,88.7687,25.5729,12.1135
279.6781,88.3266,26.6061,12.6029
278.9014,90.5894,25.5729,12.1135
278.6429,90.8972,24.5799,11.6431
277.6592,92.5604,24.0979,11.4148
277.9551,92.5799,24.0979,11.4148
279.4639,93.7983,24.5799,11.6431
279.7704,94.6765,23.6254,11.1910
281.1763,96.1201,22.7080,10.7564
281.4999,96.7655,23.1622,10.9716
283.3145,98.5700,22.2628,10.5455
283.6696,99.5332,21.3983,10.1360
284.1756,101.2624,21.3983,10.1360
284.5749,102.7038,21.3983,10.1360
284.4427,104.0175,21.3983,10.1360
284.5365,105.1147,21.3983,10.1360
284.3316,105.8282,21.3983,10.1360
284.6272,106.0453,20.9787,9.9373
284.9766,105.9587,20.9787,9.9373
285.1149,105.8075,20.5673,9.7424
286.0309,105.1324,20.1641,9.5514
286.1170,104.2549,19.3811,9.1805
286.1562,102.9488,20.1641,9.5514
285.5843,101.9269,19.3811,9.1805
285.8440,100.6409,19.7687,9.3641
285.2628,98.3587,19.3811,9.1805
285.2132,97.6061,18.6285,8.8240
284.5105,96.6905,18.2632,8.6510
284.3180,94.8868,18.2632,8.6510
284.4956,93.1586,19.0010,9.0005
284.3113,91.0070,18.2632,8.6510
285.5776,91.3179,17.5540,8.3151
285.5188,89.0711,17.2098,8.1520
285.4326,88.7232,17.2098,8.1520
285.7577,87.0969,17.2098,8.1520
285.4907,86.8948,17.2098,8.1520
286.1021,87.4496,16.8724,7.9922
286.2608,87.3270,16.5416,7.8355
286.3769,87.3640,16.5416,7.8355
286.6809,87.5506,15.8992,7.5312
286.6678,87.4642,15.8992,7.5312
286.3375,86.8584,15.8992,7.5312
285.4500,85.6441,15.5875,7.3835
285.2341,85.9217,15.2818,7.2388
285.1608,86.1586,14.6884,6.9577
285.0309,85.9611,14.6884,6.9577
