225.0000,135.0000,61.0000,71.0000
223.8293,134.8935,63.4644,73.8684
224.7929,136.6345,62.2200,72.4200
226.2683,136.8132,63.4644,73.8684
228.5380,136.7535,63.4644,73.8684
226.5374,137.7244,63.4644,73.8684
226.2433,135.9803,66.0284,76.8527
224.7877,133.2669,68.6959,79.9575
223.4067,130.9271,71.4712,83.1878
220.4839,123.8993,68.6959,79.9575
218.7641,117.2199,68.6959,79.9575
215.4302,111.6512,68.6959,79.9575
197.3133,92.1781,71.4712,83.1878
212.1223,104.0601,70.0698,81.5567
212.8765,94.8485,72.9006,84.8516
214.2142,92.3760,70.0698,81.5567
215.5189,94.2037,68.6959,79.9575
218.4756,94.0123,70.0698,81.5567
221.5319,93.5232,70.0698,81.5567
219.9716,95.6043,71.4712,83.1878
220.6451,94.3045,71.4712,83.1878
222.3964,96.7828,72.9006,84.8516
217.0486,97.2793,74.3587,86.5486
222.0542,99.3923,74.3587,86.5486
223.1511,100.9728,75.8458,88.2796
223.1620,104.9600,74.3587,86.5486
224.5142,107.6660,75.8458,88.2796
226.0526,111.4353,74.3587,86.5486
227.0807,115.3911,71.4712,83.1878
227.7034,115.0210,74.3587,86.5486
229.1040,116.6733,74.3587,86.5486
228.5506,111.5715,77.3627,90.0452
231.2640,109.0948,74.3587,86.5486
231.3044,102.0983,77.3627,90.0452
232.8532,95.9519,77.3627,90.0452
234.4278,90.2906,77.3627,90.0452
236.4581,86.8497,75.8458,88.2796
238.2297,82.7678,77.3627,90.0452
241.0227,83.7706,74.3587,86.5486
243.8240,83.0276,74.3587,86.5486
246.6206,83.7780,74.3587,86.5486
247.0545,84.8420,75.8458,88.2796
249.5089,89.6228,72.9006,84.8516
250.1909,96.5068,71.4712,83.1878
252.0716,105.3818,68.6959,79.9575
253.3146,111.2686,68.6959,79.9575
254.9852,118.3334,70.0698,81.5567
245.0747,117.6172,72.9006,84.8516
246.1388,125.0332,70.0698,81.5567
247.5981,128.5558,71.4712,83.1878
249.0589,133.1995,72.9006,84.8516
250.0392,135.2975,74.3587,86.5486
250.8763,134.1374,74.3587,86.5486
253.5283,131.2875,74.3587,86.5486
292.1277,140.8429,74.3587,86.5486
294.6701,136.3794,75.8458,88.2796
300.0167,131.1582,75.8458,88.2796
300.6497,128.2810,78.9100,91.8461
261.7404,94.5022,82.0980,95.5567
267.0725,85.6541,78.9100,91.8461
268.8435,87.7436,75.8458,88.2796
269.6647,94.3584,77.3627,90.0452
269.8891,100.4481,75.8458,88.2796
269.1694,105.2811,78.9100,91.8461
268.9807,112.0044,75.8458,88.2796
269.6947,112.6877,78.9100,91.8461
270.1981,109.5656,82.0980,95.5567
270.9690,107.9664,83.7399,97.4678
272.7553,107.1339,82.0980,95.5567
274.0017,107.6078,80.4882,93.6830
274.8271,109.6039,78.9100,91.8461
275.3869,110.8761,78.9100,91.8461
276.1640,115.0670,75.8458,88.2796
275.1604,115.3365,77.3627,90.0452
273.5452,118.7448,74.3587,86.5486
273.1513,119.1043,74.3587,86.5486
272.7368,118.9574,72.9006,84.8516
275.3365,118.5205,70.0698,81.5567
276.6659,114.3575,70.0698,81.5567
277.9491,106.4471,72.9006,84.8516
279.9643,98.6902,74.3587,86.5486
280.9144,89.1872,77.3627,90.0452
281.5561,80.5013,80.4882,93.6830
282.6335,76.3731,80.4882,93.6830
282.4066,76.3661,80.4882,93.6830
282.1235,75.7419,80.4882,93.6830
282.3872,74.6959,80.4882,93.6830
282.8038,76.4175,77.3627,90.0452
283.2673,74.9224,80.4882,93.6830
285.1654,76.9371,77.3627,90.0452
284.2547,77.9195,80.4882,93.6830
285.7835,79.7960,80.4882,93.6830
286.4174,83.8250,78.9100,91.8461
286.4001,87.1210,78.9100,91.8461
285.7533,91.0565,78.9100,91.8461
284.7404,93.2729,80.4882,93.6830
282.4972,97.6647,80.4882,93.6830
280.2488,100.3097,83.7399,97.4678
276.6013,103.7199,83.7399,97.4678
274.8290,104.1012,83.7399,97.4678
272.1273,98.7200,87.1230,101.4055
270.3414,95.2000,85.4147,99.4171
269.5599,88.6247,87.1230,101.4055
269.7494,82.6513,85.4147,99.4171
270.7665,72.9565,87.1230,101.4055
270.8263,66.6087,85.4147,99.4171
271.2693,63.5184,85.4147,99.4171
272.7204,65.2253,83.7399,97.4678
274.5189,69.3882,82.0980,95.5567
275.3651,73.1876,82.0980,95.5567
276.4730,78.6617,78.9100,91.8461
277.7596,82.8448,80.4882,93.6830
279.1939,86.6355,78.9100,91.8461
279.2297,90.7887,77.3627,90.0452
279.5863,91.3372,80.4882,93.6830
277.3615,93.3809,77.3627,90.0452
276.7180,92.4013,80.4882,93.6830
275.3253,93.8469,78.9100,91.8461
272.6743,92.4259,82.0980,95.5567
272.0401,93.6812,83.7399,97.4678
270.7168,98.8007,83.7399,97.4678
269.4433,100.6718,87.1230,101.4055
268.0120,100.5462,88.8655,103.4336
269.8008,104.1141,87.1230,101.4055
270.6525,101.6147,88.8655,103.4336
272.6785,96.8944,88.8655,103.4336
274.9063,91.2575,87.1230,101.4055
276.4157,83.1941,87.1230,101.4055
278.0489,77.6698,85.4147,99.4171
280.4303,75.9754,83.7399,97.4678
281.5625,77.2960,83.7399,97.4678
283.2272,81.0420,82.0980,95.5567
284.4749,87.1120,78.9100,91.8461
283.3145,90.0793,78.9100,91.8461
283.2044,94.6224,77.3627,90.0452
284.9559,100.6991,74.3587,86.5486
285.7484,104.6581,71.4712,83.1878
284.9650,107.1910,71.4712,83.1878
283.7458,108.5763,71.4712,83.1878
282.4392,106.5779,74.3587,86.5486
280.1719,105.7931,77.3627,90.0452
280.2823,107.9324,75.8458,88.2796
278.2586,107.3023,78.9100,91.8461
278.1247,111.0252,77.3627,90.0452
278.8202,111.3717,80.4882,93.6830
277.0137,112.6175,80.4882,93.6830
275.0895,113.6633,80.4882,93.6830
274.1121,111.4685,82.0980,95.5567
275.1114,107.5588,82.0980,95.5567
274.4441,99.8253,83.7399,97.4678
277.6712,95.3384,80.4882,93.6830
277.9780,86.4286,80.4882,93.6830
277.5615,77.5118,82.0980,95.5567
279.0978,74.7468,78.9100,91.8461
279.5397,75.1358,78.9100,91.8461
280.5218,80.6297,77.3627,90.0452
279.5656,85.9863,80.4882,93.6830
279.2964,93.2680,78.9100,91.8461
279.6903,99.8917,77.3627,90.0452
277.8040,103.4521,78.9100,91.8461
276.2489,106.3037,78.9100,91.8461
275.7859,108.1833,75.8458,88.2796
274.1013,103.8806,78.9100,91.8461
271.6463,100.8665,82.0980,95.5567
270.7513,100.1439,80.4882,93.6830
267.7910,97.3470,83.7399,97.4678
264.6230,95.5933,87.1230,101.4055
265.4548,97.0578,83.7399,97.4678
262.9542,96.0090,87.1230,101.4055
262.8344,99.6513,85.4147,99.4171
262.9842,99.7209,85.4147,99.4171
263.4884,101.7584,83.7399,97.4678
263.0479,97.5199,85.4147,99.4171
264.6419,94.1000,85.4147,99.4171
264.1693,88.5824,87.1230,101.4055
264.5270,82.4849,85.4147,99.4171
264.5987,76.0515,87.1230,101.4055
265.3943,71.8373,87.1230,101.4055
266.4224,72.8825,83.7399,97.4678
267.5558,76.2897,80.4882,93.6830
268.3040,81.4643,77.3627,90.0452
267.4092,85.2447,80.4882,93.6830
267.5742,90.8713,82.0980,95.5567
265.9046,94.3272,85.4147,99.4171
266.9715,99.1715,82.0980,95.5567
265.4043,97.8606,85.4147,99.4171
265.7751,100.8540,83.7399,97.4678
265.1834,103.0632,83.7399,97.4678
263.5918,102.7463,85.4147,99.4171
264.3679,106.3325,83.7399,97.4678
263.8231,109.4228,83.7399,97.4678
261.1322,111.5147,85.4147,99.4171
257.3546,115.1086,87.1230,101.4055
255.4451,113.3964,90.6428,105.5023
252.6327,109.9158,90.6428,105.5023
253.7746,102.5738,94.3048,109.7646
253.4325,98.7242,94.3048,109.7646
252.5940,92.1654,92.4556,107.6123
252.2930,83.7063,90.6428,105.5023
249.6563,73.0419,92.4556,107.6123
249.1009,65.9214,88.8655,103.4336
247.2232,57.8340,92.4556,107.6123
246.1342,55.7868,90.6428,105.5023
244.7319,54.6427,88.8655,103.4336
244.5934,57.1021,85.4147,99.4171
245.8603,60.4188,82.0980,95.5567
245.0338,62.5788,82.0980,95.5567
245.1151,67.0372,78.9100,91.8461
243.4344,70.6027,82.0980,95.5567
243.0326,77.2294,80.4882,93.6830
241.5984,82.3519,82.0980,95.5567
241.7144,87.8417,82.0980,95.5567
241.5202,95.5842,78.9100,91.8461
240.2727,101.5459,77.3627,90.0452
240.2988,105.0681,80.4882,93.6830
241.3559,110.9500,82.0980,95.5567
241.6695,114.1209,83.7399,97.4678
241.4158,117.5663,83.7399,97.4678
242.5062,114.8280,85.4147,99.4171
248.3472,113.4204,82.0980,95.5567
251.6900,109.1559,78.9100,91.8461
256.0484,100.3422,82.0980,95.5567
257.5321,91.8001,85.4147,99.4171
258.2514,84.8554,88.8655,103.4336
257.4568,77.5788,92.4556,107.6123
258.8944,73.1398,96.1909,111.9598
260.8331,64.9044,96.1909,111.9598
264.0847,60.2932,96.1909,111.9598
267.2296,49.9367,98.1147,114.1990
270.0065,43.6505,94.3048,109.7646
272.4250,36.1194,96.1909,111.9598
271.9266,32.5175,98.1147,114.1990
274.7383,35.3524,94.3048,109.7646
274.3072,39.4009,98.1147,114.1990
275.4845,32.5805,100.0770,116.4830
276.5884,38.6866,98.1147,114.1990
276.6437,41.0329,98.1147,114.1990
280.5463,40.5251,98.1147,114.1990
283.5633,48.8005,96.1909,111.9598
282.5414,49.8223,92.4556,107.6123
280.4925,54.8443,90.6428,105.5023
281.3500,61.9380,94.3048,109.7646
279.4859,69.8085,98.1147,114.1990
275.4825,66.4346,102.0785,118.8127
271.9726,61.7393,106.2025,123.6127
265.3529,55.2874,110.4931,128.6067
260.5631,46.6924,114.9570,133.8024
253.5357,40.8372,119.6012,139.2080
247.9128,37.5916,114.9570,133.8024
242.3104,33.8312,114.9570,133.8024
238.0979,34.1183,112.7029,131.1788
236.4632,38.2430,108.3265,126.0850
233.4550,38.8370,108.3265,126.0850
232.0377,40.4511,106.2025,123.6127
229.8081,45.4851,102.0785,118.8127
225.7464,50.5808,100.0770,116.4830
221.7999,52.2666,100.0770,116.4830
218.4405,55.3707,98.1147,114.1990
214.5908,58.1306,98.1147,114.1990
211.3616,61.6455,96.1909,111.9598
208.6011,66.5451,92.4556,107.6123
207.4777,71.7558,88.8655,103.4336
205.1351,75.9957,90.6428,105.5023
201.7161,78.6340,94.3048,109.7646
196.3037,81.8458,96.1909,111.9598
197.4965,84.3407,96.1909,111.9598
198.7579,82.1439,100.0770,116.4830
202.8290,79.7664,98.1147,114.1990
206.2456,72.8512,102.0785,118.8127
207.6153,62.2062,106.2025,123.6127
211.9093,52.9308,106.2025,123.6127
214.7449,45.0745,108.3265,126.0850
219.1178,41.7049,104.1201,121.1889
223.8287,39.5547,100.0770,116.4830
227.3365,37.3909,100.0770,116.4830
230.5818,33.3984,104.1201,121.1889
234.5729,29.2732,108.3265,126.0850
238.4606,26.7703,110.4931,128.6067
244.1789,26.8710,108.3265,126.0850
249.2006,27.0397,106.2025,123.6127
251.4913,25.9910,110.4931,128.6067
253.9404,28.9781,112.7029,131.1788
256.6154,33.3367,112.7029,131.1788
258.9380,36.0488,114.9570,133.8024
260.2420,39.0341,119.6012,139.2080
260.7486,45.4378,121.9933,141.9922
260.4744,51.7399,124.4331,144.8320
258.4714,60.5400,126.9218,147.7286
259.7379,72.3423,121.9933,141.9922
253.8443,74.4350,126.9218,147.7286
250.2827,73.6806,121.9933,141.9922
245.3478,66.0009,119.6012,139.2080
236.8833,53.9526,124.4331,144.8320
231.4215,40.9846,129.4602,150.6832
226.0644,32.4687,124.4331,144.8320
220.3350,27.7492,119.6012,139.2080
215.6411,24.7993,114.9570,133.8024
210.2384,24.0832,110.4931,128.6067
206.8680,25.8554,108.3265,126.0850
203.7031,26.8649,108.3265,126.0850
201.3896,31.7054,104.1201,121.1889
201.0598,36.2886,104.1201,121.1889
201.4525,43.9504,100.0770,116.4830
198.6520,48.0259,102.0785,118.8127
196.8232,48.8348,102.0785,118.8127
195.0389,51.6849,100.0770,116.4830
192.6472,54.2741,102.0785,118.8127
191.0237,58.4273,98.1147,114.1990
189.6646,65.1296,94.3048,109.7646
187.0563,70.2657,98.1147,114.1990
186.3762,78.6854,94.3048,109.7646
186.7564,81.7078,98.1147,114.1990
187.0397,81.2161,102.0785,118.8127
186.5055,78.9302,104.1201,121.1889
189.5333,78.2766,100.0770,116.4830
191.3551,72.2351,96.1909,111.9598
192.3141,60.3308,100.0770,116.4830
195.3002,47.9161,102.0785,118.8127
197.1777,39.3155,102.0785,118.8127
201.2882,34.7620,98.1147,114.1990
202.8744,30.5589,100.0770,116.4830
205.8071,29.4307,98.1147,114.1990
208.7438,29.2020,96.1909,111.9598
210.5341,26.9686,100.0770,116.4830
212.9833,26.1536,102.0785,118.8127
215.1942,26.1376,104.1201,121.1889
217.4900,25.5777,108.3265,126.0850
220.3619,27.9938,104.1201,121.1889
220.6046,31.4824,104.1201,121.1889
221.7493,34.4957,108.3265,126.0850
221.5546,36.7689,110.4931,128.6067
222.3474,42.8231,108.3265,126.0850
221.7622,46.0588,110.4931,128.6067
222.5584,54.4924,106.2025,123.6127
224.2692,62.5579,102.0785,118.8127
225.3454,67.8365,98.1147,114.1990
225.9975,68.9658,102.0785,118.8127
223.6048,66.5926,106.2025,123.6127
224.8446,67.0548,102.0785,118.8127
224.3443,61.3955,100.0770,116.4830
223.8875,56.6797,98.1147,114.1990
224.1470,50.7887,98.1147,114.1990
222.4448,43.0111,102.0785,118.8127
221.1891,38.9379,104.1201,121.1889
219.8390,36.1993,106.2025,123.6127
218.8684,34.7051,108.3265,126.0850
218.5241,35.8176,106.2025,123.6127
217.4191,35.8902,106.2025,123.6127
218.4962,38.8744,102.0785,118.8127
217.4646,38.6262,102.0785,118.8127
216.0169,38.0684,102.0785,118.8127
214.4097,39.2870,98.1147,114.1990
212.5971,39.6708,102.0785,118.8127
210.0143,40.8266,102.0785,118.8127
209.1788,44.4181,98.1147,114.1990
205.8465,47.4941,98.1147,114.1990
203.5870,53.5847,98.1147,114.1990
202.1613,59.4529,100.0770,116.4830
202.6082,63.9183,100.0770,116.4830
201.3512,72.4300,98.1147,114.1990
201.8719,77.3917,94.3048,109.7646
199.8175,82.8616,92.4556,107.6123
199.4290,80.3450,94.3048,109.7646
197.0989,72.9663,98.1147,114.1990
194.6885,65.9674,102.0785,118.8127
