347.0000,58.0000,103.0000,251.0000
345.7334,56.8525,103.0000,251.0000
346.8253,59.4068,100.9804,246.0784
343.6740,59.8253,100.9804,246.0784
341.2347,60.3582,100.9804,246.0784
334.4552,63.3614,99.0004,241.2534
330.8036,65.1016,99.0004,241.2534
323.2684,66.0891,99.0004,241.2534
320.0275,72.3676,95.1561,231.8852
315.3548,76.0345,93.2903,227.3384
316.5946,85.6792,89.6677,218.5106
309.6787,75.8716,93.2903,227.3384
307.3136,86.2480,89.6677,218.5106
309.2597,76.8846,93.2903,227.3384
313.3527,77.2097,91.4611,222.8808
315.5123,73.5500,91.4611,222.8808
316.8218,72.3756,89.6677,218.5106
316.2126,72.9398,87.9095,214.2261
311.4952,67.7353,91.4611,222.8808
312.7753,71.7911,89.6677,218.5106
308.5681,63.7425,93.2903,227.3384
310.3688,68.0722,89.6677,218.5106
312.9091,69.4308,87.9095,214.2261
312.1398,67.6671,89.6677,218.5106
316.6076,63.0058,93.2903,227.3384
320.6546,62.4458,93.2903,227.3384
327.2778,63.6467,91.4611,222.8808
330.5928,60.4299,93.2903,227.3384
337.2504,51.2641,97.0592,236.5229
346.1214,52.0690,95.1561,231.8852
359.2678,57.7164,91.4611,222.8808
356.4950,59.7844,91.4611,222.8808
358.6910,53.7989,91.4611,222.8808
359.0716,55.3368,89.6677,218.5106
334.2861,55.4485,89.6677,218.5106
328.2781,58.9422,87.9095,214.2261
320.6708,60.6155,89.6677,218.5106
338.3585,49.7044,91.4611,222.8808
344.4741,55.9483,87.9095,214.2261
342.6230,58.8742,89.6677,218.5106
344.2908,59.9106,91.4611,222.8808
328.2385,78.6014,89.6677,218.5106
338.7712,75.7123,86.1858,210.0256
342.7154,82.1441,82.8391,201.8700
359.2560,72.8513,86.1858,210.0256
355.5305,69.5978,89.6677,218.5106
351.1787,70.6135,89.6677,218.5106
355.2009,65.5234,91.4611,222.8808
352.5333,66.0775,93.2903,227.3384
349.4906,59.7586,97.0592,236.5229
344.2356,62.9561,93.2903,227.3384
345.9394,62.3104,93.2903,227.3384
354.5288,60.1428,95.1561,231.8852
356.7805,53.6999,99.0004,241.2534
358.1151,57.3536,97.0592,236.5229
358.2309,52.3608,100.9804,246.0784
360.8711,51.0366,100.9804,246.0784
361.2047,53.7825,99.0004,241.2534
363.4729,60.6966,95.1561,231.8852
365.9486,61.6720,93.2903,227.3384
363.4331,57.9399,93.2903,227.3384
363.7867,59.1215,93.2903,227.3384
366.7675,58.5044,93.2903,227.3384
367.5276,60.0678,91.4611,222.8808
367.7395,51.9103,95.1561,231.8852
361.0068,44.8857,99.0004,241.2534
354.9636,43.1867,99.0004,241.2534
350.6029,41.6296,99.0004,241.2534
345.3183,35.8279,100.9804,246.0784
341.2784,40.4355,97.0592,236.5229
334.0013,46.7505,93.2903,227.3384
332.0884,45.0323,93.2903,227.3384
330.5107,50.1460,91.4611,222.8808
326.3051,50.0583,93.2903,227.3384
320.7055,46.0213,97.0592,236.5229
318.3184,43.7995,97.0592,236.5229
319.3986,48.6403,93.2903,227.3384
316.0026,47.1618,95.1561,231.8852
311.3406,48.3170,91.4611,222.8808
310.3543,49.2594,91.4611,222.8808
309.7595,53.0500,89.6677,218.5106
308.8710,53.5773,89.6677,218.5106
309.8003,54.1601,87.9095,214.2261
315.6528,60.2316,84.4959,205.9074
322.1192,59.6214,81.2148,197.9118
321.6797,53.4382,84.4959,205.9074
322.2510,47.2098,84.4959,205.9074
318.1931,45.2687,87.9095,214.2261
318.8230,54.7514,86.1858,210.0256
317.7160,56.3198,87.9095,214.2261
317.4550,59.5453,89.6677,218.5106
317.8231,61.4793,86.1858,210.0256
315.1323,60.9512,89.6677,218.5106
313.7267,59.6960,91.4611,222.8808
313.5465,57.3179,93.2903,227.3384
316.7878,66.5069,89.6677,218.5106
315.0555,68.2833,91.4611,222.8808
319.2369,69.7653,93.2903,227.3384
320.3358,61.3954,97.0592,236.5229
316.8915,61.2501,95.1561,231.8852
317.6177,60.0889,93.2903,227.3384
315.4428,51.8378,97.0592,236.5229
310.5300,53.2157,95.1561,231.8852
307.1787,52.8579,93.2903,227.3384
302.1546,54.1317,91.4611,222.8808
300.0008,53.7336,89.6677,218.5106
295.7191,49.4568,86.1858,210.0256
295.5926,51.0377,82.8391,201.8700
291.5286,50.4828,84.4959,205.9074
291.0667,50.3125,82.8391,201.8700
289.9456,53.5121,79.6224,194.0312
290.7841,53.0427,79.6224,194.0312
289.1992,53.4713,79.6224,194.0312
287.1812,51.8636,82.8391,201.8700
286.8176,51.1142,81.2148,197.9118
286.5446,50.8772,81.2148,197.9118
289.0516,48.3889,81.2148,197.9118
294.4725,50.0200,78.0611,190.2266
300.3529,48.2727,79.6224,194.0312
305.0514,48.7173,78.0611,190.2266
311.6968,49.2831,76.5305,186.4967
314.3949,48.0683,76.5305,186.4967
321.3416,48.8609,73.5587,179.2548
323.3048,49.8838,75.0299,182.8399
323.5967,50.3234,78.0611,190.2266
326.8684,50.2595,78.0611,190.2266
327.6250,53.4047,81.2148,197.9118
329.8197,52.9145,81.2148,197.9118
331.5198,54.4645,82.8391,201.8700
329.5261,55.4146,86.1858,210.0256
327.9011,52.2128,89.6677,218.5106
331.1526,54.6947,87.9095,214.2261
329.2661,59.2195,87.9095,214.2261
329.9323,55.5687,91.4611,222.8808
331.7721,52.5188,87.9095,214.2261
332.5621,49.3546,86.1858,210.0256
332.5082,33.3481,86.1858,210.0256
333.3192,31.6918,82.8391,201.8700
332.8754,27.6036,79.6224,194.0312
330.5867,29.1875,76.5305,186.4967
326.3786,29.2895,79.6224,194.0312
328.6803,29.5860,76.5305,186.4967
325.7099,33.7640,78.0611,190.2266
322.7566,29.7019,81.2148,197.9118
323.4801,30.8655,79.6224,194.0312
320.5370,29.9673,79.6224,194.0312
320.5139,24.9182,76.5305,186.4967
321.4925,22.3121,75.0299,182.8399
319.3552,25.3630,78.0611,190.2266
320.3495,21.0485,75.0299,182.8399
321.7266,23.0738,72.1164,175.7400
319.5030,22.9330,69.3160,168.9158
322.1654,27.7520,66.6244,162.3566
323.1110,29.2378,65.3181,159.1731
323.6698,31.4567,65.3181,159.1731
321.5672,28.7562,67.9569,165.6037
327.5559,30.8892,65.3181,159.1731
324.3603,26.1605,67.9569,165.6037
326.3490,25.5598,67.9569,165.6037
332.6147,89.3239,69.3160,168.9158
328.4333,82.5361,72.1164,175.7400
333.6370,20.8568,72.1164,175.7400
325.1858,15.9708,75.0299,182.8399
327.7120,10.6094,72.1164,175.7400
330.4621,12.2697,69.3160,168.9158
329.0309,12.7831,70.7024,172.2941
339.3308,20.9415,67.9569,165.6037
341.8505,25.4550,65.3181,159.1731
347.3057,22.4486,62.7817,152.9922
353.8426,23.6480,60.3438,147.0514
363.2481,22.9807,61.5507,149.9924
366.8677,23.8118,59.1606,144.1680
367.7952,22.8717,56.8633,138.5698
365.9835,22.5201,58.0006,141.3412
365.2135,24.3847,58.0006,141.3412
367.5891,27.5389,60.3438,147.0514
359.7930,24.8698,58.0006,141.3412
362.0379,27.8081,55.7483,135.8527
363.0560,34.0801,53.5836,130.5774
363.6580,31.0290,55.7483,135.8527
366.2737,28.3335,55.7483,135.8527
363.0398,26.6083,58.0006,141.3412
366.7251,27.9633,56.8633,138.5698
365.6993,26.6502,56.8633,138.5698
365.0756,27.2984,55.7483,135.8527
370.3696,50.1365,58.0006,141.3412
372.1957,54.7285,59.1606,144.1680
370.5275,52.9489,61.5507,149.9924
369.8392,54.4566,64.0373,156.0521
367.1581,51.8982,66.6244,162.3566
368.1255,52.5160,67.9569,165.6037
366.2313,50.0464,69.3160,168.9158
364.9536,48.4391,72.1164,175.7400
365.5647,47.9540,72.1164,175.7400
366.3242,48.5561,72.1164,175.7400
365.0553,45.3645,75.0299,182.8399
367.2053,46.6857,72.1164,175.7400
369.2391,46.1270,69.3160,168.9158
368.6459,42.8251,72.1164,175.7400
366.2578,40.6985,73.5587,179.2548
362.2462,36.5335,76.5305,186.4967
363.0886,38.1260,76.5305,186.4967
363.9450,43.1398,73.5587,179.2548
362.3507,49.3836,72.1164,175.7400
361.4767,53.2092,70.7024,172.2941
360.7782,55.7447,72.1164,175.7400
359.7003,53.9701,73.5587,179.2548
359.1509,52.4283,73.5587,179.2548
357.7464,48.6902,76.5305,186.4967
358.1612,44.5130,75.0299,182.8399
355.6179,39.2980,78.0611,190.2266
354.9677,36.1211,79.6224,194.0312
353.4669,32.7253,82.8391,201.8700
353.1808,32.5290,79.6224,194.0312
354.2504,32.4467,79.6224,194.0312
358.1813,32.8585,82.8391,201.8700
355.1733,34.3540,84.4959,205.9074
351.5585,38.2195,84.4959,205.9074
349.0911,37.2173,87.9095,214.2261
345.6342,42.2390,86.1858,210.0256
366.4881,43.7859,86.1858,210.0256
365.5039,39.4038,89.6677,218.5106
364.4600,38.9151,89.6677,218.5106
363.5082,41.6226,89.6677,218.5106
358.6327,41.3931,91.4611,222.8808
358.3052,41.5023,95.1561,231.8852
361.6730,39.1304,99.0004,241.2534
362.9124,39.1478,103.0000,251.0000
365.7556,41.3398,99.0004,241.2534
372.8303,40.1626,100.9804,246.0784
373.6629,41.5934,99.0004,241.2534
370.0962,41.2865,95.1561,231.8852
368.5416,39.9871,93.2903,227.3384
362.3319,41.3222,91.4611,222.8808
360.3755,42.3164,87.9095,214.2261
356.8084,45.5336,86.1858,210.0256
356.8126,46.8842,82.8391,201.8700
354.5416,49.6406,79.6224,194.0312
350.0989,54.4410,79.6224,194.0312
352.4396,55.0208,81.2148,197.9118
355.8533,57.7449,78.0611,190.2266
347.8153,59.8914,76.5305,186.4967
340.9634,52.4865,76.5305,186.4967
335.4714,53.9103,78.0611,190.2266
336.2884,56.1442,75.0299,182.8399
331.4762,50.5119,78.0611,190.2266
328.9697,53.1916,76.5305,186.4967
324.2835,54.5861,73.5587,179.2548
322.4717,56.2624,70.7024,172.2941
321.0033,66.5088,69.3160,168.9158
322.6965,68.7969,69.3160,168.9158
328.5553,71.0000,72.1164,175.7400
327.5753,68.5951,73.5587,179.2548
324.8928,70.7149,75.0299,182.8399
325.8054,72.8014,72.1164,175.7400
328.4631,69.9249,75.0299,182.8399
331.5298,69.7245,72.1164,175.7400
325.6284,72.5929,75.0299,182.8399
321.9190,72.9519,73.5587,179.2548
324.4332,82.1877,72.1164,175.7400
327.7565,79.4604,70.7024,172.2941
334.7594,86.0619,73.5587,179.2548
332.9438,84.6614,73.5587,179.2548
341.6467,88.0906,75.0299,182.8399
309.2152,68.2905,78.0611,190.2266
308.1627,67.8371,76.5305,186.4967
304.4989,68.0691,78.0611,190.2266
331.6642,71.8930,81.2148,197.9118
315.0284,67.7878,82.8391,201.8700
324.4790,72.2469,79.6224,194.0312
328.7026,77.1187,78.0611,190.2266
337.5833,85.9548,75.0299,182.8399
334.9203,85.3364,76.5305,186.4967
327.6943,84.6856,73.5587,179.2548
332.0120,92.6683,70.7024,172.2941
322.1534,90.6138,69.3160,168.9158
317.9338,89.4968,67.9569,165.6037
316.3969,86.7940,70.7024,172.2941
315.8205,83.9883,72.1164,175.7400
303.1636,75.0307,75.0299,182.8399
307.8983,73.7457,76.5305,186.4967
313.8966,85.2965,73.5587,179.2548
311.5553,87.0698,70.7024,172.2941
310.1909,94.0301,67.9569,165.6037
309.0095,93.8305,70.7024,172.2941
307.9951,99.7876,69.3160,168.9158
300.6590,101.4072,67.9569,165.6037
298.1788,97.5819,70.7024,172.2941
299.3717,92.1606,73.5587,179.2548
309.9327,86.2607,75.0299,182.8399
308.1931,85.7324,76.5305,186.4967
310.7545,87.0059,75.0299,182.8399
311.7712,86.2904,72.1164,175.7400
313.2919,83.3314,72.1164,175.7400
312.5076,80.8471,73.5587,179.2548
312.6920,70.8734,75.0299,182.8399
312.1008,62.8841,76.5305,186.4967
315.0591,56.1198,79.6224,194.0312
314.8254,56.1160,81.2148,197.9118
313.6433,63.0961,82.8391,201.8700
313.3214,73.4804,79.6224,194.0312
310.0437,85.5002,78.0611,190.2266
308.9842,91.7025,75.0299,182.8399
302.8254,88.6028,78.0611,190.2266
299.4106,86.6349,78.0611,190.2266
290.4306,76.0515,81.2148,197.9118
287.1021,73.7317,81.2148,197.9118
280.5209,74.1224,79.6224,194.0312
276.7031,71.8157,81.2148,197.9118
270.7261,71.1563,82.8391,201.8700
268.3582,70.4160,82.8391,201.8700
266.9458,75.6308,79.6224,194.0312
268.3253,70.2379,82.8391,201.8700
265.9117,70.5523,84.4959,205.9074
264.9942,63.1834,86.1858,210.0256
270.0195,61.1310,89.6677,218.5106
274.8924,63.9563,87.9095,214.2261
288.9920,72.0951,84.4959,205.9074
290.6270,71.7430,87.9095,214.2261
294.0752,73.8255,86.1858,210.0256
292.7552,66.1494,89.6677,218.5106
296.7376,68.3173,89.6677,218.5106
297.4142,70.9951,86.1858,210.0256
297.5798,73.1953,82.8391,201.8700
297.6998,71.0971,82.8391,201.8700
293.8235,76.1001,79.6224,194.0312
290.3189,75.7571,82.8391,201.8700
292.1879,74.6049,81.2148,197.9118
294.0810,71.0982,82.8391,201.8700
295.2779,70.8068,82.8391,201.8700
292.0266,66.2793,84.4959,205.9074
288.7982,59.3334,87.9095,214.2261
290.8890,62.2371,86.1858,210.0256
288.7501,65.8437,84.4959,205.9074
289.6552,66.0887,86.1858,210.0256
288.6404,69.0907,89.6677,218.5106
292.0850,69.9855,87.9095,214.2261
295.3296,71.6925,89.6677,218.5106
297.8279,68.2540,91.4611,222.8808
303.2836,72.3252,89.6677,218.5106
297.5409,72.3981,86.1858,210.0256
297.6113,76.2093,82.8391,201.8700
298.5742,79.4768,84.4959,205.9074
290.9240,79.3634,86.1858,210.0256
290.7496,83.4355,84.4959,205.9074
284.9170,88.1164,81.2148,197.9118
285.7008,90.0373,81.2148,197.9118
286.0949,88.9350,82.8391,201.8700
283.2280,84.4083,86.1858,210.0256
283.0755,81.5767,89.6677,218.5106
281.4840,85.2585,87.9095,214.2261
283.4565,86.8863,89.6677,218.5106
285.5954,95.3069,86.1858,210.0256
283.5305,95.4260,87.9095,214.2261
282.1001,92.2362,91.4611,222.8808
280.7107,88.9704,95.1561,231.8852
277.2088,87.0820,93.2903,227.3384
280.0281,89.4255,89.6677,218.5106
272.5575,90.6900,89.6677,218.5106
268.8454,81.2700,93.2903,227.3384
266.3850,73.3544,97.0592,236.5229
264.3143,61.5237,100.9804,246.0784
259.1424,50.6233,105.0600,256.0200
264.1481,47.4563,107.1612,261.1404
255.0567,39.2368,111.4905,271.6905
269.6808,48.2164,107.1612,261.1404
263.5086,43.5571,109.3044,266.3632
267.2978,41.7148,111.4905,271.6905
270.1728,45.4461,111.4905,271.6905
273.4430,48.9696,109.3044,266.3632
273.6757,45.9100,113.7203,277.1243
277.8644,46.3731,113.7203,277.1243
285.2611,50.7212,109.3044,266.3632
293.8529,56.8003,105.0600,256.0200
302.6780,52.1435,109.3044,266.3632
305.1237,49.3682,111.4905,271.6905
309.3812,47.4044,113.7203,277.1243
310.8383,44.7675,111.4905,271.6905
314.4359,37.8584,111.4905,271.6905
316.8294,39.1271,111.4905,271.6905
321.6942,40.5600,113.7203,277.1243
323.1663,37.7245,115.9947,282.6668
327.3448,39.4702,115.9947,282.6668
327.1946,38.6295,118.3146,288.3201
326.3661,40.4141,115.9947,282.6668
322.0360,36.5395,120.6809,294.0865
317.1749,37.8788,115.9947,282.6668
312.5288,35.5842,118.3146,288.3201
310.3790,32.3953,118.3146,288.3201
309.9114,20.8506,120.6809,294.0865
316.9148,19.0333,120.6809,294.0865
316.6083,13.2763,125.5564,305.9676
307.5111,23.2763,120.6809,294.0865
308.4094,27.5862,118.3146,288.3201
305.6300,21.6330,120.6809,294.0865
305.9150,22.5761,115.9947,282.6668
317.7494,23.8016,113.7203,277.1243
330.9827,25.1528,109.3044,266.3632
292.1892,1.0603,113.7203,277.1243
285.1746,-0.0773,118.3146,288.3201
279.5092,6.5833,120.6809,294.0865
348.7056,14.4418,125.5564,305.9676
369.3920,25.8716,123.0945,299.9682
386.9879,26.8511,120.6809,294.0865
386.9870,31.4065,118.3146,288.3201
402.2793,37.6898,113.7203,277.1243
416.8116,40.9306,109.3044,266.3632
415.3706,35.4803,113.7203,277.1243
421.3771,46.4092,109.3044,266.3632
423.5674,55.0405,105.0600,256.0200
409.9725,57.8096,105.0600,256.0200
404.1050,57.4773,109.3044,266.3632
387.4417,49.0057,107.1612,261.1404
386.0998,54.5807,105.0600,256.0200
390.7607,58.8379,100.9804,246.0784
387.5267,55.7088,105.0600,256.0200
383.1625,50.7816,103.0000,251.0000
385.2671,51.3799,99.0004,241.2534
386.6842,51.5545,99.0004,241.2534
388.1734,53.5116,99.0004,241.2534
389.2329,49.9454,99.0004,241.2534
390.9257,59.8284,95.1561,231.8852
393.2424,69.0077,91.4611,222.8808
393.1970,66.3011,95.1561,231.8852
392.7568,68.2246,97.0592,236.5229
390.9959,70.4127,93.2903,227.3384
385.4790,66.6605,95.1561,231.8852
384.2424,66.5191,91.4611,222.8808
385.1918,72.2940,87.9095,214.2261
385.5704,74.4974,89.6677,218.5106
380.0981,72.2699,93.2903,227.3384
378.0148,75.1339,91.4611,222.8808
377.3129,76.0352,93.2903,227.3384
377.9897,75.2382,95.1561,231.8852
379.0327,74.0176,95.1561,231.8852
379.9587,71.2021,97.0592,236.5229
375.9631,65.7169,100.9804,246.0784
369.7988,60.4421,105.0600,256.0200
364.0784,59.2431,107.1612,261.1404
363.3487,62.4700,103.0000,251.0000
364.4172,63.7360,100.9804,246.0784
363.2222,63.6566,99.0004,241.2534
363.9336,68.0962,97.0592,236.5229
365.2891,73.1798,93.2903,227.3384
360.6498,73.9364,97.0592,236.5229
360.4189,76.7130,93.2903,227.3384
361.3142,82.7396,89.6677,218.5106
357.7135,86.1864,87.9095,214.2261
353.8509,90.5615,86.1858,210.0256
350.9041,93.5797,84.4959,205.9074
348.9219,97.4720,82.8391,201.8700
346.3527,94.7282,84.4959,205.9074
341.1248,92.2079,86.1858,210.0256
336.5407,89.9691,84.4959,205.9074
328.5975,92.0400,86.1858,210.0256
328.4106,88.6893,87.9095,214.2261
312.6929,99.8128,84.4959,205.9074
310.0567,92.3438,87.9095,214.2261
308.3859,95.7376,84.4959,205.9074
302.3660,94.2237,86.1858,210.0256
311.5012,89.0712,86.1858,210.0256
308.8530,81.8000,87.9095,214.2261
298.5015,65.6492,91.4611,222.8808
300.0447,64.9061,93.2903,227.3384
299.7336,57.0677,95.1561,231.8852
300.9079,59.5625,97.0592,236.5229
304.3679,61.6200,100.9804,246.0784
300.7529,57.9572,105.0600,256.0200
302.7738,62.5105,105.0600,256.0200
299.8217,61.7143,107.1612,261.1404
305.3389,60.3847,109.3044,266.3632
303.3639,55.9719,113.7203,277.1243
307.1314,50.8377,118.3146,288.3201
