289.0000,67.0000,64.0000,236.0000
285.2536,66.6443,64.0000,236.0000
283.4927,66.4148,64.0000,236.0000
280.8595,66.8598,64.0000,236.0000
279.6111,67.4753,64.0000,236.0000
275.7848,68.4911,64.0000,236.0000
271.3071,70.0000,64.0000,236.0000
265.9438,72.1318,64.0000,236.0000
264.4379,73.6541,64.0000,236.0000
264.9467,79.5678,62.7451,231.3725
260.9844,82.6496,61.5148,226.8358
249.8990,81.8282,62.7451,231.3725
280.5385,74.5979,62.7451,231.3725
274.7195,71.3241,65.2800,240.7200
267.5156,76.1548,62.7451,231.3725
263.8280,67.7850,65.2800,240.7200
277.8253,68.0341,65.2800,240.7200
269.5969,70.2311,65.2800,240.7200
258.3767,73.1373,65.2800,240.7200
254.9355,66.8614,67.9173,250.4451
255.4535,70.9923,65.2800,240.7200
257.9243,75.9823,62.7451,231.3725
272.8428,72.3057,64.0000,236.0000
276.8545,78.7115,62.7451,231.3725
271.1438,72.8238,65.2800,240.7200
272.4583,75.6166,65.2800,240.7200
280.1843,74.2818,65.2800,240.7200
280.7738,71.8764,65.2800,240.7200
291.0012,58.2757,67.9173,250.4451
289.8887,54.9377,69.2757,255.4540
289.4093,48.5964,72.0744,265.7743
294.9539,42.8158,74.9862,276.5116
299.5673,42.0832,72.0744,265.7743
297.2804,32.5853,74.9862,276.5116
294.0232,36.5497,72.0744,265.7743
292.4051,39.0736,70.6612,260.5631
284.8240,36.4284,73.5159,271.0898
283.3106,41.5585,72.0744,265.7743
284.1486,53.6853,69.2757,255.4540
285.4749,60.9443,66.5856,245.5344
286.1017,69.6698,64.0000,236.0000
286.4838,70.1704,64.0000,236.0000
299.8936,69.0559,62.7451,231.3725
306.2359,65.5799,64.0000,236.0000
321.6039,76.4827,61.5148,226.8358
319.9398,72.9276,62.7451,231.3725
315.9589,69.2302,64.0000,236.0000
316.0893,71.1687,64.0000,236.0000
314.7714,74.9206,61.5148,226.8358
312.0946,71.6656,62.7451,231.3725
302.0809,69.7612,64.0000,236.0000
299.3172,65.1653,66.5856,245.5344
296.1955,57.8302,69.2757,255.4540
297.1816,63.5640,66.5856,245.5344
296.5220,62.9438,66.5856,245.5344
296.4835,61.2963,67.9173,250.4451
295.9142,66.2292,65.2800,240.7200
297.3125,63.7047,65.2800,240.7200
301.1966,66.5174,64.0000,236.0000
299.6859,62.3492,66.5856,245.5344
304.1837,60.9280,65.2800,240.7200
305.1945,61.1636,65.2800,240.7200
304.7826,58.5967,65.2800,240.7200
311.4643,59.5767,64.0000,236.0000
315.7895,61.7893,61.5148,226.8358
314.5748,54.8886,62.7451,231.3725
316.5883,47.2915,65.2800,240.7200
309.4029,44.0908,67.9173,250.4451
300.2062,34.0630,70.6612,260.5631
293.9031,33.9211,70.6612,260.5631
289.3093,33.5862,70.6612,260.5631
283.9762,37.9666,69.2757,255.4540
277.4135,31.9714,72.0744,265.7743
273.1284,28.6051,74.9862,276.5116
274.8985,38.6777,72.0744,265.7743
276.0559,47.8842,69.2757,255.4540
276.9468,57.5111,66.5856,245.5344
277.5769,61.6351,65.2800,240.7200
272.4156,68.1231,62.7451,231.3725
268.9774,68.6025,62.7451,231.3725
273.4755,66.8823,61.5148,226.8358
276.2303,70.8457,60.3086,222.3881
283.3460,60.4329,62.7451,231.3725
284.0276,56.6816,65.2800,240.7200
281.3610,61.3682,64.0000,236.0000
283.5625,55.9752,66.5856,245.5344
291.0393,56.3295,66.5856,245.5344
286.2174,51.5450,69.2757,255.4540
281.2065,50.4797,70.6612,260.5631
283.8663,58.6907,67.9173,250.4451
281.2558,62.9828,67.9173,250.4451
279.2040,67.2691,66.5856,245.5344
275.4052,67.3779,69.2757,255.4540
267.4253,65.4098,72.0744,265.7743
263.1888,69.5652,69.2757,255.4540
266.0331,71.6794,66.5856,245.5344
260.2637,76.8507,65.2800,240.7200
263.4273,76.7180,65.2800,240.7200
265.8867,76.9803,66.5856,245.5344
275.8685,80.0817,65.2800,240.7200
274.4343,72.1152,67.9173,250.4451
270.5298,69.6691,65.2800,240.7200
268.0220,65.1194,62.7451,231.3725
267.2645,63.5652,60.3086,222.3881
265.3550,61.7500,57.9668,213.7525
265.3229,60.4916,55.7159,205.4522
264.7827,57.8118,53.5523,197.4742
261.5574,54.5335,54.6234,201.4237
259.8609,57.3819,52.5023,193.6022
255.0164,54.5783,54.6234,201.4237
251.6422,56.5503,55.7159,205.4522
249.5126,58.3507,55.7159,205.4522
247.1493,59.5044,56.8302,209.5612
247.8118,59.8894,56.8302,209.5612
244.1854,59.1108,59.1261,218.0275
243.7821,57.8421,61.5148,226.8358
240.9175,56.6629,64.0000,236.0000
240.0986,56.6923,64.0000,236.0000
244.3749,60.0552,62.7451,231.3725
246.1744,61.9902,62.7451,231.3725
248.1273,61.7916,61.5148,226.8358
250.0828,57.4456,62.7451,231.3725
257.1689,54.3850,62.7451,231.3725
256.4879,48.1057,65.2800,240.7200
257.0134,39.2266,67.9173,250.4451
264.0222,43.2664,65.2800,240.7200
268.4211,46.0093,66.5856,245.5344
273.7786,50.7699,65.2800,240.7200
276.1876,55.0356,66.5856,245.5344
275.0016,57.7518,66.5856,245.5344
277.3079,63.0359,65.2800,240.7200
281.3499,64.7913,66.5856,245.5344
282.6022,65.2063,66.5856,245.5344
284.0945,59.9952,69.2757,255.4540
287.8107,59.8789,70.6612,260.5631
287.9086,58.6124,67.9173,250.4451
291.4022,47.1433,70.6612,260.5631
289.8459,39.0163,73.5159,271.0898
281.5549,34.3261,73.5159,271.0898
277.4758,35.8856,72.0744,265.7743
271.9484,35.3562,73.5159,271.0898
273.7646,40.2524,70.6612,260.5631
267.6996,38.5996,72.0744,265.7743
267.9159,44.0215,69.2757,255.4540
271.2069,44.6173,67.9173,250.4451
273.8636,41.4111,67.9173,250.4451
274.5259,35.9329,66.5856,245.5344
275.9669,37.9362,64.0000,236.0000
276.0122,29.9954,66.5856,245.5344
275.9397,31.1403,66.5856,245.5344
279.4592,32.1487,66.5856,245.5344
278.5880,31.7177,67.9173,250.4451
280.8181,37.8665,66.5856,245.5344
281.1451,38.6272,66.5856,245.5344
285.2034,46.2049,64.0000,236.0000
284.6172,45.7026,64.0000,236.0000
289.9743,51.0207,62.7451,231.3725
292.0280,56.5957,60.3086,222.3881
296.0699,52.9905,61.5148,226.8358
299.3531,57.2248,59.1261,218.0275
298.4922,49.0350,61.5148,226.8358
297.1169,42.7185,64.0000,236.0000
305.4149,38.4511,64.0000,236.0000
304.1908,36.6666,62.7451,231.3725
298.8142,27.0838,65.2800,240.7200
301.0970,33.0781,64.0000,236.0000
308.0562,37.6728,64.0000,236.0000
312.1768,38.9277,61.5148,226.8358
317.1962,35.1445,64.0000,236.0000
318.4227,36.6727,62.7451,231.3725
323.3559,40.8134,60.3086,222.3881
324.3543,41.9457,59.1261,218.0275
319.8578,42.3469,60.3086,222.3881
320.2726,44.9854,59.1261,218.0275
326.1193,48.8347,56.8302,209.5612
327.5351,47.9522,56.8302,209.5612
325.9200,51.3590,54.6234,201.4237
326.7864,56.9203,52.5023,193.6022
324.7828,53.6018,54.6234,201.4237
327.0028,56.6688,53.5523,197.4742
328.8754,57.7100,53.5523,197.4742
329.7059,51.3587,53.5523,197.4742
328.3132,47.5886,55.7159,205.4522
329.2961,49.5846,53.5523,197.4742
325.8297,47.1429,55.7159,205.4522
323.8507,46.4624,56.8302,209.5612
325.6634,48.9767,54.6234,201.4237
326.7763,49.7886,55.7159,205.4522
328.0794,50.6469,56.8302,209.5612
326.3499,54.6997,54.6234,201.4237
326.6512,58.0063,53.5523,197.4742
323.9701,60.0752,51.4728,189.8061
320.4269,58.1950,53.5523,197.4742
317.0022,58.5418,52.5023,193.6022
311.9335,59.1377,53.5523,197.4742
301.6568,62.6842,51.4728,189.8061
298.0828,64.8802,50.4636,186.0844
292.8607,69.0579,48.5040,178.8585
290.4047,66.7778,48.5040,178.8585
282.5298,62.4501,47.5529,175.3515
278.5124,60.7452,47.5529,175.3515
271.6975,56.1261,48.5040,178.8585
269.8325,56.8511,48.5040,178.8585
265.2646,59.4933,48.5040,178.8585
267.0726,61.9615,48.5040,178.8585
267.4156,61.2821,49.4741,182.4357
267.5380,65.8099,47.5529,175.3515
265.7279,65.0979,47.5529,175.3515
264.9715,60.6943,49.4741,182.4357
265.3675,59.3805,48.5040,178.8585
265.6930,56.9249,48.5040,178.8585
269.0142,55.6682,46.6205,171.9132
269.1575,51.2551,46.6205,171.9132
270.6101,48.5868,48.5040,178.8585
273.2953,49.6501,48.5040,178.8585
277.0907,52.9735,49.4741,182.4357
275.3711,48.8294,51.4728,189.8061
276.3076,51.1420,53.5523,197.4742
276.7930,51.5695,53.5523,197.4742
279.1766,59.7398,51.4728,189.8061
279.5646,62.8751,51.4728,189.8061
280.6197,63.8798,52.5023,193.6022
280.5245,63.8461,53.5523,197.4742
282.4639,66.2639,52.5023,193.6022
283.7486,68.2254,50.4636,186.0844
289.8383,70.8907,49.4741,182.4357
293.0114,72.1703,48.5040,178.8585
299.6946,74.1084,48.5040,178.8585
301.3895,75.4557,49.4741,182.4357
304.5122,72.3067,50.4636,186.0844
305.9103,71.6172,48.5040,178.8585
305.3247,73.4264,46.6205,171.9132
305.1678,75.6356,44.8102,165.2376
304.5203,79.8780,43.0702,158.8212
302.8975,83.4572,41.3977,152.6540
297.1351,79.0939,43.0702,158.8212
294.0089,75.9175,44.8102,165.2376
288.1474,72.5792,45.7064,168.5424
284.9081,67.4885,47.5529,175.3515
282.7638,66.4526,48.5040,178.8585
281.7373,66.2548,48.5040,178.8585
277.3295,67.4213,48.5040,178.8585
276.9671,67.6488,48.5040,178.8585
275.8120,68.0402,47.5529,175.3515
276.7452,66.9749,47.5529,175.3515
275.6138,67.0098,49.4741,182.4357
276.1298,70.4839,47.5529,175.3515
274.8345,71.7879,46.6205,171.9132
279.4993,71.4575,46.6205,171.9132
284.7686,70.6672,48.5040,178.8585
287.1866,69.0791,49.4741,182.4357
293.3029,71.0365,50.4636,186.0844
294.2664,68.3796,51.4728,189.8061
293.9970,69.2916,51.4728,189.8061
296.9110,72.6619,50.4636,186.0844
305.0379,78.7571,48.5040,178.8585
303.8536,73.2207,50.4636,186.0844
303.6186,80.2500,48.5040,178.8585
303.8188,80.4642,49.4741,182.4357
307.3897,84.8381,49.4741,182.4357
309.2328,83.5154,50.4636,186.0844
315.4006,89.8259,49.4741,182.4357
317.7330,94.2834,47.5529,175.3515
301.4877,87.0153,46.6205,171.9132
293.6438,81.8976,48.5040,178.8585
291.3305,83.6021,48.5040,178.8585
290.6802,86.8842,47.5529,175.3515
289.9585,89.6358,45.7064,168.5424
286.7906,93.3637,45.7064,168.5424
283.0449,90.3552,47.5529,175.3515
282.0431,95.8766,45.7064,168.5424
343.9330,106.1567,45.7064,168.5424
342.6074,106.8770,45.7064,168.5424
339.9212,108.9621,43.9316,161.9977
340.7980,111.6248,42.2257,155.7071
332.2691,111.0458,41.3977,152.6540
328.9873,108.2288,42.2257,155.7071
323.6415,104.6297,43.0702,158.8212
319.8693,98.5434,44.8102,165.2376
316.7774,91.8390,45.7064,168.5424
316.8740,91.4615,43.9316,161.9977
314.5005,89.6007,42.2257,155.7071
314.1083,93.6259,40.5860,149.6608
308.4645,94.9528,40.5860,149.6608
289.1287,99.2625,42.2257,155.7071
293.2482,100.9434,42.2257,155.7071
292.0717,99.5594,43.9316,161.9977
288.0064,98.6515,45.7064,168.5424
286.8676,101.5729,44.8102,165.2376
283.8330,99.9948,45.7064,168.5424
280.3383,94.9791,47.5529,175.3515
276.7560,91.1419,49.4741,182.4357
273.0569,86.3106,50.4636,186.0844
271.0834,80.8877,51.4728,189.8061
269.1691,75.4561,53.5523,197.4742
267.0468,70.9835,51.4728,189.8061
269.7189,68.3180,52.5023,193.6022
276.5896,70.0597,52.5023,193.6022
278.2318,66.7464,54.6234,201.4237
282.3575,69.1203,54.6234,201.4237
287.2884,75.1447,52.5023,193.6022
282.2240,88.8994,50.4636,186.0844
283.3022,95.6613,48.5040,178.8585
282.6734,102.3067,47.5529,175.3515
279.1845,102.0490,49.4741,182.4357
271.7034,104.2809,47.5529,175.3515
267.4147,103.2269,47.5529,175.3515
259.2191,101.5249,48.5040,178.8585
255.7967,103.0118,47.5529,175.3515
248.1155,98.7291,49.4741,182.4357
244.4389,93.4573,51.4728,189.8061
244.5941,93.2096,49.4741,182.4357
242.9984,91.5683,49.4741,182.4357
243.5661,87.0161,51.4728,189.8061
245.6280,87.2320,51.4728,189.8061
250.0149,85.5934,53.5523,197.4742
251.7042,88.4058,52.5023,193.6022
267.1227,81.1503,54.6234,201.4237
271.3130,77.7205,55.7159,205.4522
272.5882,81.8515,55.7159,205.4522
274.4068,81.8961,56.8302,209.5612
277.1761,83.2311,56.8302,209.5612
278.2911,85.3955,55.7159,205.4522
279.1442,83.7954,55.7159,205.4522
278.5718,80.9968,57.9668,213.7525
276.6410,80.7417,55.7159,205.4522
275.5019,78.4572,57.9668,213.7525
275.0612,74.5416,57.9668,213.7525
276.5205,73.4691,57.9668,213.7525
277.5765,75.4750,56.8302,209.5612
279.2490,74.1921,56.8302,209.5612
278.8218,69.4972,57.9668,213.7525
281.7415,73.6303,55.7159,205.4522
282.0492,75.5428,55.7159,205.4522
283.6674,76.8248,55.7159,205.4522
287.5211,82.6738,54.6234,201.4237
289.5238,86.9531,53.5523,197.4742
288.8553,85.7567,55.7159,205.4522
288.7208,89.5512,55.7159,205.4522
289.7849,94.8983,53.5523,197.4742
291.3369,98.2065,51.4728,189.8061
288.9976,105.1672,50.4636,186.0844
289.6778,107.6061,48.5040,178.8585
284.6114,103.6255,49.4741,182.4357
279.3871,97.6078,51.4728,189.8061
276.7796,95.7883,52.5023,193.6022
273.2961,90.4837,54.6234,201.4237
272.0517,88.6133,55.7159,205.4522
271.9161,85.2595,57.9668,213.7525
272.2909,84.1519,59.1261,218.0275
271.8858,84.5060,60.3086,222.3881
270.6655,85.9188,61.5148,226.8358
271.4665,93.1920,59.1261,218.0275
268.7946,95.2937,59.1261,218.0275
269.9494,102.5369,57.9668,213.7525
270.3708,102.7555,56.8302,209.5612
269.9096,100.9605,56.8302,209.5612
269.1540,96.0982,57.9668,213.7525
265.2631,89.8555,59.1261,218.0275
258.5599,81.1897,61.5148,226.8358
230.4638,67.7159,64.0000,236.0000
227.7155,59.8212,66.5856,245.5344
223.8910,53.8455,69.2757,255.4540
225.6009,47.1825,72.0744,265.7743
228.9026,46.2965,74.9862,276.5116
233.3323,47.6059,73.5159,271.0898
235.6494,55.0829,72.0744,265.7743
235.2812,53.0261,72.0744,265.7743
240.3035,60.2556,70.6612,260.5631
243.0447,62.4854,69.2757,255.4540
251.6269,68.6175,67.9173,250.4451
255.6169,71.4568,66.5856,245.5344
264.0088,66.8309,69.2757,255.4540
273.9807,70.2214,66.5856,245.5344
278.5214,64.4970,67.9173,250.4451
278.1500,61.6818,69.2757,255.4540
280.6074,62.7641,67.9173,250.4451
279.6404,54.7810,70.6612,260.5631
274.5723,43.1354,73.5159,271.0898
270.0337,42.6032,73.5159,271.0898
270.3077,47.9389,73.5159,271.0898
268.6425,48.3086,74.9862,276.5116
266.4421,54.9212,73.5159,271.0898
264.8482,59.3266,70.6612,260.5631
261.8661,64.0336,69.2757,255.4540
261.9297,64.6301,69.2757,255.4540
265.9651,59.1029,70.6612,260.5631
265.4005,58.4918,69.2757,255.4540
271.6555,46.9783,72.0744,265.7743
276.0710,45.3954,72.0744,265.7743
285.0835,40.4620,73.5159,271.0898
288.2509,41.4830,72.0744,265.7743
290.3765,35.4072,74.9862,276.5116
295.8930,37.3373,73.5159,271.0898
299.9997,35.6267,73.5159,271.0898
294.0797,34.9073,73.5159,271.0898
283.3118,25.8704,74.9862,276.5116
325.3239,34.5939,73.5159,271.0898
269.6035,28.1793,76.4859,282.0418
262.8769,30.8021,76.4859,282.0418
264.1571,30.1634,74.9862,276.5116
266.9867,37.9748,72.0744,265.7743
263.8130,28.1374,74.9862,276.5116
259.6028,23.4616,74.9862,276.5116
260.6505,17.5197,73.5159,271.0898
262.2826,13.8029,73.5159,271.0898
253.9228,31.0556,70.6612,260.5631
253.1668,28.0843,73.5159,271.0898
256.8240,29.3239,76.4859,282.0418
259.9823,39.5756,73.5159,271.0898
260.1069,46.6802,70.6612,260.5631
258.1732,49.1049,69.2757,255.4540
250.3430,52.8255,67.9173,250.4451
251.5766,56.4163,67.9173,250.4451
249.6549,59.9969,65.2800,240.7200
248.3461,62.3236,64.0000,236.0000
239.2076,59.9832,62.7451,231.3725
232.1496,49.0508,64.0000,236.0000
225.1635,40.1062,66.5856,245.5344
223.3137,40.0306,66.5856,245.5344
204.9036,62.1618,65.2800,240.7200
207.0020,61.2072,65.2800,240.7200
207.1239,72.7035,62.7451,231.3725
205.4153,73.5243,64.0000,236.0000
199.4007,64.0879,66.5856,245.5344
201.9852,67.2900,65.2800,240.7200
200.5197,60.9204,67.9173,250.4451
198.7484,57.0485,67.9173,250.4451
206.5087,52.9304,65.2800,240.7200
203.3402,54.5453,66.5856,245.5344
209.5000,60.8035,66.5856,245.5344
209.5978,56.2952,69.2757,255.4540
213.1967,64.2858,66.5856,245.5344
217.5087,69.8781,64.0000,236.0000
217.7132,75.2874,61.5148,226.8358
215.1604,74.7858,61.5148,226.8358
214.1252,76.3576,60.3086,222.3881
214.4777,75.6624,59.1261,218.0275
207.5480,72.7822,60.3086,222.3881
205.2244,74.3572,60.3086,222.3881
205.1092,83.7712,59.1261,218.0275
208.2250,75.9718,59.1261,218.0275
212.2041,80.1803,59.1261,218.0275
211.7393,80.0028,61.5148,226.8358
214.4954,85.9733,59.1261,218.0275
214.7030,89.6487,57.9668,213.7525
211.8195,87.3824,60.3086,222.3881
214.4275,91.9920,57.9668,213.7525
218.1237,89.6840,59.1261,218.0275
220.8210,92.4924,57.9668,213.7525
221.1117,95.6476,57.9668,213.7525
222.0522,99.5219,55.7159,205.4522
224.0635,100.5693,54.6234,201.4237
225.0721,105.5085,52.5023,193.6022
221.2450,107.2949,53.5523,197.4742
222.8497,109.4723,52.5023,193.6022
220.0563,105.1219,54.6234,201.4237
220.0306,101.7482,56.8302,209.5612
220.7643,93.0791,59.1261,218.0275
218.6913,88.9396,61.5148,226.8358
223.4949,79.0376,64.0000,236.0000
224.9838,79.0058,64.0000,236.0000
233.2472,69.1321,66.5856,245.5344
234.9098,66.2960,65.2800,240.7200
242.6677,60.5168,66.5856,245.5344
246.9789,61.9573,66.5856,245.5344
255.0768,63.2592,69.2757,255.4540
256.7024,61.9497,72.0744,265.7743
257.8430,63.7037,73.5159,271.0898
262.8897,71.7322,70.6612,260.5631
269.6932,75.5177,69.2757,255.4540
274.2984,78.2329,67.9173,250.4451
277.9553,75.8430,69.2757,255.4540
