122.0000,51.0000,51.0000,61.0000
121.5394,50.6573,51.0000,61.0000
121.6311,51.1065,51.0000,61.0000
121.6415,51.7582,51.0000,61.0000
121.6128,52.7745,51.0000,61.0000
121.4769,53.9845,51.0000,61.0000
121.2312,55.0580,51.0000,61.0000
120.9907,55.5774,51.0000,61.0000
120.7840,56.1324,51.0000,61.0000
120.5832,56.5704,51.0000,61.0000
120.5472,57.0901,51.0000,61.0000
120.4302,57.2767,51.0000,61.0000
120.1280,57.4737,51.0000,61.0000
119.9494,57.7878,51.0000,61.0000
118.8120,56.7998,52.0200,62.2200
119.9132,58.3521,51.0000,61.0000
119.7163,58.6201,51.0000,61.0000
119.5102,59.1694,51.0000,61.0000
119.3624,59.2989,51.0000,61.0000
119.1056,59.5603,51.0000,61.0000
119.0313,59.7156,51.0000,61.0000
118.8712,59.8605,51.0000,61.0000
118.6336,60.0936,51.0000,61.0000
118.4131,60.3779,51.0000,61.0000
118.2458,60.6406,51.0000,61.0000
118.1352,60.8273,51.0000,61.0000
118.0534,60.9713,51.0000,61.0000
117.8104,60.9956,51.0000,61.0000
117.5204,60.9293,51.0000,61.0000
117.2186,60.6669,51.0000,61.0000
115.9146,59.3831,52.0200,62.2200
115.9326,60.0317,51.0000,61.0000
114.4447,59.7298,51.0000,61.0000
112.6938,59.2360,51.0000,61.0000
110.6907,58.5561,51.0000,61.0000
108.9339,58.1138,50.0000,59.8039
107.3153,57.0107,51.0000,61.0000
104.9971,55.5883,52.0200,62.2200
105.0999,56.3463,50.0000,59.8039
104.8791,55.9583,51.0000,61.0000
104.8044,55.7543,51.0000,61.0000
105.3441,55.5300,51.0000,61.0000
105.8795,55.1714,51.0000,61.0000
105.4073,53.6703,52.0200,62.2200
107.1719,53.6072,51.0000,61.0000
108.6665,52.5068,51.0000,61.0000
109.2993,51.0401,52.0200,62.2200
111.0883,51.5651,51.0000,61.0000
111.7394,51.5539,51.0000,61.0000
111.9638,52.0194,51.0000,61.0000
112.2106,52.8377,51.0000,61.0000
112.5690,54.0618,51.0000,61.0000
112.7181,55.4921,51.0000,61.0000
113.0659,57.3469,51.0000,61.0000
113.1425,59.4463,51.0000,61.0000
113.1897,61.8008,51.0000,61.0000
113.4165,64.0104,51.0000,61.0000
113.2906,65.8958,51.0000,61.0000
112.2144,66.5376,52.0200,62.2200
111.4336,67.7426,54.1216,64.7337
111.1665,69.8082,54.1216,64.7337
110.2327,71.7505,55.2040,66.0284
110.0724,74.7531,53.0604,63.4644
109.8413,76.6686,53.0604,63.4644
109.4797,77.5054,55.2040,66.0284
111.0072,79.0106,54.1216,64.7337
111.7943,79.0460,55.2040,66.0284
112.4921,78.9817,56.3081,67.3489
115.0908,80.4561,54.1216,64.7337
116.3938,81.3022,53.0604,63.4644
117.8473,81.9351,53.0604,63.4644
119.5025,82.0772,53.0604,63.4644
121.2052,81.5038,53.0604,63.4644
122.4652,81.0537,53.0604,63.4644
122.8951,80.4035,53.0604,63.4644
122.7795,79.1838,53.0604,63.4644
121.8349,77.5045,53.0604,63.4644
121.3115,75.1034,54.1216,64.7337
121.1168,72.9208,54.1216,64.7337
119.5381,69.7403,56.3081,67.3489
118.2912,66.6602,57.4343,68.6959
118.7621,65.9317,56.3081,67.3489
120.1880,65.8379,54.1216,64.7337
119.4783,64.4572,55.2040,66.0284
119.7027,63.6927,55.2040,66.0284
119.6921,63.2947,55.2040,66.0284
119.5341,62.8562,55.2040,66.0284
119.2517,62.2583,55.2040,66.0284
118.8102,61.6191,55.2040,66.0284
118.9780,61.0240,53.0604,63.4644
118.1676,60.0462,54.1216,64.7337
116.8805,58.2041,55.2040,66.0284
116.5070,57.2991,54.1216,64.7337
115.0735,56.2894,53.0604,63.4644
114.8190,56.7918,51.0000,61.0000
112.7697,55.8283,50.0000,59.8039
110.5479,55.1992,50.0000,59.8039
108.7478,54.5999,50.0000,59.8039
107.0371,54.3251,51.0000,61.0000
104.4591,52.9370,52.0200,62.2200
104.3437,53.7318,51.0000,61.0000
103.4732,53.8498,50.0000,59.8039
102.8782,53.6629,51.0000,61.0000
102.3349,53.6188,51.0000,61.0000
101.9295,53.3911,51.0000,61.0000
101.3003,52.9552,51.0000,61.0000
101.1743,52.5961,51.0000,61.0000
101.5314,52.5263,51.0000,61.0000
100.8589,51.5015,52.0200,62.2200
102.7955,52.7108,51.0000,61.0000
103.7291,53.0977,51.0000,61.0000
104.4730,53.5435,51.0000,61.0000
105.3263,53.8717,51.0000,61.0000
105.8891,54.3939,51.0000,61.0000
106.5837,55.1497,51.0000,61.0000
107.5178,56.0791,51.0000,61.0000
108.6698,57.3571,51.0000,61.0000
109.7710,58.5957,51.0000,61.0000
110.5402,59.8616,51.0000,61.0000
111.9306,61.7861,49.0196,58.6313
111.8384,62.7732,49.0196,58.6313
110.7124,62.6509,51.0000,61.0000
108.9501,61.6089,53.0604,63.4644
111.2470,63.8012,51.0000,61.0000
110.7947,63.3362,52.0200,62.2200
112.7961,64.8668,51.0000,61.0000
112.5857,65.0363,51.0000,61.0000
111.0396,64.0423,53.0604,63.4644
110.7967,63.7000,54.1216,64.7337
111.6224,63.6665,52.0200,62.2200
112.7135,64.3093,50.0000,59.8039
112.4772,63.8137,50.0000,59.8039
112.4138,63.9035,51.0000,61.0000
112.5858,63.7369,50.0000,59.8039
112.4948,63.8570,51.0000,61.0000
112.5173,64.1004,51.0000,61.0000
112.6147,64.0486,50.0000,59.8039
111.2185,63.3721,52.0200,62.2200
110.6889,63.4070,52.0200,62.2200
111.1968,64.3254,50.0000,59.8039
110.1421,64.0125,51.0000,61.0000
109.5292,63.9930,51.0000,61.0000
106.4720,62.0987,53.0604,63.4644
105.4888,62.2838,52.0200,62.2200
102.9330,61.7095,53.0604,63.4644
102.7170,62.7605,51.0000,61.0000
101.4759,62.6492,51.0000,61.0000
101.3409,62.8820,51.0000,61.0000
100.5922,61.8739,52.0200,62.2200
100.6173,61.6625,53.0604,63.4644
100.7145,61.9250,53.0604,63.4644
100.4862,61.7433,55.2040,66.0284
101.3023,62.6504,54.1216,64.7337
102.0459,63.1242,53.0604,63.4644
102.8103,64.0785,52.0200,62.2200
103.3024,64.4326,52.0200,62.2200
103.6343,64.7294,52.0200,62.2200
104.9524,65.8354,51.0000,61.0000
104.1776,64.8270,52.0200,62.2200
105.4898,65.6258,51.0000,61.0000
105.6940,65.4716,51.0000,61.0000
106.0074,65.1936,51.0000,61.0000
106.2521,65.1309,51.0000,61.0000
106.2980,64.9521,51.0000,61.0000
106.4151,64.9838,51.0000,61.0000
106.4494,65.0013,51.0000,61.0000
106.6548,64.9908,51.0000,61.0000
106.7333,64.7728,51.0000,61.0000
106.7101,64.7481,51.0000,61.0000
106.5717,64.8440,51.0000,61.0000
106.4892,64.7409,51.0000,61.0000
106.0327,64.6690,51.0000,61.0000
105.4556,64.3234,51.0000,61.0000
104.9943,64.1273,51.0000,61.0000
104.5128,63.6124,51.0000,61.0000
104.0285,63.3334,51.0000,61.0000
103.4222,62.9905,51.0000,61.0000
102.9724,62.5349,51.0000,61.0000
101.5072,60.9376,53.0604,63.4644
101.6103,61.3037,52.0200,62.2200
102.3850,61.8908,51.0000,61.0000
102.0603,61.9682,51.0000,61.0000
101.6328,62.0108,51.0000,61.0000
102.3969,63.2344,49.0196,58.6313
103.3210,64.4241,47.1161,56.3546
103.2052,64.6531,47.1161,56.3546
102.1690,64.0118,48.0584,57.4817
101.9882,64.0975,48.0584,57.4817
103.1406,65.0351,47.1161,56.3546
102.2522,63.9036,48.0584,57.4817
102.3780,64.1207,48.0584,57.4817
102.5350,64.1166,48.0584,57.4817
103.7010,65.0411,47.1161,56.3546
103.7411,65.2285,46.1923,55.2496
104.1149,65.4092,46.1923,55.2496
104.4960,65.7066,46.1923,55.2496
105.0892,65.8224,46.1923,55.2496
106.2712,67.3052,45.2865,54.1663
106.5426,67.6941,45.2865,54.1663
105.7721,67.1845,46.1923,55.2496
107.2772,69.2623,44.3986,53.1042
107.2461,69.1972,45.2865,54.1663
107.6018,69.7532,45.2865,54.1663
107.7974,70.2160,45.2865,54.1663
107.9974,70.7706,45.2865,54.1663
108.4077,71.0919,45.2865,54.1663
108.3236,71.3336,45.2865,54.1663
108.0302,71.9241,45.2865,54.1663
107.8760,72.3517,45.2865,54.1663
107.4930,72.6249,45.2865,54.1663
107.3291,72.9663,45.2865,54.1663
107.0713,73.2617,45.2865,54.1663
106.5332,73.2388,45.2865,54.1663
106.4074,73.1980,45.2865,54.1663
105.3307,72.2128,46.1923,55.2496
106.0160,73.0599,45.2865,54.1663
105.8016,72.5619,45.2865,54.1663
106.0536,72.9118,43.5280,52.0629
105.5420,72.3180,45.2865,54.1663
105.5298,72.5589,43.5280,52.0629
104.7790,72.1050,45.2865,54.1663
104.9979,72.3408,43.5280,52.0629
104.3420,71.5236,45.2865,54.1663
104.2565,71.7918,44.3986,53.1042
103.2406,70.9513,45.2865,54.1663
102.8179,71.1857,43.5280,52.0629
102.6643,70.4673,45.2865,54.1663
101.8551,70.5286,45.2865,54.1663
101.4428,70.2593,45.2865,54.1663
100.1750,69.1420,46.1923,55.2496
100.7779,69.6805,45.2865,54.1663
100.7670,69.4492,45.2865,54.1663
100.9833,70.3316,43.5280,52.0629
102.1070,70.9910,42.6745,51.0421
101.9443,71.1805,43.5280,52.0629
102.3960,71.7787,44.3986,53.1042
101.9700,71.5820,45.2865,54.1663
101.9346,72.1156,45.2865,54.1663
100.4406,71.5518,46.1923,55.2496
99.9983,71.7079,46.1923,55.2496
99.9510,71.7892,46.1923,55.2496
100.9641,72.6180,45.2865,54.1663
101.3717,72.7693,43.5280,52.0629
101.4498,72.3156,45.2865,54.1663
100.9753,71.2046,47.1161,56.3546
101.3727,71.0695,47.1161,56.3546
101.7781,71.1352,47.1161,56.3546
101.5579,71.2106,47.1161,56.3546
101.3518,71.4442,47.1161,56.3546
101.9991,72.4755,45.2865,54.1663
101.6782,72.4252,45.2865,54.1663
100.7505,71.0661,47.1161,56.3546
100.5082,70.0997,47.1161,56.3546
100.1016,68.6543,47.1161,56.3546
99.6118,67.3116,46.1923,55.2496
99.6393,65.7924,47.1161,56.3546
99.6219,64.0661,47.1161,56.3546
99.7699,62.3895,47.1161,56.3546
99.7827,60.7051,47.1161,56.3546
99.5828,58.9653,47.1161,56.3546
99.3603,56.9014,46.1923,55.2496
98.2887,54.2133,48.0584,57.4817
98.2244,52.4533,48.0584,57.4817
98.1547,50.4392,48.0584,57.4817
98.9100,49.3215,46.1923,55.2496
98.1230,46.9440,48.0584,57.4817
98.3384,45.8142,48.0584,57.4817
98.5365,44.3442,48.0584,57.4817
97.8672,42.2917,50.0000,59.8039
98.2783,41.6900,50.0000,59.8039
98.3327,40.9868,50.0000,59.8039
99.7027,41.2108,48.0584,57.4817
99.4147,40.6620,50.0000,59.8039
99.7624,41.2206,50.0000,59.8039
100.8974,42.3455,48.0584,57.4817
100.5627,42.6063,50.0000,59.8039
101.4828,43.9430,51.0000,61.0000
102.2968,45.0051,51.0000,61.0000
104.3495,47.1379,49.0196,58.6313
105.7963,48.1344,49.0196,58.6313
108.1611,50.4045,47.1161,56.3546
108.5877,50.2805,49.0196,58.6313
109.4905,51.0302,48.0584,57.4817
109.7016,50.8380,50.0000,59.8039
111.4687,52.0524,48.0584,57.4817
112.2066,52.4645,48.0584,57.4817
112.8575,52.8861,49.0196,58.6313
111.8073,52.2611,51.0000,61.0000
113.2242,53.8513,49.0196,58.6313
112.5991,53.6197,51.0000,61.0000
114.4907,55.2787,49.0196,58.6313
115.2698,56.4902,49.0196,58.6313
115.9591,57.6555,49.0196,58.6313
115.5016,58.1721,50.0000,59.8039
117.4165,60.4161,49.0196,58.6313
117.1521,60.7801,51.0000,61.0000
116.0623,60.7784,53.0604,63.4644
117.6143,63.2742,51.0000,61.0000
115.9362,63.3357,53.0604,63.4644
117.3005,66.1226,51.0000,61.0000
117.2852,67.8123,51.0000,61.0000
116.7832,69.3294,51.0000,61.0000
117.0147,71.1201,50.0000,59.8039
115.5832,71.5781,52.0200,62.2200
115.9170,73.2471,51.0000,61.0000
115.1240,73.9282,51.0000,61.0000
114.5872,74.1018,51.0000,61.0000
113.8690,74.5818,51.0000,61.0000
113.7086,74.3585,51.0000,61.0000
113.7003,74.6591,51.0000,61.0000
113.4411,74.9360,51.0000,61.0000
113.0935,75.1158,51.0000,61.0000
111.1302,74.0476,53.0604,63.4644
112.1149,74.9716,51.0000,61.0000
111.5222,74.6249,51.0000,61.0000
109.1855,72.2757,53.0604,63.4644
107.0751,71.3274,55.2040,66.0284
106.7528,71.1514,53.0604,63.4644
105.3710,70.2906,53.0604,63.4644
103.9580,69.9426,53.0604,63.4644
103.8363,70.7528,51.0000,61.0000
100.8187,69.0230,53.0604,63.4644
100.5896,69.9715,51.0000,61.0000
97.6800,68.1878,53.0604,63.4644
95.4817,66.8605,55.2040,66.0284
94.3431,66.1074,55.2040,66.0284
93.0447,66.0511,53.0604,63.4644
93.1119,66.7892,51.0000,61.0000
90.6808,65.0375,53.0604,63.4644
89.5149,64.8300,54.1216,64.7337
88.2429,64.4739,53.0604,63.4644
86.6562,63.8343,55.2040,66.0284
84.4140,62.7545,56.3081,67.3489
84.2764,63.6244,54.1216,64.7337
82.8620,62.6137,55.2040,66.0284
81.5626,62.3037,55.2040,66.0284
79.5777,62.8818,55.2040,66.0284
78.2744,62.8089,55.2040,66.0284
76.3140,62.6964,56.3081,67.3489
74.6259,62.7799,56.3081,67.3489
71.9025,62.2751,57.4343,68.6959
72.3550,63.8348,55.2040,66.0284
71.4437,64.1962,54.1216,64.7337
70.1780,64.3761,53.0604,63.4644
68.2990,63.7523,55.2040,66.0284
67.5009,64.6347,54.1216,64.7337
65.0380,63.9889,56.3081,67.3489
62.4380,62.6128,57.4343,68.6959
60.9387,62.7512,57.4343,68.6959
59.1487,62.1095,58.5830,70.0698
58.1343,62.7285,57.4343,68.6959
56.7079,63.0986,57.4343,68.6959
55.2874,63.0435,57.4343,68.6959
53.3333,62.7982,59.7546,71.4712
52.1789,62.9239,58.5830,70.0698
51.1230,62.8189,58.5830,70.0698
50.2009,62.0200,58.5830,70.0698
50.8910,63.0896,56.3081,67.3489
50.0981,62.8145,56.3081,67.3489
50.4835,63.3654,54.1216,64.7337
50.6594,63.3435,53.0604,63.4644
49.7892,62.9530,55.2040,66.0284
48.5289,61.4838,57.4343,68.6959
49.5931,61.0800,57.4343,68.6959
52.6853,60.9376,55.2040,66.0284
53.8510,59.1482,56.3081,67.3489
56.1086,58.7030,55.2040,66.0284
57.0266,57.6020,56.3081,67.3489
58.0479,57.0480,56.3081,67.3489
59.6943,56.3826,55.2040,66.0284
61.1784,54.6064,55.2040,66.0284
60.4630,51.2364,57.4343,68.6959
63.1763,50.7925,55.2040,66.0284
63.9553,48.8016,55.2040,66.0284
65.7353,47.8231,53.0604,63.4644
66.4948,45.9921,55.2040,66.0284
68.2230,45.5181,53.0604,63.4644
70.2607,44.1116,52.0200,62.2200
71.8258,42.8036,52.0200,62.2200
73.1488,41.9343,52.0200,62.2200
74.8093,40.4627,53.0604,63.4644
76.2190,38.7689,55.2040,66.0284
77.9851,37.4925,56.3081,67.3489
80.2233,37.2627,56.3081,67.3489
83.2394,37.6803,54.1216,64.7337
85.7403,38.0082,52.0200,62.2200
86.8729,37.5579,53.0604,63.4644
88.7400,38.3532,53.0604,63.4644
90.8038,39.2520,53.0604,63.4644
92.5247,40.4088,53.0604,63.4644
95.7591,42.9419,51.0000,61.0000
95.4400,42.4064,53.0604,63.4644
98.4142,45.3703,51.0000,61.0000
98.0271,45.1215,53.0604,63.4644
99.1833,46.3386,53.0604,63.4644
100.1630,47.8483,53.0604,63.4644
101.3973,50.0093,52.0200,62.2200
101.6334,51.1554,53.0604,63.4644
101.3799,52.3040,55.2040,66.0284
102.4700,55.1352,54.1216,64.7337
102.6066,57.1192,53.0604,63.4644
102.3402,58.6259,55.2040,66.0284
102.8249,61.6473,54.1216,64.7337
103.0048,63.7895,54.1216,64.7337
103.0078,66.2051,53.0604,63.4644
103.3666,68.4267,54.1216,64.7337
103.7773,70.6349,53.0604,63.4644
103.8183,72.7179,54.1216,64.7337
104.3798,74.6194,54.1216,64.7337
104.4946,76.9551,54.1216,64.7337
105.4570,79.6521,52.0200,62.2200
105.0616,81.8206,54.1216,64.7337
103.8584,83.8447,56.3081,67.3489
104.9893,86.8527,55.2040,66.0284
104.4907,88.5846,56.3081,67.3489
104.3474,91.4093,56.3081,67.3489
102.3389,92.5361,58.5830,70.0698
102.4709,95.1258,57.4343,68.6959
104.0885,99.3263,55.2040,66.0284
102.1427,100.2345,57.4343,68.6959
100.8498,102.3683,59.7546,71.4712
100.7614,104.4563,58.5830,70.0698
100.3825,107.4171,59.7546,71.4712
100.6480,109.0704,58.5830,70.0698
100.4662,112.1149,59.7546,71.4712
100.8250,114.6705,57.4343,68.6959
100.6284,117.4321,57.4343,68.6959
100.0120,118.3221,58.5830,70.0698
100.8241,121.0189,57.4343,68.6959
101.3564,125.0285,56.3081,67.3489
99.5949,124.8335,58.5830,70.0698
100.9884,128.9371,56.3081,67.3489
99.3946,128.4091,58.5830,70.0698
100.3614,132.6003,56.3081,67.3489
97.9038,132.9890,58.5830,70.0698
98.2478,135.0937,57.4343,68.6959
98.1193,138.3601,56.3081,67.3489
97.7341,139.5752,56.3081,67.3489
98.3102,141.9066,54.1216,64.7337
96.6616,142.2432,56.3081,67.3489
96.2112,143.2197,56.3081,67.3489
95.7652,144.7375,56.3081,67.3489
94.2906,144.7646,57.4343,68.6959
94.3814,147.5323,56.3081,67.3489
93.7611,149.0514,56.3081,67.3489
91.2400,147.9605,58.5830,70.0698
91.6028,150.8417,56.3081,67.3489
89.6276,150.2485,57.4343,68.6959
87.8186,149.8656,59.7546,71.4712
85.8597,148.0917,62.1687,74.3587
86.1021,149.8861,59.7546,71.4712
85.0852,150.5182,59.7546,71.4712
84.1521,151.3863,58.5830,70.0698
82.9610,152.7142,58.5830,70.0698
82.4195,153.1416,58.5830,70.0698
81.3630,152.0878,59.7546,71.4712
80.7920,150.8492,57.4343,68.6959
80.1768,147.7398,58.5830,70.0698
79.4999,145.2231,58.5830,70.0698
79.1842,142.4318,58.5830,70.0698
79.1548,139.4046,59.7546,71.4712
78.1903,134.9413,62.1687,74.3587
77.1418,130.3019,63.4121,75.8458
76.6730,125.5878,64.6803,77.3627
76.6089,120.8760,64.6803,77.3627
77.1105,116.8577,64.6803,77.3627
77.2915,113.1385,65.9739,78.9100
77.8781,110.5015,65.9739,78.9100
77.0520,106.5025,68.6393,82.0980
79.2002,104.4315,65.9739,78.9100
79.9688,100.7088,64.6803,77.3627
80.8032,96.6769,64.6803,77.3627
82.8917,94.9982,63.4121,75.8458
84.0156,93.3082,63.4121,75.8458
85.2265,92.1077,63.4121,75.8458
85.9859,90.1384,64.6803,77.3627
87.7561,88.7110,65.9739,78.9100
89.3025,87.0446,65.9739,78.9100
91.3156,86.0213,63.4121,75.8458
92.3337,84.1478,64.6803,77.3627
94.9724,83.6568,63.4121,75.8458
97.7734,84.4643,62.1687,74.3587
99.5991,84.8230,62.1687,74.3587
101.3586,85.6934,62.1687,74.3587
103.1238,86.0796,62.1687,74.3587
104.5811,85.7498,62.1687,74.3587
106.6046,85.7939,60.9497,72.9006
108.8735,85.8748,58.5830,70.0698
109.0145,85.1958,60.9497,72.9006
109.8336,84.3346,62.1687,74.3587
111.4222,84.0106,62.1687,74.3587
113.0987,83.6424,62.1687,74.3587
116.0020,83.9068,60.9497,72.9006
118.0057,82.9988,60.9497,72.9006
119.6412,82.4944,60.9497,72.9006
119.7437,80.7300,63.4121,75.8458
123.6266,81.0559,62.1687,74.3587
125.6421,81.0576,60.9497,72.9006
128.5239,81.2858,58.5830,70.0698
132.3796,82.3949,56.3081,67.3489
134.8896,82.1913,56.3081,67.3489
137.1674,82.2808,56.3081,67.3489
140.0429,82.0615,56.3081,67.3489
143.4157,83.5149,54.1216,64.7337
145.3760,83.8459,54.1216,64.7337
147.4428,84.0884,54.1216,64.7337
149.5260,85.0958,54.1216,64.7337
149.7086,85.3997,56.3081,67.3489
151.9960,87.3475,54.1216,64.7337
154.0583,89.1210,53.0604,63.4644
154.7924,90.9510,55.2040,66.0284
155.5935,93.3289,55.2040,66.0284
156.9005,96.2027,54.1216,64.7337
157.5494,98.6291,54.1216,64.7337
157.4204,100.6003,54.1216,64.7337
158.4185,104.6455,54.1216,64.7337
159.5680,106.0353,53.0604,63.4644
161.2207,107.4703,53.0604,63.4644
162.4720,107.4127,55.2040,66.0284
164.1459,106.9316,56.3081,67.3489
166.6792,107.6817,54.1216,64.7337
166.9541,104.7598,56.3081,67.3489
169.0554,102.7297,55.2040,66.0284
167.7169,98.2431,57.4343,68.6959
167.0670,95.1647,57.4343,68.6959
170.2765,92.5846,56.3081,67.3489
171.7284,88.5169,55.2040,66.0284
172.7727,85.3821,55.2040,66.0284
173.6692,83.1327,54.1216,64.7337
174.3735,80.1239,55.2040,66.0284
174.6062,77.3418,54.1216,64.7337
174.3053,75.1010,54.1216,64.7337
175.2770,73.4578,52.0200,62.2200
174.6729,70.6220,52.0200,62.2200
174.3045,69.4859,50.0000,59.8039
173.8288,66.2260,50.0000,59.8039
173.2405,62.5211,52.0200,62.2200
172.8063,59.0805,54.1216,64.7337
174.0704,55.6416,54.1216,64.7337
173.8188,51.9471,56.3081,67.3489
174.6915,49.4683,56.3081,67.3489
173.5328,46.8362,57.4343,68.6959
175.2847,46.8653,55.2040,66.0284
175.1871,45.3207,53.0604,63.4644
174.2355,44.3695,53.0604,63.4644
173.3731,44.4564,53.0604,63.4644
171.7644,45.4527,55.2040,66.0284
170.6193,47.5411,54.1216,64.7337
168.1419,47.7721,56.3081,67.3489
167.3001,49.3135,55.2040,66.0284
165.5680,50.8928,55.2040,66.0284
163.1008,50.5509,57.4343,68.6959
161.8367,53.3746,56.3081,67.3489
159.9677,55.3608,54.1216,64.7337
158.2797,57.1371,53.0604,63.4644
157.1844,60.8040,51.0000,61.0000
153.7660,60.1954,53.0604,63.4644
151.5934,61.4299,54.1216,64.7337
149.4177,62.9060,52.0200,62.2200
145.6885,62.3562,53.0604,63.4644
143.1330,62.4139,53.0604,63.4644
140.5372,62.9695,53.0604,63.4644
137.8688,62.4899,55.2040,66.0284
134.7838,61.9518,56.3081,67.3489
131.6568,63.8199,54.1216,64.7337
127.7025,64.8039,56.3081,67.3489
125.4895,66.9493,54.1216,64.7337
122.7482,68.8469,53.0604,63.4644
120.7506,69.5077,54.1216,64.7337
119.0155,69.4757,56.3081,67.3489
120.6679,69.8843,54.1216,64.7337
123.8441,69.4293,52.0200,62.2200
127.0655,67.6326,53.0604,63.4644
130.2055,67.0281,54.1216,64.7337
135.0087,66.8409,53.0604,63.4644
139.2400,66.9641,54.1216,64.7337
141.4190,66.2251,55.2040,66.0284
144.7151,66.5640,54.1216,64.7337
147.1990,65.8983,54.1216,64.7337
149.0463,65.5799,54.1216,64.7337
151.4766,65.2951,52.0200,62.2200
152.5754,65.5887,51.0000,61.0000
151.1425,64.9329,51.0000,61.0000
147.3479,63.1671,53.0604,63.4644
144.7972,64.1744,53.0604,63.4644
141.6327,65.6613,54.1216,64.7337
138.3625,67.2885,55.2040,66.0284
136.4719,69.9944,54.1216,64.7337
133.7406,72.4935,53.0604,63.4644
130.8035,74.2405,54.1216,64.7337
127.2984,75.5634,53.0604,63.4644
123.7197,77.3684,54.1216,64.7337
120.2638,78.1894,53.0604,63.4644
116.5410,78.9332,53.0604,63.4644
113.2300,80.2499,54.1216,64.7337
110.0333,81.1557,56.3081,67.3489
106.3346,81.9630,58.5830,70.0698
103.9705,83.6625,60.9497,72.9006
101.8511,84.1798,63.4121,75.8458
100.4569,87.5610,63.4121,75.8458
99.5324,88.7782,65.9739,78.9100
100.5115,89.7517,65.9739,78.9100
100.6081,92.3803,64.6803,77.3627
100.8631,96.1896,65.9739,78.9100
101.9088,100.0932,65.9739,78.9100
102.6073,103.3741,65.9739,78.9100
102.2876,104.5907,67.2934,80.4882
101.5483,106.6378,67.2934,80.4882
102.1656,111.0986,64.6803,77.3627
101.3278,112.7526,65.9739,78.9100
101.2792,113.4311,64.6803,77.3627
100.7922,113.9033,64.6803,77.3627
101.7981,116.1352,62.1687,74.3587
102.1605,116.8758,60.9497,72.9006
100.7474,116.4460,62.1687,74.3587
98.5150,114.1390,64.6803,77.3627
98.8748,115.4443,62.1687,74.3587
98.2271,115.7481,62.1687,74.3587
98.5272,115.4756,59.7546,71.4712
97.7708,115.1183,59.7546,71.4712
97.0227,113.0459,60.9497,72.9006
96.6777,111.2537,60.9497,72.9006
97.1871,109.7123,59.7546,71.4712
96.0820,104.3329,62.1687,74.3587
94.9750,101.0182,63.4121,75.8458
94.4548,99.1925,63.4121,75.8458
94.8790,97.8680,62.1687,74.3587
95.0888,95.5179,62.1687,74.3587
95.0229,93.4043,62.1687,74.3587
96.0491,91.8179,59.7546,71.4712
96.4010,89.7753,57.4343,68.6959
96.2608,87.9828,57.4343,68.6959
96.0393,85.4609,59.7546,71.4712
96.6022,83.4659,57.4343,68.6959
97.0519,81.3535,57.4343,68.6959
97.9455,80.2413,56.3081,67.3489
98.0986,77.7800,56.3081,67.3489
98.6094,75.8564,55.2040,66.0284
97.3845,71.8768,57.4343,68.6959
97.1463,69.4459,57.4343,68.6959
97.7183,68.4490,56.3081,67.3489
96.4325,64.9224,58.5830,70.0698
96.2810,63.2817,58.5830,70.0698
95.8911,61.6146,58.5830,70.0698
95.8659,59.6318,58.5830,70.0698
95.1234,58.6052,57.4343,68.6959
95.4754,58.5521,55.2040,66.0284
93.1829,56.8386,56.3081,67.3489
90.1328,54.9223,58.5830,70.0698
89.5306,55.5677,56.3081,67.3489
87.3808,55.5193,55.2040,66.0284
85.7475,55.2469,55.2040,66.0284
84.2561,54.1316,55.2040,66.0284
83.1730,53.3378,55.2040,66.0284
82.3402,52.6273,55.2040,66.0284
81.8168,52.3565,55.2040,66.0284
81.3538,52.7490,54.1216,64.7337
80.5386,52.0266,55.2040,66.0284
81.6553,53.1435,54.1216,64.7337
80.0975,53.1107,56.3081,67.3489
79.6105,53.9925,56.3081,67.3489
78.1196,53.6439,58.5830,70.0698
76.2833,55.6271,60.9497,72.9006
75.7680,57.3689,58.5830,70.0698
75.7106,57.5085,57.4343,68.6959
76.8148,59.4947,55.2040,66.0284
76.4354,58.3069,55.2040,66.0284
75.0536,61.0331,55.2040,66.0284
74.0756,60.3968,56.3081,67.3489
73.0663,63.4319,55.2040,66.0284
72.3989,64.8659,54.1216,64.7337
71.7408,66.6716,54.1216,64.7337
70.8776,67.4890,55.2040,66.0284
70.3330,68.8457,55.2040,66.0284
68.3265,69.4595,57.4343,68.6959
70.6566,72.4619,55.2040,66.0284
71.4614,74.2950,54.1216,64.7337
71.4516,76.4682,54.1216,64.7337
72.0926,77.8504,54.1216,64.7337
72.0121,78.2935,55.2040,66.0284
73.8936,77.4110,55.2040,66.0284
74.9245,75.7756,55.2040,66.0284
76.2856,72.8873,55.2040,66.0284
76.7154,70.4355,56.3081,67.3489
78.4572,68.1977,56.3081,67.3489
78.8279,65.1237,58.5830,70.0698
80.6540,62.8053,58.5830,70.0698
82.9943,61.8296,57.4343,68.6959
85.4148,59.4160,58.5830,70.0698
88.0321,57.5451,58.5830,70.0698
91.0243,55.3977,57.4343,68.6959
93.5176,53.5049,59.7546,71.4712
94.8307,50.9043,62.1687,74.3587
96.2940,50.0094,62.1687,74.3587
96.4378,49.3115,62.1687,74.3587
97.0651,49.2026,60.9497,72.9006
97.5965,49.0150,59.7546,71.4712
97.9689,48.3407,58.5830,70.0698
97.7937,47.9309,58.5830,70.0698
99.1321,48.6187,56.3081,67.3489
97.7555,46.6956,57.4343,68.6959
98.4048,47.3412,55.2040,66.0284
97.5929,46.1374,55.2040,66.0284
96.7103,44.3676,56.3081,67.3489
96.8983,43.6754,55.2040,66.0284
96.5998,42.6796,55.2040,66.0284
95.9490,41.6973,55.2040,66.0284
95.4745,40.7370,55.2040,66.0284
94.7681,40.1424,55.2040,66.0284
93.8864,39.9726,55.2040,66.0284
92.8846,40.6403,54.1216,64.7337
90.4661,40.1819,55.2040,66.0284
89.3071,40.6672,54.1216,64.7337
87.5458,40.5679,54.1216,64.7337
85.4780,39.5198,55.2040,66.0284
83.6508,39.0158,55.2040,66.0284
81.7726,38.3292,55.2040,66.0284
80.7150,37.3249,55.2040,66.0284
79.4887,37.1934,54.1216,64.7337
77.9522,35.1805,55.2040,66.0284
77.0522,34.1983,54.1216,64.7337
75.8393,32.4029,54.1216,64.7337
74.5599,30.4813,54.1216,64.7337
73.3004,28.7347,55.2040,66.0284
70.6186,26.0941,57.4343,68.6959
70.4934,26.0592,55.2040,66.0284
69.1550,25.7455,54.1216,64.7337
67.8443,24.7799,53.0604,63.4644
66.9759,25.1556,53.0604,63.4644
67.1641,25.7150,52.0200,62.2200
67.2127,25.4112,54.1216,64.7337
67.2272,26.0555,55.2040,66.0284
67.7690,27.5024,54.1216,64.7337
68.2571,28.6121,55.2040,66.0284
68.5571,31.1813,55.2040,66.0284
69.5458,32.5203,55.2040,66.0284
70.3895,35.0057,55.2040,66.0284
72.1107,38.0669,53.0604,63.4644
72.9827,39.8111,55.2040,66.0284
74.2473,41.6470,55.2040,66.0284
75.2159,43.6345,55.2040,66.0284
76.7611,45.8289,54.1216,64.7337
77.8305,47.4582,53.0604,63.4644
79.6317,48.8592,52.0200,62.2200
82.1294,50.3094,51.0000,61.0000
82.6479,49.5846,53.0604,63.4644
84.5072,49.4903,53.0604,63.4644
86.0137,48.5673,55.2040,66.0284
88.1366,47.7809,55.2040,66.0284
90.9169,46.7830,53.0604,63.4644
93.4475,45.4436,54.1216,64.7337
95.9257,43.7033,53.0604,63.4644
99.9885,43.6121,51.0000,61.0000
100.9571,40.1332,53.0604,63.4644
104.7325,40.1667,51.0000,61.0000
106.3310,37.0794,52.0200,62.2200
109.3394,36.6141,51.0000,61.0000
113.2629,36.0939,49.0196,58.6313
115.6969,34.7396,49.0196,58.6313
117.9510,33.2551,49.0196,58.6313
120.1620,32.4565,49.0196,58.6313
122.4715,31.4293,49.0196,58.6313
123.5672,30.5391,51.0000,61.0000
124.0695,28.3345,53.0604,63.4644
126.1192,27.9499,53.0604,63.4644
128.3595,27.3072,53.0604,63.4644
130.9273,28.1079,52.0200,62.2200
133.2746,27.1625,54.1216,64.7337
136.2523,27.1634,52.0200,62.2200
138.0756,27.0846,54.1216,64.7337
139.8384,26.6469,54.1216,64.7337
141.8547,26.0382,54.1216,64.7337
144.0220,25.9866,54.1216,64.7337
146.2300,25.9487,54.1216,64.7337
147.6849,25.6072,54.1216,64.7337
148.4311,25.1706,55.2040,66.0284
149.7849,25.0200,56.3081,67.3489
152.5937,26.6574,55.2040,66.0284
154.6578,28.5117,54.1216,64.7337
155.3971,29.5531,55.2040,66.0284
156.4507,31.3107,53.0604,63.4644
157.2418,31.7285,55.2040,66.0284
158.3549,33.5099,54.1216,64.7337
159.6007,35.4102,54.1216,64.7337
160.9295,37.1597,54.1216,64.7337
162.6783,39.4534,54.1216,64.7337
164.0054,41.9018,54.1216,64.7337
165.7400,43.5684,52.0200,62.2200
167.3474,46.1444,51.0000,61.0000
168.0822,48.0246,50.0000,59.8039
169.2305,50.8123,48.0584,57.4817
170.2056,52.6230,49.0196,58.6313
170.1268,53.2286,51.0000,61.0000
170.8960,54.6778,51.0000,61.0000
171.5272,55.3728,51.0000,61.0000
169.1848,54.6419,53.0604,63.4644
169.8426,56.6818,51.0000,61.0000
168.9491,57.8839,49.0196,58.6313
168.0255,58.2445,49.0196,58.6313
165.1733,57.5581,51.0000,61.0000
164.3359,57.7156,49.0196,58.6313
162.2507,56.6606,51.0000,61.0000
160.8212,55.8896,51.0000,61.0000
160.3341,55.7909,49.0196,58.6313
158.3083,54.4277,50.0000,59.8039
158.3698,55.0387,48.0584,57.4817
157.2790,56.1323,47.1161,56.3546
155.2165,56.2628,46.1923,55.2496
152.0999,56.8035,47.1161,56.3546
149.3056,56.5166,47.1161,56.3546
145.8663,56.3093,49.0196,58.6313
142.1960,56.2320,51.0000,61.0000
137.7482,55.9321,53.0604,63.4644
133.5397,56.0683,55.2040,66.0284
130.0772,57.0744,55.2040,66.0284
124.7233,55.9570,57.4343,68.6959
122.6662,58.9116,55.2040,66.0284
118.3005,59.5410,56.3081,67.3489
113.5673,60.7618,57.4343,68.6959
111.6533,62.1326,56.3081,67.3489
106.8519,61.1812,58.5830,70.0698
105.5557,63.5129,56.3081,67.3489
103.0217,63.9701,56.3081,67.3489
99.3203,63.0183,58.5830,70.0698
96.7808,63.7998,60.9497,72.9006
92.8993,63.6901,63.4121,75.8458
92.4331,66.4091,60.9497,72.9006
89.6313,67.3475,62.1687,74.3587
87.5955,68.0118,62.1687,74.3587
86.8766,69.5556,59.7546,71.4712
85.2927,69.8748,58.5830,70.0698
84.1242,69.6496,58.5830,70.0698
83.8432,70.4965,59.7546,71.4712
83.1119,71.1401,59.7546,71.4712
83.0640,71.8940,62.1687,74.3587
83.8978,73.7551,62.1687,74.3587
84.8476,77.3272,62.1687,74.3587
86.3883,82.5306,59.7546,71.4712
87.4089,87.3059,57.4343,68.6959
87.9928,91.8851,57.4343,68.6959
88.4679,96.2968,57.4343,68.6959
88.2907,99.4769,59.7546,71.4712
87.6027,101.8853,62.1687,74.3587
87.9759,105.5182,60.9497,72.9006
86.9853,106.8073,63.4121,75.8458
87.0614,109.5948,63.4121,75.8458
87.0994,112.4049,65.9739,78.9100
85.5932,113.0135,68.6393,82.0980
85.1808,115.7808,68.6393,82.0980
85.6364,117.1445,68.6393,82.0980
85.5641,117.9551,67.2934,80.4882
85.7363,117.3461,67.2934,80.4882
87.6141,116.3770,64.6803,77.3627
88.3927,113.8659,63.4121,75.8458
88.3877,111.4350,60.9497,72.9006
88.2041,106.6984,58.5830,70.0698
85.3020,101.4926,60.9497,72.9006
84.4562,94.9328,60.9497,72.9006
84.5216,88.3288,60.9497,72.9006
84.6083,84.0384,58.5830,70.0698
86.0108,81.4456,56.3081,67.3489
85.6089,77.6103,56.3081,67.3489
85.4399,73.9691,56.3081,67.3489
85.9816,71.3851,55.2040,66.0284
86.6766,68.9583,55.2040,66.0284
87.3190,66.5488,56.3081,67.3489
87.6034,63.2737,58.5830,70.0698
91.5194,62.9897,56.3081,67.3489
94.7290,62.6827,55.2040,66.0284
98.2002,62.2487,55.2040,66.0284
100.1395,60.4707,57.4343,68.6959
105.5319,61.3689,55.2040,66.0284
107.3161,59.3935,57.4343,68.6959
110.5524,59.6469,57.4343,68.6959
114.8273,61.3792,55.2040,66.0284
117.0526,61.0994,56.3081,67.3489
119.5883,61.4963,56.3081,67.3489
122.2744,62.7368,55.2040,66.0284
123.7467,62.2975,56.3081,67.3489
125.1035,62.7027,56.3081,67.3489
126.1002,62.0714,56.3081,67.3489
127.1609,62.5281,54.1216,64.7337
126.1808,62.0239,54.1216,64.7337
124.2840,61.3110,55.2040,66.0284
123.6014,61.4628,55.2040,66.0284
121.9021,62.0800,54.1216,64.7337
119.9891,63.0506,52.0200,62.2200
116.7652,63.1354,54.1216,64.7337
114.2552,63.8649,54.1216,64.7337
111.4420,64.3505,54.1216,64.7337
107.9552,63.5399,56.3081,67.3489
105.0936,63.9671,56.3081,67.3489
100.8270,62.6630,58.5830,70.0698
99.3846,64.9120,56.3081,67.3489
95.1557,64.5418,58.5830,70.0698
93.3429,65.7908,57.4343,68.6959
90.6263,66.5505,58.5830,70.0698
87.6972,67.0643,60.9497,72.9006
86.1217,68.5898,58.5830,70.0698
84.3791,69.4027,59.7546,71.4712
82.5332,69.8496,60.9497,72.9006
81.6718,71.5492,59.7546,71.4712
80.0187,71.7871,62.1687,74.3587
79.7089,74.4943,60.9497,72.9006
79.2457,76.8762,62.1687,74.3587
80.7839,80.5612,59.7546,71.4712
81.5114,83.8901,57.4343,68.6959
81.5379,87.1622,57.4343,68.6959
81.8323,90.5853,59.7546,71.4712
83.1357,94.3460,58.5830,70.0698
84.1404,97.3362,60.9497,72.9006
85.8851,99.7424,59.7546,71.4712
86.6569,101.8765,60.9497,72.9006
86.7296,103.4691,62.1687,74.3587
88.2811,106.5821,62.1687,74.3587
88.7118,106.5451,64.6803,77.3627
90.0755,105.9816,65.9739,78.9100
91.0345,105.7119,67.2934,80.4882
94.2490,107.1453,68.6393,82.0980
93.7672,107.2123,67.2934,80.4882
94.4342,106.5359,68.6393,82.0980
95.9037,104.5812,70.0121,83.7399
96.7581,102.9413,72.8406,87.1230
99.4404,100.8687,70.0121,83.7399
103.1150,98.9046,68.6393,82.0980
104.5961,93.9858,67.2934,80.4882
105.8004,91.4721,65.9739,78.9100
106.4510,88.4441,65.9739,78.9100
107.1572,85.6428,63.4121,75.8458
105.8742,82.3718,65.9739,78.9100
104.4380,80.0952,65.9739,78.9100
102.8585,77.4414,65.9739,78.9100
101.7249,75.6120,63.4121,75.8458
101.6994,73.6812,60.9497,72.9006
100.4413,72.3364,59.7546,71.4712
98.0672,70.2959,60.9497,72.9006
96.9671,69.9912,59.7546,71.4712
95.0876,69.0649,59.7546,71.4712
92.9339,68.5172,59.7546,71.4712
90.8468,67.5455,59.7546,71.4712
88.9501,65.8661,58.5830,70.0698
89.0647,65.8733,56.3081,67.3489
88.9187,65.5659,54.1216,64.7337
89.0337,63.9261,54.1216,64.7337
88.7693,61.7354,55.2040,66.0284
87.4990,58.3645,57.4343,68.6959
89.7996,58.3715,55.2040,66.0284
90.4206,57.6263,55.2040,66.0284
90.5653,56.7494,56.3081,67.3489
92.4472,58.0228,55.2040,66.0284
92.3160,56.7538,57.4343,68.6959
93.7837,56.5473,59.7546,71.4712
95.6576,55.9649,60.9497,72.9006
96.5682,55.5526,62.1687,74.3587
99.5068,56.3957,59.7546,71.4712
100.4036,55.8069,59.7546,71.4712
101.1316,55.7275,59.7546,71.4712
101.2267,54.3708,62.1687,74.3587
102.8962,54.1847,62.1687,74.3587
105.3026,54.0380,60.9497,72.9006
105.9910,52.1497,63.4121,75.8458
107.8229,51.4772,63.4121,75.8458
110.6528,52.8949,60.9497,72.9006
112.2726,53.4433,59.7546,71.4712
113.2526,53.4770,59.7546,71.4712
115.4544,53.3336,58.5830,70.0698
118.2219,54.9473,56.3081,67.3489
120.3083,56.5070,54.1216,64.7337
121.7291,56.3522,55.2040,66.0284
123.0061,56.5060,54.1216,64.7337
124.1917,55.4442,55.2040,66.0284
124.8407,55.4798,54.1216,64.7337
125.7917,54.1915,55.2040,66.0284
125.8135,54.1761,55.2040,66.0284
125.2244,53.9923,55.2040,66.0284
126.3814,53.7379,55.2040,66.0284
127.4000,54.5713,54.1216,64.7337
128.3126,54.4500,54.1216,64.7337
130.1148,54.5562,54.1216,64.7337
128.8291,54.9855,53.0604,63.4644
130.2184,54.6353,53.0604,63.4644
130.3252,54.8244,55.2040,66.0284
130.9420,56.1661,53.0604,63.4644
131.0672,57.0390,54.1216,64.7337
132.0816,58.3718,53.0604,63.4644
130.5912,60.6165,55.2040,66.0284
130.0617,64.5327,53.0604,63.4644
129.5421,68.9751,54.1216,64.7337
129.0535,73.0242,54.1216,64.7337
128.8377,76.1448,54.1216,64.7337
128.1955,78.8923,55.2040,66.0284
128.6958,81.2286,53.0604,63.4644
129.2943,83.2025,53.0604,63.4644
129.0716,85.7038,54.1216,64.7337
128.3553,88.1597,54.1216,64.7337
127.7672,90.0049,54.1216,64.7337
126.7630,91.4569,56.3081,67.3489
127.0393,94.2550,54.1216,64.7337
126.4251,95.9280,54.1216,64.7337
126.4696,97.0413,54.1216,64.7337
126.4949,97.0316,54.1216,64.7337
126.4407,96.4619,54.1216,64.7337
125.8451,94.6891,54.1216,64.7337
124.8473,92.1372,55.2040,66.0284
125.1564,90.2695,54.1216,64.7337
124.8406,87.1624,54.1216,64.7337
123.4671,83.1657,56.3081,67.3489
123.1233,79.9788,56.3081,67.3489
123.1225,77.1005,56.3081,67.3489
123.1000,73.7203,56.3081,67.3489
123.0826,70.3988,56.3081,67.3489
123.5417,69.0134,54.1216,64.7337
122.9983,65.4784,54.1216,64.7337
122.2370,62.4099,55.2040,66.0284
119.3222,58.2316,57.4343,68.6959
119.0436,56.8055,56.3081,67.3489
116.2219,54.0179,57.4343,68.6959
115.2523,53.7772,55.2040,66.0284
113.6323,53.9195,53.0604,63.4644
110.9682,53.4699,53.0604,63.4644
108.2285,52.6899,53.0604,63.4644
106.8970,53.7871,51.0000,61.0000
104.2904,52.6627,51.0000,61.0000
100.0237,50.8431,53.0604,63.4644
96.7357,50.2389,54.1216,64.7337
93.8207,49.3668,55.2040,66.0284
89.1904,47.0205,57.4343,68.6959
85.6919,46.4524,58.5830,70.0698
83.2944,47.1007,57.4343,68.6959
80.8199,48.3110,56.3081,67.3489
78.0135,48.8605,56.3081,67.3489
75.2461,49.6170,56.3081,67.3489
71.1041,49.5435,57.4343,68.6959
69.2142,49.8068,57.4343,68.6959
68.0075,52.0171,55.2040,66.0284
67.0847,52.9819,53.0604,63.4644
65.8448,53.0464,54.1216,64.7337
64.9788,52.8169,54.1216,64.7337
64.3436,52.8745,54.1216,64.7337
63.3629,53.0401,54.1216,64.7337
62.8092,53.7787,54.1216,64.7337
62.3735,54.1900,54.1216,64.7337
63.0970,53.6393,56.3081,67.3489
65.5997,54.3654,55.2040,66.0284
67.2404,52.8933,57.4343,68.6959
72.5310,54.7387,55.2040,66.0284
76.5771,56.3537,54.1216,64.7337
79.4376,56.2755,56.3081,67.3489
83.9194,59.0176,54.1216,64.7337
87.5486,59.7886,54.1216,64.7337
91.5459,60.7069,54.1216,64.7337
94.8930,61.5572,54.1216,64.7337
98.6144,62.3764,54.1216,64.7337
102.1250,62.4773,55.2040,66.0284
105.8194,62.7363,56.3081,67.3489
109.9467,63.1665,56.3081,67.3489
114.2497,63.2901,56.3081,67.3489
116.6839,61.4203,58.5830,70.0698
122.4686,63.2807,56.3081,67.3489
124.9388,61.3325,58.5830,70.0698
130.2872,63.6730,56.3081,67.3489
134.1713,63.5194,56.3081,67.3489
136.8655,62.2018,58.5830,70.0698
141.2010,63.7633,56.3081,67.3489
144.7698,64.3065,55.2040,66.0284
148.2454,64.7835,53.0604,63.4644
153.0732,67.9111,51.0000,61.0000
154.8811,67.9635,53.0604,63.4644
156.4439,70.0954,55.2040,66.0284
159.9133,73.9496,54.1216,64.7337
162.4241,77.1413,52.0200,62.2200
163.1287,79.4131,53.0604,63.4644
163.6160,82.7933,54.1216,64.7337
164.5119,86.1046,53.0604,63.4644
164.7400,89.5766,53.0604,63.4644
164.0132,93.1425,53.0604,63.4644
165.1912,97.7074,53.0604,63.4644
163.7433,100.4473,55.2040,66.0284
165.4667,106.0750,54.1216,64.7337
164.7594,110.6650,53.0604,63.4644
164.2518,113.8853,55.2040,66.0284
164.5164,118.0524,53.0604,63.4644
164.4120,122.2197,54.1216,64.7337
163.6183,124.8172,55.2040,66.0284
163.5293,129.7973,55.2040,66.0284
161.7545,132.7537,56.3081,67.3489
160.0391,135.7402,58.5830,70.0698
159.6657,138.6535,59.7546,71.4712
158.5326,139.7948,62.1687,74.3587
160.1380,143.4621,59.7546,71.4712
160.7762,143.8424,57.4343,68.6959
161.1464,142.2447,57.4343,68.6959
164.0469,141.9465,55.2040,66.0284
160.5875,137.7684,57.4343,68.6959
160.7756,136.0401,58.5830,70.0698
161.1926,136.7819,57.4343,68.6959
162.1565,138.3267,56.3081,67.3489
162.1018,137.7700,54.1216,64.7337
160.1561,132.2876,56.3081,67.3489
160.5585,128.7154,55.2040,66.0284
157.8388,120.4717,57.4343,68.6959
157.1532,115.6900,57.4343,68.6959
156.8980,111.3178,57.4343,68.6959
157.8415,107.9612,55.2040,66.0284
156.6742,103.6222,55.2040,66.0284
154.8556,99.1430,56.3081,67.3489
151.7940,93.4102,58.5830,70.0698
150.5800,91.2840,57.4343,68.6959
148.3973,87.6927,59.7546,71.4712
146.7116,85.1760,59.7546,71.4712
144.2288,81.5527,60.9497,72.9006
142.0062,79.2148,60.9497,72.9006
139.5707,78.2325,58.5830,70.0698
137.1098,77.4125,59.7546,71.4712
134.7911,77.0790,59.7546,71.4712
132.9917,76.9382,59.7546,71.4712
131.3328,77.4174,59.7546,71.4712
129.5578,77.5944,59.7546,71.4712
127.0437,77.7847,59.7546,71.4712
123.9948,77.5794,60.9497,72.9006
120.8089,77.8677,62.1687,74.3587
115.8228,76.9092,64.6803,77.3627
111.7677,76.3682,67.2934,80.4882
107.1650,75.9718,70.0121,83.7399
105.6109,78.9056,68.6393,82.0980
104.7391,81.0657,65.9739,78.9100
99.9424,82.9513,65.9739,78.9100
93.9077,83.8078,67.2934,80.4882
92.6548,87.6544,67.2934,80.4882
91.4231,87.8041,68.6393,82.0980
86.7463,88.2230,68.6393,82.0980
85.5178,87.7950,71.4123,85.4147
83.4493,88.5113,74.2974,88.8655
84.6019,90.2074,71.4123,85.4147
84.9056,89.8699,72.8406,87.1230
83.6094,88.6736,74.2974,88.8655
83.3303,88.1621,75.7833,90.6428
82.6744,88.1442,75.7833,90.6428
83.1630,88.0561,75.7833,90.6428
83.9010,88.7676,74.2974,88.8655
83.4862,89.3990,74.2974,88.8655
83.4659,86.9481,77.2990,92.4556
83.5804,87.0798,77.2990,92.4556
81.8191,86.7053,80.4219,96.1909
81.9961,86.7165,80.4219,96.1909
82.0798,86.3704,80.4219,96.1909
81.9374,86.4773,80.4219,96.1909
80.8354,85.1399,82.0303,98.1147
80.4906,86.8233,80.4219,96.1909
81.3973,87.7392,77.2990,92.4556
80.0765,85.8906,80.4219,96.1909
80.1855,86.6511,78.8450,94.3048
79.4929,84.3632,80.4219,96.1909
79.0813,82.5839,83.6709,100.0770
77.8226,81.3693,83.6709,100.0770
77.5681,81.3110,80.4219,96.1909
77.0971,79.9214,83.6709,100.0770
76.4050,79.5107,82.0303,98.1147
75.1614,77.9491,82.0303,98.1147
74.3488,75.1363,85.3443,102.0785
75.1273,73.8731,85.3443,102.0785
74.9674,71.7795,87.0512,104.1201
74.1394,68.7819,87.0512,104.1201
75.0909,69.5407,88.7922,106.2025
74.1927,66.7298,88.7922,106.2025
74.8352,65.1591,88.7922,106.2025
75.5543,62.9458,85.3443,102.0785
78.7381,59.3403,83.6709,100.0770
82.1542,56.8471,80.4219,96.1909
84.4956,55.0699,77.2990,92.4556
88.4421,54.4096,74.2974,88.8655
91.7888,54.3815,71.4123,85.4147
93.7737,53.4136,68.6393,82.0980
96.4408,52.8859,65.9739,78.9100
97.2271,51.1214,65.9739,78.9100
97.4136,50.2257,63.4121,75.8458
98.6861,49.3608,62.1687,74.3587
99.5867,47.3403,59.7546,71.4712
100.1432,46.0025,57.4343,68.6959
101.1316,45.1672,59.7546,71.4712
101.7102,42.8288,57.4343,68.6959
102.3465,42.4323,59.7546,71.4712
101.0886,40.8429,62.1687,74.3587
102.3710,40.8164,62.1687,74.3587
102.7384,39.4839,62.1687,74.3587
102.7171,37.3918,63.4121,75.8458
103.8289,37.9491,63.4121,75.8458
107.3667,38.6506,60.9497,72.9006
108.2804,37.9951,62.1687,74.3587
108.3947,36.6015,64.6803,77.3627
109.5021,35.1290,67.2934,80.4882
111.2444,35.3594,65.9739,78.9100
113.4117,35.0130,65.9739,78.9100
114.5979,35.1460,65.9739,78.9100
117.5968,34.6496,63.4121,75.8458
119.6083,36.1006,62.1687,74.3587
122.3940,37.4780,59.7546,71.4712
125.4464,38.6021,57.4343,68.6959
128.8401,41.3540,55.2040,66.0284
131.1891,42.5652,53.0604,63.4644
134.0693,43.8844,51.0000,61.0000
135.1611,43.6113,51.0000,61.0000
134.4193,43.4310,51.0000,61.0000
132.7525,43.7279,51.0000,61.0000
130.4164,44.3283,51.0000,61.0000
129.2514,46.1192,49.0196,58.6313
127.9932,47.6122,47.1161,56.3546
125.7590,48.7341,47.1161,56.3546
123.4678,48.5399,49.0196,58.6313
120.9249,48.4394,51.0000,61.0000
117.7049,47.7144,53.0604,63.4644
114.7793,47.5301,55.2040,66.0284
112.7461,48.5690,55.2040,66.0284
110.8951,50.1390,54.1216,64.7337
108.2589,50.4593,55.2040,66.0284
104.6633,51.3256,56.3081,67.3489
101.3463,53.1941,55.2040,66.0284
98.9364,55.6666,55.2040,66.0284
95.4793,57.6259,56.3081,67.3489
92.1856,57.5525,58.5830,70.0698
90.6428,58.9215,59.7546,71.4712
88.9417,60.3897,59.7546,71.4712
87.7649,61.0283,58.5830,70.0698
86.5608,61.8560,60.9497,72.9006
83.9836,61.3777,63.4121,75.8458
84.0627,63.6721,62.1687,74.3587
81.6333,64.6005,63.4121,75.8458
80.4357,66.0818,65.9739,78.9100
78.4652,66.7278,68.6393,82.0980
79.6415,68.9802,65.9739,78.9100
77.8679,69.7716,68.6393,82.0980
79.3154,72.2957,65.9739,78.9100
80.0068,74.3961,63.4121,75.8458
81.2876,77.3540,62.1687,74.3587
82.5044,77.2431,62.1687,74.3587
83.3337,76.8068,63.4121,75.8458
84.1670,76.4003,64.6803,77.3627
86.6035,78.6553,62.1687,74.3587
87.1297,77.2294,64.6803,77.3627
88.3573,78.4524,63.4121,75.8458
89.3855,78.5126,63.4121,75.8458
90.2377,78.4383,63.4121,75.8458
92.4750,79.2320,60.9497,72.9006
92.5588,78.8101,62.1687,74.3587
94.0376,78.5925,60.9497,72.9006
94.3785,77.6896,62.1687,74.3587
95.0988,77.6816,60.9497,72.9006
95.5756,76.1498,62.1687,74.3587
96.7219,75.6248,60.9497,72.9006
97.9507,74.8061,59.7546,71.4712
96.2338,72.3360,62.1687,74.3587
98.3287,71.8550,59.7546,71.4712
97.2854,69.1436,62.1687,74.3587
98.4278,68.0360,59.7546,71.4712
97.3900,65.5276,62.1687,74.3587
98.5682,65.0780,59.7546,71.4712
98.0750,62.8578,62.1687,74.3587
99.9974,61.8949,62.1687,74.3587
102.2407,63.0722,60.9497,72.9006
104.3513,63.2679,62.1687,74.3587
106.9716,65.3941,59.7546,71.4712
109.3253,66.4000,58.5830,70.0698
110.4925,67.8884,58.5830,70.0698
112.4473,68.1985,58.5830,70.0698
113.6844,69.0594,58.5830,70.0698
114.4164,68.9279,59.7546,71.4712
114.5487,68.8250,60.9497,72.9006
116.0008,69.2645,59.7546,71.4712
115.8407,68.3635,60.9497,72.9006
116.2720,68.3930,60.9497,72.9006
115.8627,67.9153,62.1687,74.3587
117.7655,69.1598,59.7546,71.4712
119.6343,69.9249,59.7546,71.4712
121.0949,71.4106,59.7546,71.4712
122.7811,73.5973,62.1687,74.3587
127.0895,75.0865,63.4121,75.8458
133.4407,79.2415,62.1687,74.3587
139.1192,80.8715,64.6803,77.3627
144.7231,83.0010,67.2934,80.4882
148.9995,82.6116,70.0121,83.7399
156.6221,85.7294,68.6393,82.0980
160.7480,87.9064,67.2934,80.4882
166.0288,89.1378,67.2934,80.4882
170.9398,91.4488,65.9739,78.9100
176.4890,92.7864,64.6803,77.3627
178.8104,91.8358,67.2934,80.4882
182.2455,91.7568,67.2934,80.4882
184.6201,90.3287,70.0121,83.7399
190.3408,90.7153,67.2934,80.4882
189.7398,91.2327,67.2934,80.4882
192.5608,91.4169,64.6803,77.3627
193.6384,94.0175,62.1687,74.3587
193.3844,93.7831,62.1687,74.3587
190.1858,92.5011,63.4121,75.8458
192.5854,93.8031,60.9497,72.9006
187.4110,93.3267,63.4121,75.8458
190.6989,94.3929,60.9497,72.9006
186.5015,94.0155,62.1687,74.3587
187.3893,95.4292,60.9497,72.9006
186.4243,95.4588,60.9497,72.9006
185.2901,95.3984,62.1687,74.3587
186.5640,96.5133,59.7546,71.4712
186.4929,96.5885,59.7546,71.4712
186.6169,96.6971,59.7546,71.4712
186.9347,97.1170,59.7546,71.4712
185.6921,95.9838,62.1687,74.3587
186.7811,95.6957,62.1687,74.3587
184.9745,95.3360,64.6803,77.3627
185.3021,94.0901,64.6803,77.3627
184.9853,95.1721,64.6803,77.3627
188.1044,96.1586,62.1687,74.3587
185.5978,96.0986,63.4121,75.8458
187.9642,96.3188,62.1687,74.3587
185.1343,96.3751,63.4121,75.8458
187.4500,96.9077,62.1687,74.3587
185.2768,96.3354,63.4121,75.8458
187.1946,97.8593,60.9497,72.9006
184.9276,96.5075,63.4121,75.8458
184.0250,96.3261,64.6803,77.3627
186.5967,97.3391,62.1687,74.3587
185.1255,97.1268,63.4121,75.8458
186.5537,97.5817,62.1687,74.3587
186.4092,98.1152,62.1687,74.3587
187.5621,98.2660,60.9497,72.9006
186.7987,98.0203,62.1687,74.3587
184.5485,96.8781,64.6803,77.3627
187.3712,97.5582,62.1687,74.3587
186.0772,96.9638,63.4121,75.8458
185.9284,97.1474,63.4121,75.8458
186.0137,97.0125,63.4121,75.8458
185.9878,97.1004,63.4121,75.8458
186.0599,97.1133,63.4121,75.8458
185.8605,97.0546,63.4121,75.8458
185.9775,97.0404,63.4121,75.8458
185.9833,97.2263,63.4121,75.8458
185.7602,97.3598,63.4121,75.8458
186.8371,97.6891,62.1687,74.3587
185.6621,97.4485,63.4121,75.8458
185.6306,96.9195,63.4121,75.8458
185.8119,96.9929,63.4121,75.8458
185.6221,97.8022,63.4121,75.8458
187.0654,98.1815,62.1687,74.3587
184.9673,97.2880,64.6803,77.3627
187.2606,98.4054,62.1687,74.3587
186.0157,98.0190,63.4121,75.8458
