232.0000,88.0000,76.0000,84.0000
240.9579,91.0818,74.5098,82.3529
251.5918,95.6764,74.5098,82.3529
258.8640,100.9617,77.5200,85.6800
267.8820,105.3038,74.5098,82.3529
277.9687,108.2766,73.0488,80.7382
286.7340,110.1599,73.0488,80.7382
294.8501,112.6607,71.6165,79.1551
301.3486,115.7557,70.2123,77.6030
306.2390,118.7379,68.8355,76.0814
311.4254,119.9081,68.8355,76.0814
313.8925,118.4439,70.2123,77.6030
313.6163,115.0983,70.2123,77.6030
308.0578,110.7183,70.2123,77.6030
296.8429,103.3522,73.0488,80.7382
284.2799,96.4709,76.0000,84.0000
269.9000,91.4126,79.0704,87.3936
256.3870,88.3502,79.0704,87.3936
244.2789,86.2819,80.6518,89.1415
235.1103,87.3775,77.5200,85.6800
227.6884,87.9594,79.0704,87.3936
220.8878,88.8788,80.6518,89.1415
205.0614,90.6781,83.9101,92.7428
199.7010,90.4040,87.3001,96.4896
205.9919,92.7924,89.0461,98.4194
216.7204,92.8010,85.5883,94.5976
230.5998,99.2391,82.2648,90.9243
246.7308,104.9367,80.6518,89.1415
258.3685,107.1438,82.2648,90.9243
268.2114,103.7900,82.2648,90.9243
282.4530,109.0206,79.0704,87.3936
291.7642,110.4750,77.5200,85.6800
298.5879,112.0705,74.5098,82.3529
299.3212,106.6124,74.5098,82.3529
296.2757,110.2481,76.0000,84.0000
292.0122,111.3932,79.0704,87.3936
290.2399,111.9569,76.0000,84.0000
283.9376,108.9240,79.0704,87.3936
275.2660,104.4203,82.2648,90.9243
267.3670,97.3764,83.9101,92.7428
255.6337,91.0555,87.3001,96.4896
243.1033,80.6242,90.8270,100.3878
233.8140,76.1336,92.6436,102.3955
231.7753,71.0416,96.3864,106.5323
240.2295,67.9385,100.2804,110.8362
260.9944,69.2912,96.3864,106.5323
287.0914,69.7042,94.4964,104.4434
310.1125,67.7199,96.3864,106.5323
328.3291,69.2518,94.4964,104.4434
339.2032,72.8688,90.8270,100.3878
342.0294,78.6172,87.3001,96.4896
335.3517,86.6392,85.5883,94.5976
323.5048,94.3058,82.2648,90.9243
305.6052,102.5508,79.0704,87.3936
285.1929,106.5947,77.5200,85.6800
258.8121,107.3612,77.5200,85.6800
232.7402,102.1196,80.6518,89.1415
213.4383,102.9892,80.6518,89.1415
201.0310,103.7817,82.2648,90.9243
190.2387,106.8032,83.9101,92.7428
185.5321,104.6769,85.5883,94.5976
178.5904,101.2923,89.0461,98.4194
176.5286,91.4773,92.6436,102.3955
184.2196,79.2541,94.4964,104.4434
197.2474,68.0932,98.3141,108.6630
216.8265,45.2378,102.2860,113.0529
240.4388,34.7457,102.2860,113.0529
267.6747,35.9382,98.3141,108.6630
289.2574,39.4540,96.3864,106.5323
296.7288,44.4238,94.4964,104.4434
290.4457,49.0572,96.3864,106.5323
291.5426,57.9406,92.6436,102.3955
298.2025,61.4658,96.3864,106.5323
311.2978,66.9536,98.3141,108.6630
325.2989,68.1549,102.2860,113.0529
339.7865,64.9365,106.4183,117.6203
357.8421,60.3500,106.4183,117.6203
370.0366,50.6850,108.5467,119.9727
373.4975,44.6358,104.3317,115.3140
362.7708,38.1427,108.5467,119.9727
349.4033,36.8847,108.5467,119.9727
328.6592,38.5536,110.7176,122.3721
298.8200,39.4344,115.1906,127.3160
281.7691,41.0478,110.7176,122.3721
262.1960,44.2346,112.9320,124.8196
239.8591,49.4513,117.4945,129.8623
224.5365,52.3355,117.4945,129.8623
211.7568,56.5934,112.9320,124.8196
196.2957,61.5002,108.5467,119.9727
180.4705,62.0688,108.5467,119.9727
168.2753,57.2746,110.7176,122.3721
154.3497,49.6844,115.1906,127.3160
140.6428,43.2920,112.9320,124.8196
130.7758,39.5534,110.7176,122.3721
121.4177,42.5111,106.4183,117.6203
113.1635,45.4548,106.4183,117.6203
111.7885,53.7787,102.2860,113.0529
121.1908,57.9740,100.2804,110.8362
127.1498,62.5407,96.3864,106.5323
138.8883,71.8259,92.6436,102.3955
153.4877,78.6340,89.0461,98.4194
183.3811,78.2509,92.6436,102.3955
188.1412,78.1752,94.4964,104.4434
185.7333,87.4934,90.8270,100.3878
185.4649,86.2176,94.4964,104.4434
185.5508,88.2690,90.8270,100.3878
183.1947,89.6967,90.8270,100.3878
181.2490,90.6079,90.8270,100.3878
184.4447,95.3328,89.0461,98.4194
191.0473,98.2741,85.5883,94.5976
204.8158,99.5291,82.2648,90.9243
222.6827,101.3791,79.0704,87.3936
242.4065,103.6810,76.0000,84.0000
266.8184,105.9017,73.0488,80.7382
287.1993,106.3533,71.6165,79.1551
307.1853,105.6748,68.8355,76.0814
325.1607,101.4410,71.6165,79.1551
338.8260,97.8357,74.5098,82.3529
352.9483,95.7194,71.6165,79.1551
361.5830,96.0345,68.8355,76.0814
365.8227,98.6765,66.1626,73.1271
364.3423,99.9587,64.8653,71.6932
362.6445,103.6627,66.1626,73.1271
359.2127,105.2853,68.8355,76.0814
358.8415,105.1068,70.2123,77.6030
359.2953,101.1936,73.0488,80.7382
362.0060,94.0618,73.0488,80.7382
360.7510,83.8215,76.0000,84.0000
352.4202,75.1177,79.0704,87.3936
341.7098,68.4642,82.2648,90.9243
327.6118,64.9277,85.5883,94.5976
308.4063,64.8797,89.0461,98.4194
284.6687,64.5336,92.6436,102.3955
258.6449,64.0035,94.4964,104.4434
237.5611,64.5189,98.3141,108.6630
221.4513,66.2838,102.2860,113.0529
202.6688,69.6180,106.4183,117.6203
189.1857,76.8307,104.3317,115.3140
179.1955,81.6150,100.2804,110.8362
166.9172,84.3487,98.3141,108.6630
151.7733,83.6085,98.3141,108.6630
138.9300,83.3918,94.4964,104.4434
126.7150,84.4118,92.6436,102.3955
111.8169,85.9726,92.6436,102.3955
103.9933,87.4395,89.0461,98.4194
104.0439,87.0583,85.5883,94.5976
108.2274,86.5985,89.0461,98.4194
119.0607,83.7935,92.6436,102.3955
135.1777,79.8609,94.4964,104.4434
151.7196,82.8103,98.3141,108.6630
177.1076,84.2963,96.3864,106.5323
192.8814,80.7172,100.2804,110.8362
211.8385,76.5047,102.2860,113.0529
232.5110,74.1406,98.3141,108.6630
253.8614,66.7700,98.3141,108.6630
277.3150,57.6595,94.4964,104.4434
298.4512,49.3284,94.4964,104.4434
312.0041,41.2293,98.3141,108.6630
318.9037,37.8576,98.3141,108.6630
319.6582,38.1565,96.3864,106.5323
313.7862,39.1939,100.2804,110.8362
305.6108,40.0918,100.2804,110.8362
293.7570,38.1587,104.3317,115.3140
282.6060,41.9741,106.4183,117.6203
269.8706,46.7637,110.7176,122.3721
253.6064,49.9425,115.1906,127.3160
242.3241,58.8660,110.7176,122.3721
225.3820,61.4598,112.9320,124.8196
212.1688,64.9215,108.5467,119.9727
195.3803,68.1408,106.4183,117.6203
176.4752,69.8507,108.5467,119.9727
161.8044,69.5612,106.4183,117.6203
152.5106,70.7134,102.2860,113.0529
151.0621,73.6053,98.3141,108.6630
149.0349,74.3921,94.4964,104.4434
149.8021,73.9814,94.4964,104.4434
158.5750,76.3559,90.8270,100.3878
175.4092,78.6506,94.4964,104.4434
197.0574,77.4509,96.3864,106.5323
223.6151,73.6652,94.4964,104.4434
240.4256,64.2760,98.3141,108.6630
246.6882,56.9101,98.3141,108.6630
242.1807,52.8944,96.3864,106.5323
232.0953,51.5004,94.4964,104.4434
217.9641,49.5862,98.3141,108.6630
216.1659,44.8287,96.3864,106.5323
226.2087,40.6383,94.4964,104.4434
244.2465,38.4051,90.8270,100.3878
254.1534,44.0027,87.3001,96.4896
259.2241,58.9853,85.5883,94.5976
259.1535,75.9696,89.0461,98.4194
257.4824,89.0027,85.5883,94.5976
257.8579,96.9177,82.2648,90.9243
265.5164,98.5372,79.0704,87.3936
275.8745,94.8695,76.0000,84.0000
283.6276,89.4257,79.0704,87.3936
286.4467,82.7609,80.6518,89.1415
273.4325,75.9278,83.9101,92.7428
263.0300,70.1902,85.5883,94.5976
262.0236,63.1699,89.0461,98.4194
261.8723,53.6939,89.0461,98.4194
247.5070,46.2488,90.8270,100.3878
232.1580,47.6902,90.8270,100.3878
222.8463,59.9384,92.6436,102.3955
220.1473,70.4524,94.4964,104.4434
224.6956,74.5832,94.4964,104.4434
233.5467,70.0135,94.4964,104.4434
238.5056,64.6243,90.8270,100.3878
235.8503,59.8614,87.3001,96.4896
227.1125,55.9535,90.8270,100.3878
216.5069,61.1757,87.3001,96.4896
202.0682,72.5723,89.0461,98.4194
195.4220,82.2095,90.8270,100.3878
198.8515,93.9356,92.6436,102.3955
212.2014,95.3417,96.3864,106.5323
235.1472,92.9513,98.3141,108.6630
252.5351,84.7967,102.2860,113.0529
269.9809,69.2191,102.2860,113.0529
289.2870,55.6007,100.2804,110.8362
305.7708,42.0776,102.2860,113.0529
319.0513,40.6401,98.3141,108.6630
324.6460,45.4245,96.3864,106.5323
313.6985,59.8662,92.6436,102.3955
292.3151,73.0818,96.3864,106.5323
273.1457,83.2991,94.4964,104.4434
250.6740,83.0017,98.3141,108.6630
240.0775,80.5969,94.4964,104.4434
241.0694,75.8410,92.6436,102.3955
250.5848,70.6508,90.8270,100.3878
262.5729,73.6132,87.3001,96.4896
263.5986,83.6786,83.9101,92.7428
257.4750,87.7445,85.5883,94.5976
241.6171,87.2291,87.3001,96.4896
222.5151,88.8645,83.9101,92.7428
198.7201,89.8574,87.3001,96.4896
183.6634,91.1645,90.8270,100.3878
179.9395,93.4342,90.8270,100.3878
188.4697,91.8002,90.8270,100.3878
210.5522,87.8263,87.3001,96.4896
236.5153,80.1448,85.5883,94.5976
258.1552,74.2041,89.0461,98.4194
274.2447,75.9718,87.3001,96.4896
292.6405,84.4201,83.9101,92.7428
303.7578,88.9760,80.6518,89.1415
301.5357,93.1366,79.0704,87.3936
286.6952,98.8962,79.0704,87.3936
266.6388,105.8655,76.0000,84.0000
243.8525,112.2144,79.0704,87.3936
230.9253,116.2539,76.0000,84.0000
223.7694,115.9342,74.5098,82.3529
219.2091,110.8837,74.5098,82.3529
217.2476,102.5204,76.0000,84.0000
224.3948,98.2034,76.0000,84.0000
241.4807,91.8507,77.5200,85.6800
266.2228,80.7431,80.6518,89.1415
285.3847,69.6592,80.6518,89.1415
296.1131,59.6486,80.6518,89.1415
292.8799,57.4882,79.0704,87.3936
284.6292,58.1601,82.2648,90.9243
285.5729,63.8703,82.2648,90.9243
294.9333,71.1813,79.0704,87.3936
305.2651,72.4460,80.6518,89.1415
315.1406,68.4799,82.2648,90.9243
320.9167,57.5509,80.6518,89.1415
321.0634,43.5623,82.2648,90.9243
320.3084,37.5388,83.9101,92.7428
321.0757,43.4930,80.6518,89.1415
323.6200,51.2995,80.6518,89.1415
325.6169,58.4366,79.0704,87.3936
321.6493,64.9484,79.0704,87.3936
314.0226,68.3855,76.0000,84.0000
312.7931,67.9257,76.0000,84.0000
313.9918,64.4417,74.5098,82.3529
316.5081,53.4435,77.5200,85.6800
320.3898,38.5238,80.6518,89.1415
323.5423,22.8977,83.9101,92.7428
322.1194,8.0645,87.3001,96.4896
316.1002,-2.6878,90.8270,100.3878
309.6947,-5.9266,90.8270,100.3878
300.2519,-2.2080,92.6436,102.3955
292.0063,6.7367,96.3864,106.5323
288.5791,22.2034,94.4964,104.4434
283.5191,39.6309,96.3864,106.5323
277.3340,50.6694,98.3141,108.6630
274.5758,59.3917,94.4964,104.4434
273.1604,73.2492,90.8270,100.3878
266.7249,82.5892,87.3001,96.4896
258.4489,89.0209,83.9101,92.7428
246.9055,92.0283,80.6518,89.1415
229.2881,90.8430,83.9101,92.7428
209.8679,87.1025,87.3001,96.4896
195.1560,80.8160,90.8270,100.3878
192.8980,72.0274,94.4964,104.4434
201.8387,62.2225,94.4964,104.4434
209.8608,55.3133,98.3141,108.6630
221.3513,50.9497,102.2860,113.0529
225.7979,48.5740,106.4183,117.6203
223.6281,48.6491,106.4183,117.6203
217.0936,49.0569,106.4183,117.6203
211.1994,48.9868,110.7176,122.3721
208.5197,48.2659,115.1906,127.3160
214.2170,42.6459,112.9320,124.8196
221.3506,34.9129,108.5467,119.9727
223.7929,24.9969,106.4183,117.6203
221.8003,21.5293,104.3317,115.3140
209.2848,17.6776,104.3317,115.3140
187.3196,32.8224,100.2804,110.8362
165.3983,51.1707,102.2860,113.0529
157.2406,66.9907,98.3141,108.6630
163.8843,75.0965,102.2860,113.0529
185.0231,78.2681,104.3317,115.3140
210.8593,81.8184,102.2860,113.0529
237.7842,80.7288,104.3317,115.3140
259.8899,83.5284,106.4183,117.6203
274.1651,89.2790,102.2860,113.0529
269.2572,95.7366,98.3141,108.6630
255.4616,104.1644,94.4964,104.4434
238.1944,118.0708,96.3864,106.5323
224.6526,130.7098,100.2804,110.8362
222.7051,139.4562,98.3141,108.6630
230.2347,126.9771,98.3141,108.6630
249.0995,102.1821,96.3864,106.5323
274.6493,74.4745,92.6436,102.3955
292.8931,48.7141,92.6436,102.3955
293.8965,28.2038,94.4964,104.4434
281.2929,18.6045,98.3141,108.6630
263.8603,19.6925,100.2804,110.8362
242.0109,27.3273,102.2860,113.0529
238.2200,28.6947,98.3141,108.6630
244.1645,28.8201,94.4964,104.4434
247.8755,35.8818,90.8270,100.3878
242.9049,56.1682,87.3001,96.4896
237.5592,80.1850,83.9101,92.7428
233.8902,96.6386,80.6518,89.1415
238.8121,101.2537,79.0704,87.3936
249.4432,98.9822,76.0000,84.0000
262.7209,95.2678,76.0000,84.0000
271.5327,90.0147,73.0488,80.7382
261.2797,82.6307,71.6165,79.1551
231.1559,76.8769,74.5098,82.3529
198.5572,83.9749,77.5200,85.6800
177.0114,92.6109,80.6518,89.1415
168.4236,101.9073,83.9101,92.7428
165.4185,114.6424,83.9101,92.7428
176.6315,119.3428,80.6518,89.1415
189.1241,119.5087,83.9101,92.7428
198.5490,122.4447,85.5883,94.5976
198.9969,118.4301,87.3001,96.4896
198.7036,116.3534,87.3001,96.4896
190.9234,111.7733,87.3001,96.4896
177.5622,102.3946,87.3001,96.4896
162.5714,90.9296,85.5883,94.5976
153.5034,79.2714,82.2648,90.9243
134.2528,62.9035,82.2648,90.9243
