32.0000,60.0000,68.0000,78.0000
38.6891,63.7013,65.3595,74.9712
43.0474,69.0107,64.0779,73.5011
51.4493,76.8623,61.5897,70.6470
59.8818,81.5619,61.5897,70.6470
67.4929,81.9594,62.8215,72.0599
79.3325,85.7609,60.3821,69.2618
87.5761,88.2837,58.0373,66.5722
95.8410,92.1115,56.8994,65.2669
106.5642,97.2923,54.6899,62.7325
116.0198,97.9228,55.7837,63.9872
123.7524,96.4422,58.0373,66.5722
132.1902,95.7771,55.7837,63.9872
138.8485,94.5272,53.6175,61.5025
143.3368,90.6447,52.5662,60.2965
148.4560,87.0088,52.5662,60.2965
155.5063,84.7714,51.5355,59.1143
161.5691,81.5533,51.5355,59.1143
170.4710,79.0740,51.5355,59.1143
184.5634,78.8224,50.5250,57.9551
199.4263,77.8691,52.5662,60.2965
216.3215,78.2067,51.5355,59.1143
234.2939,79.2053,50.5250,57.9551
248.9165,77.5760,51.5355,59.1143
265.2644,78.2859,50.5250,57.9551
279.6776,78.5351,50.5250,57.9551
291.0940,77.3831,49.5343,56.8188
299.0830,75.6419,50.5250,57.9551
299.8303,71.9342,52.5662,60.2965
301.1391,71.9964,50.5250,57.9551
294.1518,72.8972,50.5250,57.9551
283.0294,74.1957,50.5250,57.9551
268.6143,72.9633,50.5250,57.9551
254.7561,71.8589,50.5250,57.9551
238.9601,69.2527,50.5250,57.9551
223.0821,69.8467,50.5250,57.9551
203.1145,69.3808,52.5662,60.2965
188.5350,73.4378,53.6175,61.5025
176.4175,79.0646,53.6175,61.5025
166.4634,81.2990,53.6175,61.5025
153.3561,64.7445,51.5355,59.1143
162.0376,100.9094,51.5355,59.1143
151.5925,97.1942,53.6175,61.5025
142.7698,97.8279,54.6899,62.7325
130.3389,91.6691,53.6175,61.5025
118.4228,90.4657,55.7837,63.9872
114.1259,90.3611,56.8994,65.2669
109.5864,88.6192,58.0373,66.5722
105.1133,87.2408,56.8994,65.2669
100.4481,84.9311,59.1981,67.9037
97.3185,83.4362,61.5897,70.6470
101.6592,85.7379,59.1981,67.9037
112.2152,86.9706,59.1981,67.9037
127.9047,87.3745,56.8994,65.2669
149.6213,88.1522,54.6899,62.7325
171.6802,88.0125,53.6175,61.5025
192.8322,85.7266,52.5662,60.2965
213.1920,85.6899,51.5355,59.1143
232.8881,86.0526,49.5343,56.8188
250.4091,85.8289,48.5631,55.7047
264.9677,84.3388,49.5343,56.8188
280.1066,83.1637,48.5631,55.7047
292.7842,78.7770,50.5250,57.9551
301.4097,72.9892,52.5662,60.2965
309.5781,69.4265,53.6175,61.5025
312.0742,64.7193,55.7837,63.9872
312.6599,62.9109,55.7837,63.9872
309.1226,63.6044,55.7837,63.9872
299.0892,66.5458,55.7837,63.9872
283.1831,71.3348,58.0373,66.5722
263.1972,76.6927,60.3821,69.2618
243.8386,82.4985,59.1981,67.9037
219.0102,85.2674,60.3821,69.2618
195.9309,88.1933,59.1981,67.9037
170.5194,90.2484,60.3821,69.2618
145.0646,87.7106,62.8215,72.0599
122.1171,84.3547,65.3595,74.9712
98.9361,77.2826,68.0000,78.0000
77.3160,69.6809,70.7472,81.1512
56.9003,63.7702,73.6054,84.4297
37.3908,62.0250,72.1621,82.7742
14.3100,63.0721,73.6054,84.4297
-14.1808,65.0393,75.0775,86.1183
10.4106,70.2374,75.0775,86.1183
-6.7163,76.6220,73.6054,84.4297
-9.4175,78.9099,73.6054,84.4297
-5.9618,77.3050,70.7472,81.1512
-1.6165,76.3198,68.0000,78.0000
2.4393,71.3743,68.0000,78.0000
-11.5235,79.7963,70.7472,81.1512
-23.7305,53.2377,68.0000,78.0000
-3.9651,78.7912,70.7472,81.1512
-10.1158,57.2463,68.0000,78.0000
-2.7028,74.0970,70.7472,81.1512
5.1428,77.6507,69.3600,79.5600
15.3375,81.9533,66.6667,76.4706
22.9310,83.5479,69.3600,79.5600
30.0819,84.4092,72.1621,82.7742
44.8861,87.4338,69.3600,79.5600
60.5210,90.3915,66.6667,76.4706
75.3282,92.3717,65.3595,74.9712
93.5849,94.5351,65.3595,74.9712
113.5153,97.8420,65.3595,74.9712
132.5421,99.3966,66.6667,76.4706
155.7132,102.7528,64.0779,73.5011
180.0451,105.8030,61.5897,70.6470
202.2449,107.1545,62.8215,72.0599
226.5567,110.5028,62.8215,72.0599
251.9546,111.0886,65.3595,74.9712
277.4516,111.6482,64.0779,73.5011
301.3670,111.5411,64.0779,73.5011
320.4322,110.1913,66.6667,76.4706
338.3364,108.6700,64.0779,73.5011
349.9764,105.6439,66.6667,76.4706
356.6528,100.8264,65.3595,74.9712
358.1295,95.1133,65.3595,74.9712
355.4862,90.6292,65.3595,74.9712
345.0520,84.4011,65.3595,74.9712
331.1253,77.6241,66.6667,76.4706
313.3550,71.4377,69.3600,79.5600
297.8022,69.2349,69.3600,79.5600
280.5969,66.3978,70.7472,81.1512
268.1467,68.1439,72.1621,82.7742
268.1111,72.7010,70.7472,81.1512
268.6166,82.4607,73.6054,84.4297
257.3641,80.4891,75.0775,86.1183
247.0055,68.9729,73.6054,84.4297
244.4545,84.5541,73.6054,84.4297
237.3572,89.0050,73.6054,84.4297
226.6061,86.6142,73.6054,84.4297
204.9566,78.3689,76.5790,87.8407
208.6937,68.3643,79.6728,91.3894
193.8454,64.7120,81.2663,93.2172
178.5761,62.4599,82.8916,95.0816
170.1452,62.5000,82.8916,95.0816
176.6235,70.1843,79.6728,91.3894
189.0779,71.3950,78.1106,89.5975
185.0210,79.6936,75.0775,86.1183
206.5247,85.0802,75.0775,86.1183
234.4658,94.1903,72.1621,82.7742
248.4350,94.5243,75.0775,86.1183
256.4908,95.1232,72.1621,82.7742
259.6536,96.5629,69.3600,79.5600
258.1659,98.0782,68.0000,78.0000
256.7079,100.8879,65.3595,74.9712
250.2560,102.5424,66.6667,76.4706
243.0225,103.2881,68.0000,78.0000
238.4827,104.4853,65.3595,74.9712
235.3855,102.7561,62.8215,72.0599
227.5202,97.4906,60.3821,69.2618
222.3823,91.9168,58.0373,66.5722
230.8808,88.5742,55.7837,63.9872
247.1323,88.0810,53.6175,61.5025
265.6259,88.4769,51.5355,59.1143
284.4879,89.0090,49.5343,56.8188
296.4293,85.9879,51.5355,59.1143
304.9900,81.2654,51.5355,59.1143
313.1837,75.0134,49.5343,56.8188
316.5725,63.8412,49.5343,56.8188
316.3121,59.2932,50.5250,57.9551
315.2202,59.5548,48.5631,55.7047
309.7148,65.2940,47.6108,54.6124
301.3800,74.0695,49.5343,56.8188
292.0891,87.5488,50.5250,57.9551
280.8470,102.5509,52.5662,60.2965
269.5339,111.8304,54.6899,62.7325
264.6922,112.3920,56.8994,65.2669
257.8657,106.0713,59.1981,67.9037
246.5484,95.4789,61.5897,70.6470
254.8894,80.3046,62.8215,72.0599
247.4089,72.5197,65.3595,74.9712
234.7978,64.7581,68.0000,78.0000
226.2642,62.4436,70.7472,81.1512
227.8657,60.7742,68.0000,78.0000
207.9132,66.7068,70.7472,81.1512
200.0414,67.5208,73.6054,84.4297
205.0373,67.5508,76.5790,87.8407
187.2597,69.3727,79.6728,91.3894
172.0817,73.3627,82.8916,95.0816
166.1258,80.2312,81.2663,93.2172
171.7997,79.5680,82.8916,95.0816
174.6807,76.8297,82.8916,95.0816
174.2012,77.6034,79.6728,91.3894
159.7135,85.8657,76.5790,87.8407
178.3756,92.3832,73.6054,84.4297
195.6093,92.3865,70.7472,81.1512
205.9813,89.5670,68.0000,78.0000
209.7243,85.7368,66.6667,76.4706
212.7737,80.8359,64.0779,73.5011
223.4878,74.3455,61.5897,70.6470
228.7567,64.5073,60.3821,69.2618
222.1595,59.8977,58.0373,66.5722
217.7921,63.2632,55.7837,63.9872
216.4676,69.6846,53.6175,61.5025
218.9384,73.5623,54.6899,62.7325
223.4810,74.8961,56.8994,65.2669
235.2572,70.2027,59.1981,67.9037
233.1204,71.5596,61.5897,70.6470
232.1314,71.4103,64.0779,73.5011
234.7822,69.0445,66.6667,76.4706
240.8716,68.4962,64.0779,73.5011
234.1083,73.5283,64.0779,73.5011
245.7848,75.4388,66.6667,76.4706
267.8286,75.9693,69.3600,79.5600
274.6812,74.3688,68.0000,78.0000
256.9308,67.6149,70.7472,81.1512
244.5781,67.6369,73.6054,84.4297
251.4158,61.7846,75.0775,86.1183
244.6402,65.8441,75.0775,86.1183
225.5806,78.3479,78.1106,89.5975
233.6694,85.8888,75.0775,86.1183
234.0296,86.7667,78.1106,89.5975
223.3994,87.8998,75.0775,86.1183
202.8679,85.4350,76.5790,87.8407
180.5682,83.9720,78.1106,89.5975
164.9079,90.4801,75.0775,86.1183
151.2377,101.6405,72.1621,82.7742
142.7479,109.5432,69.3600,79.5600
145.3228,113.1340,69.3600,79.5600
155.1610,111.6374,66.6667,76.4706
162.3747,104.3776,68.0000,78.0000
172.7042,98.1193,66.6667,76.4706
182.2123,91.9950,65.3595,74.9712
189.3630,82.5435,62.8215,72.0599
195.9903,72.7948,64.0779,73.5011
214.9219,65.8996,61.5897,70.6470
230.5858,60.7948,60.3821,69.2618
240.2807,59.9228,58.0373,66.5722
246.0959,62.3988,55.7837,63.9872
248.9658,66.6014,53.6175,61.5025
242.5893,68.4487,54.6899,62.7325
228.9726,70.0599,56.8994,65.2669
211.9030,78.2705,56.8994,65.2669
194.7615,89.6427,59.1981,67.9037
179.4384,99.8941,60.3821,69.2618
189.9521,94.8753,62.8215,72.0599
190.8429,98.4150,60.3821,69.2618
192.9426,99.3150,58.0373,66.5722
195.4765,93.1073,55.7837,63.9872
198.1981,103.1890,58.0373,66.5722
209.1183,96.1421,60.3821,69.2618
219.0930,84.9975,62.8215,72.0599
224.3373,75.1992,60.3821,69.2618
228.6619,76.5925,59.1981,67.9037
231.8469,87.7066,59.1981,67.9037
238.1454,97.5804,61.5897,70.6470
240.4713,98.7454,64.0779,73.5011
238.0929,99.0531,65.3595,74.9712
233.7833,98.9360,62.8215,72.0599
217.5828,94.4102,65.3595,74.9712
207.4103,95.2674,62.8215,72.0599
204.1423,102.2842,61.5897,70.6470
201.1250,107.4029,59.1981,67.9037
198.2145,113.6847,60.3821,69.2618
196.2514,118.4768,62.8215,72.0599
197.3380,121.0092,62.8215,72.0599
201.2056,118.5935,65.3595,74.9712
208.2685,113.0891,64.0779,73.5011
216.6963,105.9792,64.0779,73.5011
223.5098,101.5709,66.6667,76.4706
227.8698,100.4370,65.3595,74.9712
222.5688,97.7133,68.0000,78.0000
213.0905,95.8573,69.3600,79.5600
200.1356,94.1272,68.0000,78.0000
187.4390,93.8107,70.7472,81.1512
179.0149,90.8674,73.6054,84.4297
174.6760,83.4804,75.0775,86.1183
176.3830,70.7734,78.1106,89.5975
182.7288,60.1683,79.6728,91.3894
184.6505,49.7810,81.2663,93.2172
184.8147,44.5359,82.8916,95.0816
179.6102,41.3518,82.8916,95.0816
179.1743,43.7669,81.2663,93.2172
175.0408,46.0410,82.8916,95.0816
168.9833,50.4487,81.2663,93.2172
185.1072,49.0217,79.6728,91.3894
174.0116,51.7626,78.1106,89.5975
161.2490,50.9656,81.2663,93.2172
148.7734,52.0165,84.5495,96.9832
140.2513,54.5697,84.5495,96.9832
135.0382,53.6059,81.2663,93.2172
141.6535,46.3621,78.1106,89.5975
156.0649,45.0136,81.2663,93.2172
170.0579,43.6257,84.5495,96.9832
174.2030,49.1141,84.5495,96.9832
193.0289,56.2374,81.2663,93.2172
211.6027,67.2135,82.8916,95.0816
233.4402,76.4964,81.2663,93.2172
251.1220,84.6106,78.1106,89.5975
260.8925,85.3725,75.0775,86.1183
258.3601,83.3083,73.6054,84.4297
246.8661,69.7710,76.5790,87.8407
243.3669,66.8890,79.6728,91.3894
240.1112,70.4320,76.5790,87.8407
235.2572,65.1095,75.0775,86.1183
233.6407,73.7651,73.6054,84.4297
232.6572,76.6388,70.7472,81.1512
228.2448,75.9734,72.1621,82.7742
237.0673,67.0468,70.7472,81.1512
230.4941,68.0344,69.3600,79.5600
220.1425,71.0510,72.1621,82.7742
215.2305,73.9736,72.1621,82.7742
216.1535,80.4400,69.3600,79.5600
213.8449,90.7271,68.0000,78.0000
234.2959,97.9801,66.6667,76.4706
248.6676,102.0209,69.3600,79.5600
257.8232,98.0357,70.7472,81.1512
255.5247,92.5576,70.7472,81.1512
250.6015,90.2511,69.3600,79.5600
246.1373,89.1594,69.3600,79.5600
245.6257,90.0190,68.0000,78.0000
241.5209,87.2971,69.3600,79.5600
229.2136,81.0965,70.7472,81.1512
197.7747,71.5497,73.6054,84.4297
184.2488,65.6924,76.5790,87.8407
172.6081,66.6837,79.6728,91.3894
167.8963,64.2656,82.8916,95.0816
182.6664,60.0603,84.5495,96.9832
193.9799,66.7387,81.2663,93.2172
232.5020,64.9999,81.2663,93.2172
274.8547,61.2642,81.2663,93.2172
299.0756,56.3596,78.1106,89.5975
297.2936,51.6106,76.5790,87.8407
268.0993,49.8010,73.6054,84.4297
225.5157,58.8772,72.1621,82.7742
206.8868,66.2614,73.6054,84.4297
186.6301,78.9405,76.5790,87.8407
176.8966,91.5630,76.5790,87.8407
177.8200,96.8556,75.0775,86.1183
186.9064,104.2956,72.1621,82.7742
201.4276,97.4833,69.3600,79.5600
224.6157,84.9031,66.6667,76.4706
241.4569,74.0826,68.0000,78.0000
240.3646,72.5945,65.3595,74.9712
217.8238,77.3355,62.8215,72.0599
215.4425,83.1713,60.3821,69.2618
203.8384,90.6943,59.1981,67.9037
198.1505,102.0044,61.5897,70.6470
210.7099,114.5399,62.8215,72.0599
241.8648,121.9927,62.8215,72.0599
272.2134,116.6354,65.3595,74.9712
305.1587,106.5443,65.3595,74.9712
335.7549,88.4415,68.0000,78.0000
340.2566,73.4779,65.3595,74.9712
315.7135,64.8152,64.0779,73.5011
282.1822,69.4421,66.6667,76.4706
242.4715,73.0292,69.3600,79.5600
210.2302,71.2962,72.1621,82.7742
193.1424,70.0527,70.7472,81.1512
163.2462,77.7623,70.7472,81.1512
145.5451,86.2230,69.3600,79.5600
143.0354,94.2466,66.6667,76.4706
150.5325,101.9428,68.0000,78.0000
165.5429,113.2799,68.0000,78.0000
177.5790,130.9433,68.0000,78.0000
194.8506,128.5872,65.3595,74.9712
201.7182,111.6959,65.3595,74.9712
184.9061,96.3391,68.0000,78.0000
159.0622,88.3836,69.3600,79.5600
137.3115,88.0730,69.3600,79.5600
144.4081,85.4200,68.0000,78.0000
137.3285,87.9344,69.3600,79.5600
138.5897,87.6409,72.1621,82.7742
133.1988,89.0787,73.6054,84.4297
153.6806,83.1771,70.7472,81.1512
