146.0000,54.0000,68.0000,101.0000
147.0705,54.3844,66.6667,99.0196
146.3325,53.8520,68.0000,101.0000
147.2609,53.9645,68.0000,101.0000
150.5264,54.6055,66.6667,99.0196
151.4132,52.6184,68.0000,101.0000
153.7412,53.1958,66.6667,99.0196
154.5610,52.5503,68.0000,101.0000
155.9094,51.3671,69.3600,103.0200
158.7228,52.1665,68.0000,101.0000
162.5955,55.2101,65.3595,97.0780
161.5431,55.9033,66.6667,99.0196
161.6873,58.1710,66.6667,99.0196
164.1296,61.0909,64.0779,95.1746
167.2804,60.9208,62.8215,93.3084
172.7575,63.6035,60.3821,89.6851
175.0185,65.4195,60.3821,89.6851
177.7779,67.2856,59.1981,87.9266
182.4074,66.9078,59.1981,87.9266
186.8528,67.4141,56.8994,84.5123
188.1916,64.6505,55.7837,82.8552
190.6826,62.7898,54.6899,81.2306
191.9429,59.5049,56.8994,84.5123
194.3527,61.9635,55.7837,82.8552
197.2876,66.5290,53.6175,79.6378
198.1924,69.8556,53.6175,79.6378
196.8516,72.0599,53.6175,79.6378
194.7218,73.2282,53.6175,79.6378
195.0530,75.8409,51.5355,76.5454
194.3352,79.4257,49.5343,73.5730
190.6368,79.0488,49.5343,73.5730
185.8583,75.8836,50.5250,75.0445
183.2422,75.7970,49.5343,73.5730
180.5796,74.7034,48.5631,72.1304
175.3180,71.7903,50.5250,75.0445
169.0556,70.7381,51.5355,76.5454
166.4156,71.6713,49.5343,73.5730
163.3476,71.8403,48.5631,72.1304
158.2089,70.4149,49.5343,73.5730
154.7416,68.1314,51.5355,76.5454
155.4424,70.9692,50.5250,75.0445
155.3518,71.0195,50.5250,75.0445
154.5828,71.1503,51.5355,76.5454
154.4613,72.5804,50.5250,75.0445
151.2547,70.9857,52.5662,78.0763
150.6112,73.8943,50.5250,75.0445
146.6145,73.0462,51.5355,76.5454
145.5540,72.2721,51.5355,76.5454
145.8684,72.1737,51.5355,76.5454
147.1389,73.8596,49.5343,73.5730
144.3819,70.7023,51.5355,76.5454
145.6932,71.3087,49.5343,73.5730
147.7596,72.4337,47.6108,70.7161
148.3677,72.8071,46.6773,69.3295
149.6219,74.6746,46.6773,69.3295
150.2374,76.0821,47.6108,70.7161
149.4119,78.5765,47.6108,70.7161
150.8138,82.5689,45.7621,67.9701
149.8900,82.9054,47.6108,70.7161
150.9005,83.3839,46.6773,69.3295
152.2942,81.0376,47.6108,70.7161
155.7378,79.4613,46.6773,69.3295
158.5906,76.7386,46.6773,69.3295
162.7199,73.7500,46.6773,69.3295
165.2610,71.3931,47.6108,70.7161
168.2779,69.1816,46.6773,69.3295
171.3888,67.0425,47.6108,70.7161
173.2573,68.3828,47.6108,70.7161
174.4142,68.9464,49.5343,73.5730
175.4783,69.4689,51.5355,76.5454
178.4564,71.9265,50.5250,75.0445
180.2583,71.7560,51.5355,76.5454
182.1147,73.6213,50.5250,75.0445
182.4756,73.1184,50.5250,75.0445
185.0236,73.4142,49.5343,73.5730
186.2021,72.8371,50.5250,75.0445
185.9346,72.6055,48.5631,72.1304
184.2868,71.0401,48.5631,72.1304
185.0980,70.4986,47.6108,70.7161
183.1925,71.3289,47.6108,70.7161
180.6765,72.5952,47.6108,70.7161
178.7847,74.1115,47.6108,70.7161
178.1578,75.6962,46.6773,69.3295
175.6184,74.5601,47.6108,70.7161
175.2300,74.1013,46.6773,69.3295
174.2273,72.3065,48.5631,72.1304
172.9313,72.8712,46.6773,69.3295
172.1912,70.8311,48.5631,72.1304
170.9585,71.3637,46.6773,69.3295
168.5668,68.5572,47.6108,70.7161
167.9431,67.0684,46.6773,69.3295
162.8961,65.7006,48.5631,72.1304
157.5144,62.6262,50.5250,75.0445
157.2737,62.5006,48.5631,72.1304
157.1366,66.3259,47.6108,70.7161
157.9303,71.1509,47.6108,70.7161
156.6094,74.1070,47.6108,70.7161
157.2377,76.6664,47.6108,70.7161
156.0908,77.9968,47.6108,70.7161
154.5842,77.6268,48.5631,72.1304
155.2287,78.8140,46.6773,69.3295
158.4885,80.5272,44.8648,66.6374
157.2493,76.9408,46.6773,69.3295
159.3691,77.5161,44.8648,66.6374
161.2983,77.2685,44.8648,66.6374
161.8229,75.7346,46.6773,69.3295
164.5942,75.5729,46.6773,69.3295
168.3915,75.8170,46.6773,69.3295
172.9069,78.1888,44.8648,66.6374
173.7438,77.2671,46.6773,69.3295
176.6688,76.6978,46.6773,69.3295
177.9775,76.3558,46.6773,69.3295
177.6570,76.4356,46.6773,69.3295
177.8646,76.5275,46.6773,69.3295
180.7017,74.5341,48.5631,72.1304
183.2439,75.9445,46.6773,69.3295
186.4965,74.6203,48.5631,72.1304
187.9603,73.7173,49.5343,73.5730
188.2371,72.9591,49.5343,73.5730
189.3494,71.7886,48.5631,72.1304
188.9838,71.1788,49.5343,73.5730
190.9919,73.5910,47.6108,70.7161
191.1719,76.7658,47.6108,70.7161
192.3196,79.8033,47.6108,70.7161
194.1760,81.5528,47.6108,70.7161
193.2964,80.9084,49.5343,73.5730
192.7103,78.6686,50.5250,75.0445
189.4653,73.5921,52.5662,78.0763
185.6433,71.8545,51.5355,76.5454
184.7980,72.2858,49.5343,73.5730
182.1477,69.1150,49.5343,73.5730
181.3005,65.8194,49.5343,73.5730
180.4393,65.9628,47.6108,70.7161
178.6683,68.7637,46.6773,69.3295
174.4327,70.6971,47.6108,70.7161
169.4488,71.3786,48.5631,72.1304
166.4370,72.3145,46.6773,69.3295
164.4090,73.3108,46.6773,69.3295
161.1591,73.2392,46.6773,69.3295
160.7592,71.9725,46.6773,69.3295
160.4715,69.0620,48.5631,72.1304
160.7962,69.7899,46.6773,69.3295
162.5211,71.7327,44.8648,66.6374
163.1210,72.0010,45.7621,67.9701
164.8872,72.7871,44.8648,66.6374
167.1502,72.5667,45.7621,67.9701
169.1924,74.6163,45.7621,67.9701
170.0702,74.9884,46.6773,69.3295
170.6848,74.5212,47.6108,70.7161
173.4160,74.3478,47.6108,70.7161
174.6424,73.4812,48.5631,72.1304
177.0488,73.2602,47.6108,70.7161
180.3998,71.7733,47.6108,70.7161
182.7682,70.0142,48.5631,72.1304
183.1584,67.8329,49.5343,73.5730
184.0956,67.9515,50.5250,75.0445
185.3364,71.1793,49.5343,73.5730
184.1236,71.0591,51.5355,76.5454
184.9293,73.1725,50.5250,75.0445
185.7043,75.4821,49.5343,73.5730
185.3829,76.5347,49.5343,73.5730
182.9878,76.5748,51.5355,76.5454
182.5612,80.1515,49.5343,73.5730
181.5734,80.2715,49.5343,73.5730
180.8324,79.7765,49.5343,73.5730
179.7160,78.3057,50.5250,75.0445
180.5764,76.6583,49.5343,73.5730
181.3686,72.8805,49.5343,73.5730
180.8498,71.5028,48.5631,72.1304
177.8637,70.0323,49.5343,73.5730
173.7382,68.5052,51.5355,76.5454
171.2148,69.2675,51.5355,76.5454
171.1546,72.1726,49.5343,73.5730
168.6571,73.5401,50.5250,75.0445
165.0776,74.3802,51.5355,76.5454
162.0176,74.1982,51.5355,76.5454
158.8171,74.4810,49.5343,73.5730
156.6486,73.2972,48.5631,72.1304
155.1204,72.3295,48.5631,72.1304
153.6064,72.1475,48.5631,72.1304
153.7843,72.9752,47.6108,70.7161
154.8433,74.8156,46.6773,69.3295
157.2148,73.5983,48.5631,72.1304
160.1738,74.1574,49.5343,73.5730
161.5068,78.0674,47.6108,70.7161
163.6796,80.9726,47.6108,70.7161
165.5840,83.1559,48.5631,72.1304
167.5901,85.6562,47.6108,70.7161
170.4303,86.1611,48.5631,72.1304
173.8001,86.6976,47.6108,70.7161
177.4167,86.3967,47.6108,70.7161
179.9016,84.8997,49.5343,73.5730
184.3377,82.2708,49.5343,73.5730
188.7969,76.9754,50.5250,75.0445
190.1408,76.2711,49.5343,73.5730
192.6026,75.1924,49.5343,73.5730
195.5229,74.5906,49.5343,73.5730
199.4842,74.8616,50.5250,75.0445
204.3269,76.6601,49.5343,73.5730
205.2801,75.6411,51.5355,76.5454
208.8643,75.9683,51.5355,76.5454
214.6134,78.5899,49.5343,73.5730
216.2226,79.4055,47.6108,70.7161
216.9914,79.3302,47.6108,70.7161
216.9853,78.1560,49.5343,73.5730
217.4827,75.8781,50.5250,75.0445
214.6768,75.1697,50.5250,75.0445
212.3207,76.6270,50.5250,75.0445
212.3419,75.6657,51.5355,76.5454
211.9793,76.5415,51.5355,76.5454
211.5521,78.7135,49.5343,73.5730
209.3221,75.5787,51.5355,76.5454
209.2535,75.0409,51.5355,76.5454
208.1715,74.7998,51.5355,76.5454
206.9781,73.2695,51.5355,76.5454
206.9679,74.4982,49.5343,73.5730
204.1290,72.1332,51.5355,76.5454
202.0884,74.2418,52.5662,78.0763
200.3291,79.0861,50.5250,75.0445
199.0334,78.6201,50.5250,75.0445
198.2647,76.2040,52.5662,78.0763
196.4065,76.5478,51.5355,76.5454
195.2370,75.3172,51.5355,76.5454
194.3874,72.8291,53.6175,79.6378
194.1126,74.4792,51.5355,76.5454
197.3356,75.3685,51.5355,76.5454
201.4470,77.9769,50.5250,75.0445
203.9366,80.8001,49.5343,73.5730
204.8818,80.9858,48.5631,72.1304
204.0652,80.0394,50.5250,75.0445
205.5543,79.1774,51.5355,76.5454
206.4193,77.0814,51.5355,76.5454
207.7989,73.7701,53.6175,79.6378
211.0207,74.3662,52.5662,78.0763
214.4718,73.5284,51.5355,76.5454
221.6885,74.1016,49.5343,73.5730
223.4741,72.5505,51.5355,76.5454
226.6733,74.6395,52.5662,78.0763
233.4043,80.7371,50.5250,75.0445
235.4053,84.8394,48.5631,72.1304
234.7920,86.1583,50.5250,75.0445
233.8813,85.3988,52.5662,78.0763
233.1202,87.0668,51.5355,76.5454
234.3183,88.6734,50.5250,75.0445
238.9353,89.5396,49.5343,73.5730
240.4945,89.1840,50.5250,75.0445
241.6242,88.7568,50.5250,75.0445
239.0322,87.1507,52.5662,78.0763
235.6855,86.6829,52.5662,78.0763
234.0215,82.3827,54.6899,81.2306
234.9869,82.7366,54.6899,81.2306
230.4256,83.2072,56.8994,84.5123
226.8568,83.4421,58.0373,86.2025
225.2947,86.8413,55.7837,82.8552
222.8975,86.2822,55.7837,82.8552
221.7057,85.8390,54.6899,81.2306
216.4083,81.4665,56.8994,84.5123
214.3598,77.8996,55.7837,82.8552
216.7478,73.8286,53.6175,79.6378
217.1455,66.1876,55.7837,82.8552
222.3027,63.6056,54.6899,81.2306
226.8945,66.4414,52.5662,78.0763
229.9933,71.3379,52.5662,78.0763
233.8501,76.5342,52.5662,78.0763
238.1667,79.9077,53.6175,79.6378
242.9443,83.5876,51.5355,76.5454
247.0567,86.9373,52.5662,78.0763
252.6637,86.0922,52.5662,78.0763
256.2735,81.0017,52.5662,78.0763
257.0120,75.0326,53.6175,79.6378
262.1236,71.5849,52.5662,78.0763
267.9536,69.2606,50.5250,75.0445
270.4533,65.0414,50.5250,75.0445
272.3328,63.7783,48.5631,72.1304
271.8449,64.6426,49.5343,73.5730
268.6141,69.4197,47.6108,70.7161
265.6761,71.7014,47.6108,70.7161
263.9134,71.2048,49.5343,73.5730
262.7033,69.8344,50.5250,75.0445
260.7005,66.3368,52.5662,78.0763
261.2554,67.6407,50.5250,75.0445
262.3959,67.4800,48.5631,72.1304
263.9708,67.1498,47.6108,70.7161
262.8150,65.1795,49.5343,73.5730
261.2802,62.8503,51.5355,76.5454
261.2448,61.4701,52.5662,78.0763
262.2767,60.4159,51.5355,76.5454
263.7113,60.9639,51.5355,76.5454
262.9982,61.5352,53.6175,79.6378
262.7966,60.8765,54.6899,81.2306
262.3161,61.9206,52.5662,78.0763
261.0081,61.7609,52.5662,78.0763
261.7281,62.3756,52.5662,78.0763
262.6888,64.0731,52.5662,78.0763
262.7206,64.7788,53.6175,79.6378
261.7646,65.8281,53.6175,79.6378
256.8331,66.5614,54.6899,81.2306
250.7711,69.7517,53.6175,79.6378
244.4300,70.2654,54.6899,81.2306
236.2999,67.5395,56.8994,84.5123
233.0958,69.9911,54.6899,81.2306
224.5865,68.6685,54.6899,81.2306
221.3059,69.8710,54.6899,81.2306
216.0381,69.9326,52.5662,78.0763
212.9169,68.7106,54.6899,81.2306
212.8272,68.8055,53.6175,79.6378
209.8958,71.2388,51.5355,76.5454
206.8116,71.3940,53.6175,79.6378
202.9364,71.3526,54.6899,81.2306
200.4517,72.0239,54.6899,81.2306
196.5085,70.4456,55.7837,82.8552
189.4797,66.8212,58.0373,86.2025
186.8752,67.6564,55.7837,82.8552
180.9394,65.7646,56.8994,84.5123
174.5137,65.5441,54.6899,81.2306
164.2710,61.9092,55.7837,82.8552
154.9285,57.3301,56.8994,84.5123
148.6137,57.3936,55.7837,82.8552
143.3836,57.1649,54.6899,81.2306
140.3163,55.9366,55.7837,82.8552
137.9092,57.7132,54.6899,81.2306
134.8465,59.8150,52.5662,78.0763
134.3333,61.1017,50.5250,75.0445
133.9806,60.7434,51.5355,76.5454
135.2594,65.4351,49.5343,73.5730
132.5115,67.3620,50.5250,75.0445
131.7945,67.8017,50.5250,75.0445
135.5296,69.0318,49.5343,73.5730
138.7362,67.6759,50.5250,75.0445
142.4226,69.7058,49.5343,73.5730
141.3253,72.0745,49.5343,73.5730
143.1109,73.1104,48.5631,72.1304
146.6419,73.5088,47.6108,70.7161
150.4197,72.1338,49.5343,73.5730
153.9101,70.9657,51.5355,76.5454
158.4178,72.2200,53.6175,79.6378
162.9364,73.8213,53.6175,79.6378
165.0788,72.1918,54.6899,81.2306
166.4586,71.0514,52.5662,78.0763
168.6887,66.8195,53.6175,79.6378
167.3976,62.7952,52.5662,78.0763
167.2280,59.0823,52.5662,78.0763
169.9947,57.8689,50.5250,75.0445
169.3185,54.8362,51.5355,76.5454
167.2894,57.5384,51.5355,76.5454
168.1800,63.7069,51.5355,76.5454
171.6874,73.0135,53.6175,79.6378
174.8140,81.9261,54.6899,81.2306
181.4761,90.4367,53.6175,79.6378
185.7719,95.0318,55.7837,82.8552
192.8316,99.4821,55.7837,82.8552
192.7624,100.7716,58.0373,86.2025
196.9495,103.1725,58.0373,86.2025
199.3835,102.7557,60.3821,89.6851
204.0689,104.4973,58.0373,86.2025
207.3540,104.6146,56.8994,84.5123
205.0193,104.9128,56.8994,84.5123
201.4827,100.8799,59.1981,87.9266
198.8674,98.1656,58.0373,86.2025
199.5915,95.0390,55.7837,82.8552
196.8781,90.3535,53.6175,79.6378
192.4326,86.1464,51.5355,76.5454
185.5253,79.7776,52.5662,78.0763
182.3442,78.2499,50.5250,75.0445
181.1057,77.9357,48.5631,72.1304
176.7823,78.3124,49.5343,73.5730
174.3416,78.1066,49.5343,73.5730
172.1787,79.0765,49.5343,73.5730
172.1408,82.3051,47.6108,70.7161
172.1320,85.0410,47.6108,70.7161
169.9196,86.4234,47.6108,70.7161
168.1688,85.8561,48.5631,72.1304
165.3341,84.2409,49.5343,73.5730
164.2182,81.7546,49.5343,73.5730
164.8003,80.2382,48.5631,72.1304
164.6270,77.3174,48.5631,72.1304
166.3021,74.5475,49.5343,73.5730
166.1567,74.1144,48.5631,72.1304
168.0617,72.0586,48.5631,72.1304
171.4200,70.4649,48.5631,72.1304
172.5306,68.1571,49.5343,73.5730
183.1636,72.5799,47.6108,70.7161
185.5762,77.4755,48.5631,72.1304
191.7662,81.4990,47.6108,70.7161
197.6609,84.3077,47.6108,70.7161
202.6890,84.0610,49.5343,73.5730
208.3186,84.3133,48.5631,72.1304
211.4186,83.3628,48.5631,72.1304
212.9589,80.7797,50.5250,75.0445
214.9275,78.3573,48.5631,72.1304
213.5597,75.9238,46.6773,69.3295
211.2051,76.3171,45.7621,67.9701
209.6655,73.2726,47.6108,70.7161
207.8907,72.0198,47.6108,70.7161
209.1533,73.5898,47.6108,70.7161
208.8755,77.9288,45.7621,67.9701
206.5650,77.4788,47.6108,70.7161
203.7907,78.9751,46.6773,69.3295
202.0535,79.0062,47.6108,70.7161
200.0576,80.3812,46.6773,69.3295
199.7549,79.9498,47.6108,70.7161
195.5321,78.5463,47.6108,70.7161
192.1228,75.7461,46.6773,69.3295
194.0681,71.8937,47.6108,70.7161
192.7300,68.2059,47.6108,70.7161
191.9860,68.3649,47.6108,70.7161
194.3434,72.1311,45.7621,67.9701
193.8042,73.9205,45.7621,67.9701
199.6213,80.4650,45.7621,67.9701
197.4882,80.2838,47.6108,70.7161
195.9238,83.2195,48.5631,72.1304
195.3139,84.0400,46.6773,69.3295
195.8505,84.3210,47.6108,70.7161
194.9426,82.9200,46.6773,69.3295
195.8553,80.7403,47.6108,70.7161
196.3605,79.2785,48.5631,72.1304
195.7833,76.7684,48.5631,72.1304
195.2951,72.1475,50.5250,75.0445
198.4491,73.1080,48.5631,72.1304
203.2690,74.1240,47.6108,70.7161
210.4073,79.9145,45.7621,67.9701
213.8828,82.0812,47.6108,70.7161
217.7908,85.0419,47.6108,70.7161
219.7709,86.9262,47.6108,70.7161
219.2399,89.8088,47.6108,70.7161
219.0838,93.3498,45.7621,67.9701
214.9239,92.0663,47.6108,70.7161
209.2024,89.6103,49.5343,73.5730
201.9305,87.1220,49.5343,73.5730
198.6468,85.8454,47.6108,70.7161
192.5719,82.7389,49.5343,73.5730
189.0106,79.1597,49.5343,73.5730
188.3364,78.5462,47.6108,70.7161
189.6951,80.3561,47.6108,70.7161
190.9832,82.1453,47.6108,70.7161
195.5886,84.8737,47.6108,70.7161
200.5443,87.9192,47.6108,70.7161
202.3271,89.7671,47.6108,70.7161
205.5484,90.8704,47.6108,70.7161
208.3145,90.0119,47.6108,70.7161
207.0429,89.1336,46.6773,69.3295
202.9071,86.8920,46.6773,69.3295
198.6513,84.9562,44.8648,66.6374
195.1808,82.0889,44.8648,66.6374
192.8581,83.7136,43.1226,64.0497
186.3513,82.2932,43.9851,65.3307
183.0269,83.3671,43.9851,65.3307
179.2855,85.1653,42.2771,62.7939
175.7257,83.8891,43.9851,65.3307
174.3558,82.0804,43.9851,65.3307
173.1948,79.4316,43.9851,65.3307
170.1653,77.0246,43.9851,65.3307
167.5833,74.7400,43.9851,65.3307
168.0531,70.4659,45.7621,67.9701
168.8671,67.3157,43.9851,65.3307
172.2194,63.9523,43.9851,65.3307
176.4600,63.8569,43.1226,64.0497
178.7667,66.2612,43.1226,64.0497
178.2866,68.3318,44.8648,66.6374
179.1181,70.3947,45.7621,67.9701
176.6059,69.7432,47.6108,70.7161
173.2957,73.9781,45.7621,67.9701
164.1921,71.8908,46.6773,69.3295
156.6187,69.4882,46.6773,69.3295
150.4681,66.9115,46.6773,69.3295
144.4756,61.5860,48.5631,72.1304
137.6586,55.8329,48.5631,72.1304
133.8452,51.5795,46.6773,69.3295
132.1419,48.7312,48.5631,72.1304
129.3630,45.1812,50.5250,75.0445
129.3189,45.4568,50.5250,75.0445
132.6887,48.5421,48.5631,72.1304
133.5526,49.9919,49.5343,73.5730
135.9023,52.7664,47.6108,70.7161
142.8564,55.1605,45.7621,67.9701
145.4469,55.1133,47.6108,70.7161
149.9631,56.8076,47.6108,70.7161
152.7733,56.4720,48.5631,72.1304
154.8720,54.6736,50.5250,75.0445
156.7932,56.0221,48.5631,72.1304
158.3873,55.9189,46.6773,69.3295
158.6180,57.3482,47.6108,70.7161
159.5249,60.1725,49.5343,73.5730
160.1980,63.5189,49.5343,73.5730
161.1969,64.7767,50.5250,75.0445
161.3025,65.8020,50.5250,75.0445
164.3480,67.3620,50.5250,75.0445
165.7494,65.8136,51.5355,76.5454
168.9294,66.0713,51.5355,76.5454
171.2460,65.1570,49.5343,73.5730
172.2358,62.3582,47.6108,70.7161
174.4828,60.7669,45.7621,67.9701
172.4907,59.7359,43.9851,65.3307
170.0165,58.5099,44.8648,66.6374
168.1877,60.9121,46.6773,69.3295
165.0890,63.2261,47.6108,70.7161
163.0756,63.6693,49.5343,73.5730
163.1920,63.2174,50.5250,75.0445
163.8718,61.3365,51.5355,76.5454
163.5671,61.2106,50.5250,75.0445
167.0601,58.9846,49.5343,73.5730
173.2547,54.8784,51.5355,76.5454
177.1502,51.6724,52.5662,78.0763
184.1866,52.3939,53.6175,79.6378
186.4704,56.7359,52.5662,78.0763
189.9664,61.2912,52.5662,78.0763
191.2727,60.2112,54.6899,81.2306
189.3783,59.5001,52.5662,78.0763
186.4525,59.9621,50.5250,75.0445
183.4050,58.3892,50.5250,75.0445
182.2134,56.6431,51.5355,76.5454
183.7839,53.9274,51.5355,76.5454
184.1351,51.9986,51.5355,76.5454
188.7911,53.0472,49.5343,73.5730
191.4027,52.1291,48.5631,72.1304
196.7305,52.4351,49.5343,73.5730
194.6108,53.9731,51.5355,76.5454
194.3301,61.4891,49.5343,73.5730
192.9054,68.7004,48.5631,72.1304
184.6563,74.9519,47.6108,70.7161
175.4484,75.5791,49.5343,73.5730
163.7837,71.6775,50.5250,75.0445
152.3919,67.5265,50.5250,75.0445
142.5829,60.1374,51.5355,76.5454
140.2893,57.0519,50.5250,75.0445
138.0483,53.1235,50.5250,75.0445
135.3124,47.8782,51.5355,76.5454
136.7799,49.2886,51.5355,76.5454
139.1652,56.4486,50.5250,75.0445
140.7421,61.1320,50.5250,75.0445
143.4223,65.4081,50.5250,75.0445
142.0746,69.9362,51.5355,76.5454
142.6147,76.0134,50.5250,75.0445
143.5209,74.4012,51.5355,76.5454
148.7107,73.1388,50.5250,75.0445
151.8032,68.8899,48.5631,72.1304
153.9120,65.3227,48.5631,72.1304
156.6121,65.6844,47.6108,70.7161
157.4729,65.7678,47.6108,70.7161
158.1548,66.3807,49.5343,73.5730
158.7271,69.9374,49.5343,73.5730
158.7351,74.1835,47.6108,70.7161
157.7540,80.2013,45.7621,67.9701
155.1235,81.3836,47.6108,70.7161
152.4973,82.7697,49.5343,73.5730
147.2447,81.0690,50.5250,75.0445
144.1932,78.5775,50.5250,75.0445
139.9829,73.2165,52.5662,78.0763
137.6864,67.6829,54.6899,81.2306
137.5970,61.7996,53.6175,79.6378
137.5505,55.5850,55.7837,82.8552
137.3718,51.6811,56.8994,84.5123
140.2320,54.1362,54.6899,81.2306
140.6438,57.9161,53.6175,79.6378
138.5928,60.5146,55.7837,82.8552
137.2750,63.3781,58.0373,86.2025
136.8729,67.8234,56.8994,84.5123
136.0344,69.7484,56.8994,84.5123
135.6803,70.0612,56.8994,84.5123
136.7812,69.4329,58.0373,86.2025
139.9258,70.9441,55.7837,82.8552
143.7606,70.5782,53.6175,79.6378
149.3770,67.3905,54.6899,81.2306
154.8225,61.7640,56.8994,84.5123
162.7203,61.3131,54.6899,81.2306
169.5439,60.0140,54.6899,81.2306
174.5809,60.0869,56.8994,84.5123
179.1749,63.0299,58.0373,86.2025
181.9189,67.7854,56.8994,84.5123
