130.0000,132.0000,31.0000,115.0000
129.3430,131.3535,31.0000,115.0000
129.7387,132.1920,30.3922,112.7451
129.1141,131.1919,31.0000,115.0000
128.9649,130.8691,31.0000,115.0000
128.9214,129.7636,31.6200,117.3000
129.0326,129.0989,31.6200,117.3000
128.6330,128.4031,31.0000,115.0000
128.6099,126.8875,31.6200,117.3000
128.4356,126.6558,31.6200,117.3000
128.0652,126.5789,31.6200,117.3000
127.7795,126.6043,31.6200,117.3000
127.2072,127.0297,31.6200,117.3000
126.5748,127.4755,31.6200,117.3000
126.6445,127.1192,31.6200,117.3000
125.3658,126.2305,31.6200,117.3000
125.0153,125.0946,31.6200,117.3000
124.8814,124.1732,31.6200,117.3000
124.0329,122.0758,32.2524,119.6460
123.7554,122.1279,31.0000,115.0000
123.4772,121.1413,31.0000,115.0000
124.7488,122.9621,29.7962,110.5344
124.3252,122.6375,29.7962,110.5344
124.6075,123.5346,29.2120,108.3671
124.6226,123.3339,29.2120,108.3671
124.6828,123.0670,29.2120,108.3671
124.4464,122.7594,28.6392,106.2422
124.6116,121.6832,29.2120,108.3671
124.4203,120.1950,29.7962,110.5344
123.1063,117.0835,31.0000,115.0000
124.3673,118.6875,29.7962,110.5344
124.5169,118.4978,29.7962,110.5344
123.9963,118.2888,29.7962,110.5344
123.8274,118.4990,29.7962,110.5344
123.6317,118.3891,29.7962,110.5344
123.2234,118.4530,29.7962,110.5344
122.8834,118.0972,29.7962,110.5344
122.2126,117.3650,29.7962,110.5344
121.7230,116.4960,29.7962,110.5344
121.9739,116.3624,29.2120,108.3671
121.4380,114.4959,29.7962,110.5344
121.5260,114.4669,29.2120,108.3671
121.2717,113.5553,29.7962,110.5344
121.7100,114.0521,29.2120,108.3671
121.6546,114.5394,28.6392,106.2422
122.6678,115.7397,28.0777,104.1590
122.5562,115.6603,28.0777,104.1590
122.8590,115.6049,28.0777,104.1590
122.9476,115.2860,28.0777,104.1590
122.9718,114.5283,28.0777,104.1590
122.1926,111.8783,29.2120,108.3671
122.0841,110.5508,29.2120,108.3671
122.2159,110.0056,29.2120,108.3671
122.6872,111.2445,28.0777,104.1590
122.6685,111.3466,28.0777,104.1590
122.3672,111.1895,28.0777,104.1590
122.0828,111.4146,28.0777,104.1590
121.5028,111.6001,28.0777,104.1590
120.3977,109.6473,29.2120,108.3671
120.1252,109.0514,29.2120,108.3671
120.3718,109.5295,28.0777,104.1590
119.6424,107.4763,29.2120,108.3671
120.1034,107.2810,28.0777,104.1590
120.2848,106.7879,28.0777,104.1590
120.2385,106.9061,28.0777,104.1590
120.1687,106.6691,28.0777,104.1590
119.9941,106.8846,27.5271,102.1167
120.7941,108.5016,26.9874,100.1144
120.3349,106.7987,28.0777,104.1590
120.4667,106.4994,28.0777,104.1590
120.5617,106.4797,27.5271,102.1167
120.4801,104.9232,28.0777,104.1590
120.5673,103.9912,28.0777,104.1590
120.3144,103.2773,28.0777,104.1590
120.0440,103.3449,27.5271,102.1167
120.1525,102.9327,27.5271,102.1167
120.8164,104.0529,26.9874,100.1144
119.7174,103.2494,27.5271,102.1167
120.3383,104.3410,26.9874,100.1144
120.0833,104.2772,26.9874,100.1144
119.6801,103.9740,26.9874,100.1144
118.7209,101.9592,28.0777,104.1590
118.5466,101.1590,28.0777,104.1590
118.8791,101.9013,26.9874,100.1144
118.7950,100.7098,26.9874,100.1144
118.5757,100.1300,26.9874,100.1144
118.5226,99.8748,26.9874,100.1144
118.7552,100.1060,26.9874,100.1144
118.6959,99.9121,26.9874,100.1144
118.9878,100.0664,26.9874,100.1144
119.0615,99.9939,26.9874,100.1144
119.2495,99.7691,26.9874,100.1144
119.7733,100.6334,25.9394,96.2269
119.1513,98.8211,26.9874,100.1144
119.2099,97.9449,26.9874,100.1144
119.2376,97.1210,26.9874,100.1144
119.3729,96.4765,26.9874,100.1144
119.2050,96.6604,26.9874,100.1144
119.9537,98.0513,25.9394,96.2269
119.6305,97.8025,25.9394,96.2269
119.3857,98.0463,25.9394,96.2269
119.4421,98.7556,25.4308,94.3401
119.0943,98.1895,25.4308,94.3401
118.8576,97.4339,25.4308,94.3401
118.3227,96.0903,25.9394,96.2269
117.7431,93.7412,26.9874,100.1144
117.5299,93.1706,26.9874,100.1144
118.2141,94.1191,25.9394,96.2269
118.0144,93.7589,25.9394,96.2269
118.1670,94.5008,25.4308,94.3401
118.4799,94.4581,25.4308,94.3401
118.3019,94.6975,24.9322,92.4902
118.5550,94.1865,25.4308,94.3401
118.6999,94.1149,25.4308,94.3401
118.3998,93.8640,25.4308,94.3401
118.4561,93.0134,25.4308,94.3401
118.4096,92.0618,25.4308,94.3401
118.2714,91.8329,25.4308,94.3401
118.1572,91.4754,25.4308,94.3401
117.8454,91.6620,25.4308,94.3401
117.6165,91.9663,25.4308,94.3401
117.3706,91.7017,25.4308,94.3401
117.0603,91.6852,25.4308,94.3401
116.4628,91.4451,25.4308,94.3401
116.0529,91.1792,25.4308,94.3401
115.8575,90.6239,25.4308,94.3401
115.2840,90.6579,24.4433,90.6767
115.1015,88.9322,24.9322,92.4902
115.6797,90.0565,23.9640,88.8987
114.7874,88.3207,24.9322,92.4902
115.5524,89.9200,23.9640,88.8987
115.6696,90.6160,23.4941,87.1556
115.5563,90.6667,23.4941,87.1556
115.7002,91.2126,23.0335,85.4467
115.2463,90.0187,23.9640,88.8987
115.1056,90.0363,23.4941,87.1556
114.1673,87.9094,24.4433,90.6767
114.6606,88.0729,23.9640,88.8987
113.5685,86.5203,24.4433,90.6767
113.9986,86.8634,23.9640,88.8987
113.9510,86.6585,23.9640,88.8987
113.1046,85.8179,24.4433,90.6767
113.2919,87.0008,23.9640,88.8987
112.9893,87.2747,23.9640,88.8987
112.9910,88.4295,23.0335,85.4467
112.1721,88.2696,23.0335,85.4467
111.8226,87.9714,23.0335,85.4467
111.1854,86.8024,23.4941,87.1556
110.9045,85.8593,23.4941,87.1556
110.9781,85.8662,23.0335,85.4467
110.3194,84.1306,23.9640,88.8987
110.1298,84.2634,23.9640,88.8987
110.0296,84.2570,23.9640,88.8987
110.4041,85.5489,23.0335,85.4467
110.3495,85.4737,23.0335,85.4467
110.2648,85.4128,23.0335,85.4467
110.2819,85.3540,23.0335,85.4467
110.3917,85.9313,22.5818,83.7713
110.3661,85.2900,22.5818,83.7713
109.7669,83.3704,23.4941,87.1556
109.2209,82.2316,23.9640,88.8987
108.9265,81.6622,23.9640,88.8987
108.9852,81.8023,23.4941,87.1556
109.0979,82.5160,23.0335,85.4467
109.1569,83.3558,22.5818,83.7713
108.5609,82.8992,23.0335,85.4467
108.3332,83.9948,22.5818,83.7713
107.7549,82.7234,23.0335,85.4467
107.6369,83.1428,22.1390,82.1287
106.7691,81.2425,23.0335,85.4467
106.5655,80.3371,23.0335,85.4467
106.6444,80.2502,22.5818,83.7713
106.7161,80.1775,22.1390,82.1287
106.9617,80.5728,21.7049,80.5183
106.0925,79.4557,22.5818,83.7713
106.2617,79.9312,22.1390,82.1287
106.3740,80.6353,21.7049,80.5183
106.3869,80.7531,21.7049,80.5183
106.4733,80.6397,21.7049,80.5183
106.1357,79.9692,22.1390,82.1287
106.0453,79.2195,22.1390,82.1287
106.0321,78.6509,21.7049,80.5183
105.9322,77.6967,21.7049,80.5183
105.5362,76.5022,22.1390,82.1287
105.1453,76.0239,22.5818,83.7713
105.3740,76.9955,22.1390,82.1287
105.4154,77.1897,22.1390,82.1287
105.3501,77.3781,22.1390,82.1287
104.2870,77.2555,22.5818,83.7713
103.9209,76.8162,22.5818,83.7713
104.0096,77.1074,21.7049,80.5183
104.6066,77.3566,20.8621,77.3917
104.0208,76.1362,21.2794,78.9395
104.2276,75.8847,20.8621,77.3917
103.8475,74.9713,21.7049,80.5183
103.2179,74.4544,22.1390,82.1287
103.2839,74.8585,22.1390,82.1287
103.0427,74.8620,22.1390,82.1287
103.0513,75.5053,21.7049,80.5183
102.7883,75.3215,22.1390,82.1287
102.8494,75.5447,22.5818,83.7713
102.2424,74.7204,23.4941,87.1556
102.1569,73.3197,23.9640,88.8987
102.4575,73.4604,23.0335,85.4467
101.9078,71.8994,23.0335,85.4467
101.9719,72.5395,22.5818,83.7713
102.0505,72.2290,22.5818,83.7713
101.8739,72.5059,22.5818,83.7713
101.4729,72.8410,22.1390,82.1287
101.3725,72.8382,22.1390,82.1287
101.3111,72.8597,22.5818,83.7713
100.4832,72.6383,22.5818,83.7713
100.2043,71.8127,23.0335,85.4467
99.7083,71.5183,23.0335,85.4467
99.6177,70.8426,23.0335,85.4467
99.6177,70.8426,23.0335,85.4467
99.6145,70.2523,22.1390,82.1287
99.9552,70.2992,21.7049,80.5183
99.8874,70.4824,21.7049,80.5183
99.9872,71.0821,21.2794,78.9395
100.1235,71.2928,21.2794,78.9395
100.1457,71.5455,20.8621,77.3917
100.4632,71.2922,20.8621,77.3917
100.2980,70.8275,21.2794,78.9395
100.2749,70.2984,21.2794,78.9395
100.3812,70.0266,20.4531,75.8742
100.3070,69.7241,20.4531,75.8742
100.0102,69.2617,20.4531,75.8742
99.7399,69.2944,19.6588,72.9279
99.6805,69.4240,19.6588,72.9279
99.6805,69.4240,19.6588,72.9279
99.1459,70.0585,19.6588,72.9279
98.6824,69.7730,20.0520,74.3865
98.6771,69.6978,19.6588,72.9279
98.5441,69.1439,19.6588,72.9279
98.4269,69.0805,19.6588,72.9279
97.8391,67.5004,20.0520,74.3865
98.1042,67.2325,20.4531,75.8742
97.9198,66.8390,20.4531,75.8742
98.0316,66.8483,20.4531,75.8742
98.0316,66.8483,20.4531,75.8742
98.2726,67.6551,20.4531,75.8742
98.2129,67.7859,19.6588,72.9279
98.4533,68.3113,19.2734,71.4980
98.1416,67.2649,20.0520,74.3865
98.1416,67.2649,20.0520,74.3865
98.2800,66.3298,20.0520,74.3865
98.4324,65.7489,19.6588,72.9279
98.5840,64.9392,20.4531,75.8742
98.7869,65.2662,19.6588,72.9279
98.8093,65.2101,19.6588,72.9279
98.5759,65.0270,20.0520,74.3865
98.9566,65.7542,19.6588,72.9279
98.9021,65.8184,19.6588,72.9279
98.7566,65.8543,19.6588,72.9279
98.7566,65.8543,19.6588,72.9279
98.7765,65.2662,19.6588,72.9279
98.8040,65.2922,19.2734,71.4980
98.5687,64.2063,19.6588,72.9279
98.7940,63.9572,19.6588,72.9279
98.9561,63.6867,19.6588,72.9279
99.8648,64.6081,18.8955,70.0961
99.2655,63.4387,19.6588,72.9279
99.5686,63.3872,19.6588,72.9279
99.9006,64.0894,19.2734,71.4980
100.1013,63.8028,19.6588,72.9279
100.2804,63.4491,19.6588,72.9279
100.4590,63.1957,19.6588,72.9279
100.5148,62.2503,20.0520,74.3865
100.8557,61.9936,19.6588,72.9279
101.1274,62.2298,19.2734,71.4980
101.8873,62.3389,18.8955,70.0961
100.8965,61.0933,19.6588,72.9279
101.1481,61.7151,19.2734,71.4980
101.8686,62.8297,18.8955,70.0961
101.5895,63.1604,18.5250,68.7216
101.3647,63.2936,18.5250,68.7216
100.9037,62.8090,18.5250,68.7216
101.2258,62.4912,18.8955,70.0961
101.1736,62.1326,18.8955,70.0961
100.8779,61.9407,18.5250,68.7216
101.0475,60.9641,18.8955,70.0961
101.0694,60.6403,18.8955,70.0961
101.2453,60.6404,18.8955,70.0961
100.9426,61.2726,18.1617,67.3741
100.9286,60.9700,18.1617,67.3741
100.8566,60.9144,18.5250,68.7216
100.9290,60.8985,18.5250,68.7216
100.5983,60.1156,19.2734,71.4980
100.7051,59.3661,19.2734,71.4980
101.0652,59.7621,18.5250,68.7216
101.0363,59.1768,18.5250,68.7216
101.2678,58.8006,18.8955,70.0961
101.3302,58.8740,18.1617,67.3741
101.0521,58.4939,18.5250,68.7216
101.1733,58.4350,18.8955,70.0961
101.4691,58.5373,18.8955,70.0961
101.2669,58.7124,18.8955,70.0961
100.8273,59.0891,18.5250,68.7216
100.9974,59.3704,18.1617,67.3741
100.8000,58.4731,18.8955,70.0961
100.7232,58.5307,18.1617,67.3741
100.5671,57.2333,18.8955,70.0961
100.6691,56.8969,18.8955,70.0961
100.6059,56.8512,18.8955,70.0961
100.6059,56.8512,18.8955,70.0961
99.9369,55.9404,19.2734,71.4980
100.5446,56.9166,18.8955,70.0961
100.5653,57.1808,18.8955,70.0961
100.7234,57.2010,18.8955,70.0961
99.9774,56.2724,19.2734,71.4980
100.6851,56.5912,18.8955,70.0961
100.5663,56.1493,18.8955,70.0961
100.3959,55.6340,18.8955,70.0961
100.3293,55.2648,18.8955,70.0961
100.3127,55.0109,18.8955,70.0961
100.3127,55.0109,18.8955,70.0961
100.0327,55.1095,18.5250,68.7216
100.6988,55.9746,17.8056,66.0531
100.7118,56.3980,17.8056,66.0531
100.3876,56.4760,17.8056,66.0531
99.2855,55.2463,18.5250,68.7216
99.3695,54.8838,18.8955,70.0961
99.0800,54.5643,18.8955,70.0961
99.0006,54.0219,18.8955,70.0961
98.5850,53.4361,18.5250,68.7216
98.7766,53.6639,18.1617,67.3741
99.0272,53.8920,17.4565,64.7579
98.8343,53.8065,17.4565,64.7579
98.8977,54.1319,17.4565,64.7579
99.0807,54.4600,17.4565,64.7579
99.0813,54.4633,17.4565,64.7579
99.2382,54.4746,17.4565,64.7579
99.4343,54.2632,17.8056,66.0531
99.4780,53.9801,17.8056,66.0531
99.4932,53.6563,17.8056,66.0531
99.5162,52.8021,17.8056,66.0531
99.5529,52.7451,17.8056,66.0531
99.5037,52.6321,17.8056,66.0531
99.3503,52.7406,17.8056,66.0531
99.4181,52.7968,17.8056,66.0531
99.2692,52.9382,17.8056,66.0531
99.2160,53.2355,17.8056,66.0531
99.0981,53.2628,17.8056,66.0531
98.8062,52.8606,17.8056,66.0531
98.3560,52.5093,17.8056,66.0531
98.3099,51.8490,17.8056,66.0531
98.0642,51.2061,17.8056,66.0531
98.3411,51.6546,17.1142,63.4882
97.7863,50.6427,17.4565,64.7579
97.8752,50.6607,17.4565,64.7579
97.9489,50.5345,17.4565,64.7579
98.3790,51.6442,16.7786,62.2433
97.9994,50.9608,17.4565,64.7579
98.4204,51.7143,16.7786,62.2433
98.2070,50.8948,17.4565,64.7579
98.2070,50.8948,17.4565,64.7579
98.7763,50.7549,17.1142,63.4882
98.8765,50.4243,17.1142,63.4882
98.8712,50.0927,17.1142,63.4882
99.2583,50.6566,16.4496,61.0228
99.3468,50.6470,16.4496,61.0228
98.9812,50.0654,17.1142,63.4882
98.9128,50.1001,17.1142,63.4882
98.2209,49.4915,17.4565,64.7579
98.0380,49.7458,17.4565,64.7579
97.8941,49.4895,17.4565,64.7579
98.4696,50.0380,17.1142,63.4882
98.4074,49.8628,17.1142,63.4882
98.1683,49.5023,17.1142,63.4882
98.0848,48.8841,17.1142,63.4882
98.0848,48.8841,17.1142,63.4882
98.0500,48.5530,17.1142,63.4882
98.0745,48.3853,17.1142,63.4882
98.8144,49.4413,16.4496,61.0228
98.7522,49.4588,16.4496,61.0228
98.7522,49.4588,16.4496,61.0228
98.3314,48.6953,16.7786,62.2433
99.2899,49.3100,16.4496,61.0228
99.1610,49.1158,16.4496,61.0228
98.9726,48.6010,16.4496,61.0228
98.9173,48.6321,16.4496,61.0228
98.9619,48.3286,16.4496,61.0228
99.0666,48.1915,16.4496,61.0228
99.0520,48.2720,16.4496,61.0228
98.8771,48.3987,16.4496,61.0228
98.8771,48.3987,16.4496,61.0228
98.0605,47.7027,16.7786,62.2433
98.5219,48.4479,16.4496,61.0228
98.4963,48.2477,16.4496,61.0228
98.2202,47.9847,16.4496,61.0228
97.8603,47.1496,16.1271,59.8263
97.7486,46.6527,16.1271,59.8263
97.7302,46.5319,16.1271,59.8263
97.8066,46.3325,16.1271,59.8263
97.7233,46.6943,16.1271,59.8263
98.1415,46.8895,16.4496,61.0228
97.8681,47.1804,16.1271,59.8263
97.9275,47.0043,16.1271,59.8263
97.8503,47.2131,16.1271,59.8263
97.8939,46.6326,16.1271,59.8263
97.8939,46.6326,16.1271,59.8263
98.3064,47.0076,15.8109,58.6532
97.7648,46.2931,15.5009,57.5032
97.3078,45.1834,16.1271,59.8263
97.3392,45.1591,16.4496,61.0228
97.8130,46.0619,15.8109,58.6532
97.5471,46.4064,15.8109,58.6532
96.6607,45.7267,16.1271,59.8263
96.3261,45.7001,16.1271,59.8263
96.7039,46.3647,15.8109,58.6532
96.2855,45.5474,15.5009,57.5032
96.4873,45.5903,15.8109,58.6532
95.7784,44.5638,15.5009,57.5032
95.6221,44.4539,15.5009,57.5032
95.3466,43.7698,16.1271,59.8263
95.8807,44.7065,15.8109,58.6532
95.6967,44.8397,15.8109,58.6532
95.6766,44.8918,15.8109,58.6532
95.5774,45.1273,15.8109,58.6532
95.7559,45.9605,15.1969,56.3757
95.7456,45.9606,15.1969,56.3757
95.3457,44.8977,15.8109,58.6532
94.7856,43.9096,15.5009,57.5032
94.5001,42.7436,16.1271,59.8263
94.1289,42.4812,16.1271,59.8263
94.7943,43.3934,15.8109,58.6532
94.3412,43.1948,15.5009,57.5032
94.2613,43.1334,15.5009,57.5032
93.9314,43.4647,15.5009,57.5032
93.5549,43.5302,15.5009,57.5032
94.2021,44.2277,15.1969,56.3757
93.3870,44.3819,14.6068,54.1865
92.9043,43.5127,14.8989,55.2703
93.0484,43.6372,14.6068,54.1865
92.7686,43.2234,14.6068,54.1865
92.8881,42.6976,15.1969,56.3757
92.6472,42.2935,15.1969,56.3757
92.6445,42.6016,14.6068,54.1865
92.1775,42.8283,14.8989,55.2703
92.2469,42.8782,14.6068,54.1865
92.2469,42.8782,14.6068,54.1865
92.2627,43.0569,15.1969,56.3757
92.4255,42.6414,15.1969,56.3757
92.3737,42.6342,15.1969,56.3757
92.3662,41.7873,15.1969,56.3757
92.3043,41.6728,15.1969,56.3757
92.2972,41.4142,14.6068,54.1865
92.4412,41.6630,14.6068,54.1865
92.3673,41.0689,15.1969,56.3757
92.2407,41.5102,14.6068,54.1865
92.0310,41.3920,14.8989,55.2703
91.8135,41.8485,14.6068,54.1865
91.7342,41.4119,15.1969,56.3757
91.5405,41.6454,14.6068,54.1865
91.4677,41.3289,14.6068,54.1865
91.2991,40.7521,14.6068,54.1865
91.4909,39.8275,15.1969,56.3757
91.4019,39.8936,15.1969,56.3757
90.8314,39.1383,15.5009,57.5032
91.4908,39.9926,15.1969,56.3757
91.1848,40.5659,14.6068,54.1865
91.2324,40.9099,14.6068,54.1865
91.2885,40.9326,14.6068,54.1865
91.4847,40.8763,14.6068,54.1865
91.5357,40.7456,14.6068,54.1865
92.3476,41.3217,14.3204,53.1240
91.6173,39.5844,14.8989,55.2703
92.6183,40.1542,14.3204,53.1240
92.3708,40.1086,14.0396,52.0824
92.0710,38.9426,14.6068,54.1865
92.0710,38.9426,14.6068,54.1865
91.8598,38.4458,14.8989,55.2703
91.8906,39.3515,14.6068,54.1865
91.9499,39.3779,14.6068,54.1865
91.8606,39.3928,14.6068,54.1865
91.7988,39.4244,14.6068,54.1865
92.2147,39.6733,14.0396,52.0824
92.1051,39.5534,14.0396,52.0824
91.8751,38.6202,14.6068,54.1865
91.9975,37.6901,15.1969,56.3757
91.8506,37.9130,14.6068,54.1865
92.0301,37.9786,14.6068,54.1865
92.0825,38.2773,14.6068,54.1865
92.2969,38.6227,14.6068,54.1865
92.7791,39.6003,14.0396,52.0824
92.9265,40.0885,13.7643,51.0612
93.0854,38.9533,14.0396,52.0824
92.7785,37.9385,14.6068,54.1865
93.3386,38.4114,14.0396,52.0824
93.0409,36.9510,14.6068,54.1865
93.0409,36.9510,14.6068,54.1865
93.9855,37.6065,14.3204,53.1240
93.8921,38.3621,13.7643,51.0612
94.0264,38.5093,13.4944,50.0600
94.2477,38.8688,13.4944,50.0600
94.2477,38.8688,13.4944,50.0600
94.7307,39.7305,13.2298,49.0784
94.2485,38.7976,13.4944,50.0600
94.7625,39.3198,13.2298,49.0784
