692.0000,439.0000,24.0000,79.0000
689.7901,438.7101,23.5294,77.4510
686.1910,436.6294,24.4800,80.5800
683.6348,437.3366,24.0000,79.0000
680.5778,437.3233,24.0000,79.0000
678.5557,438.8039,23.0681,75.9323
674.3411,436.7484,24.0000,79.0000
671.1914,435.8952,24.0000,79.0000
667.8887,433.4355,24.9696,82.1916
665.2913,434.1471,24.0000,79.0000
662.8019,432.6892,24.0000,79.0000
661.3293,432.5798,23.5294,77.4510
658.3565,430.3123,24.0000,79.0000
655.9141,429.4396,24.0000,79.0000
654.4155,430.4165,23.0681,75.9323
650.8802,428.3801,24.0000,79.0000
648.3834,428.3625,24.0000,79.0000
645.0256,428.3849,24.0000,79.0000
641.6516,428.2848,24.0000,79.0000
638.7040,427.9641,24.0000,79.0000
635.5029,427.1566,24.4800,80.5800
632.8764,427.1760,24.0000,79.0000
629.7749,424.4128,24.9696,82.1916
626.5726,424.2792,24.4800,80.5800
624.2392,423.4205,24.0000,79.0000
622.6952,423.2401,23.5294,77.4510
619.1991,421.6200,24.0000,79.0000
616.9101,420.6029,24.0000,79.0000
614.5919,420.4757,24.0000,79.0000
612.0850,420.3910,24.0000,79.0000
609.2927,420.8367,24.0000,79.0000
606.5000,420.4615,24.0000,79.0000
603.5025,420.1976,24.0000,79.0000
600.8861,419.7737,24.0000,79.0000
597.9695,417.8207,24.4800,80.5800
595.8090,417.9833,24.0000,79.0000
593.3906,416.7085,24.0000,79.0000
591.2864,415.4295,24.0000,79.0000
589.0790,414.5046,24.0000,79.0000
587.0052,414.0338,24.0000,79.0000
584.9833,413.0675,24.0000,79.0000
582.6337,412.5876,24.0000,79.0000
580.2191,412.3930,24.0000,79.0000
578.3351,414.8628,23.0681,75.9323
575.4201,414.7245,23.0681,75.9323
572.8011,415.6163,22.6157,74.4435
570.0779,414.8475,22.6157,74.4435
567.4370,414.1060,22.6157,74.4435
564.4883,413.4638,22.1723,72.9838
562.4189,412.0389,22.6157,74.4435
559.5050,410.9294,22.1723,72.9838
556.9727,409.7358,22.1723,72.9838
554.9163,409.8141,21.7375,71.5527
552.7712,409.3475,21.7375,71.5527
550.4852,409.4449,21.7375,71.5527
548.1006,410.1455,21.3113,70.1497
545.8939,410.1684,21.3113,70.1497
543.2271,409.3102,21.7375,71.5527
540.6147,409.7694,21.3113,70.1497
537.8110,408.2945,21.7375,71.5527
535.6263,408.1224,21.3113,70.1497
532.9388,406.0340,22.1723,72.9838
531.2156,404.6410,22.6157,74.4435
529.0694,404.1293,21.7375,71.5527
526.9586,402.5377,22.1723,72.9838
524.7865,401.6306,22.6157,74.4435
522.5021,401.8631,21.7375,71.5527
521.0214,402.4859,20.8934,68.7743
518.4947,402.0500,21.3113,70.1497
515.8846,401.6507,21.7375,71.5527
513.5593,401.6780,21.7375,71.5527
511.0225,401.7367,21.7375,71.5527
508.5329,401.9813,21.3113,70.1497
507.1395,402.6786,20.4838,67.4257
503.8839,401.1323,20.8934,68.7743
501.2600,398.8861,21.7375,71.5527
499.0316,398.2239,21.3113,70.1497
497.9338,398.6131,20.4838,67.4257
495.7659,398.7101,19.6884,64.8075
493.9701,398.3593,19.6884,64.8075
491.9017,398.3060,19.6884,64.8075
490.1327,397.6509,20.4838,67.4257
488.1650,398.8283,19.6884,64.8075
487.2074,400.2830,18.9238,62.2910
484.1820,397.8955,19.6884,64.8075
480.8562,396.2494,20.4838,67.4257
478.1720,395.1348,20.8934,68.7743
476.1111,394.2196,21.3113,70.1497
474.3827,393.3939,20.8934,68.7743
473.5836,394.1487,20.0821,66.1037
471.5438,392.2385,20.4838,67.4257
469.6311,391.8216,20.4838,67.4257
467.5019,391.2032,20.4838,67.4257
465.6558,391.4769,19.6884,64.8075
463.8796,391.4588,19.6884,64.8075
462.4608,391.6085,20.0821,66.1037
460.1183,392.0039,19.6884,64.8075
457.8094,391.6417,19.3023,63.5368
455.6291,392.3280,18.5528,61.0696
452.8808,391.1895,19.3023,63.5368
450.8822,390.2151,19.6884,64.8075
448.9434,389.3156,20.0821,66.1037
446.9246,387.5107,20.4838,67.4257
444.8741,387.0652,19.6884,64.8075
443.0706,386.2552,19.6884,64.8075
441.1995,386.2640,19.6884,64.8075
439.4390,386.1408,19.6884,64.8075
437.6062,385.8423,19.6884,64.8075
436.6353,387.3114,18.9238,62.2910
434.6251,387.5184,18.5528,61.0696
432.7725,387.2078,18.5528,61.0696
430.7987,386.9061,18.5528,61.0696
428.4305,385.1133,19.3023,63.5368
426.5966,384.5711,19.3023,63.5368
425.4308,384.6419,18.9238,62.2910
423.4596,383.6632,18.5528,61.0696
422.2454,382.9189,18.9238,62.2910
419.8553,381.0003,19.6884,64.8075
419.1414,381.7034,18.9238,62.2910
417.4089,381.5769,18.9238,62.2910
415.0507,380.3701,19.3023,63.5368
413.1062,380.2125,19.3023,63.5368
411.2800,380.3576,19.3023,63.5368
409.4892,381.6608,18.9238,62.2910
407.6004,381.4575,18.9238,62.2910
405.4233,380.9506,18.9238,62.2910
402.6691,379.8139,19.3023,63.5368
401.1629,379.9626,18.5528,61.0696
399.9384,380.4856,17.8324,58.6982
397.3406,378.2830,18.5528,61.0696
395.5517,377.3983,18.9238,62.2910
393.5207,377.0053,18.5528,61.0696
392.3088,376.9021,18.9238,62.2910
390.2648,377.1505,18.5528,61.0696
389.5478,378.6120,17.8324,58.6982
387.1879,377.8865,18.1890,59.8721
385.8181,377.3517,18.9238,62.2910
383.5663,377.3027,18.1890,59.8721
381.6430,376.9090,18.1890,59.8721
380.0150,375.6900,18.9238,62.2910
377.9955,375.3508,18.5528,61.0696
376.8771,374.1535,18.9238,62.2910
375.1136,373.3632,18.9238,62.2910
373.4000,373.4339,18.1890,59.8721
372.4530,373.4582,17.8324,58.6982
371.2909,374.1640,17.1399,56.4188
368.9675,373.2718,17.4827,57.5472
367.2690,372.4728,18.1890,59.8721
365.8534,373.6421,17.8324,58.6982
363.6830,373.6674,17.4827,57.5472
361.5906,373.7921,17.4827,57.5472
359.7284,373.0609,17.4827,57.5472
358.1555,372.7152,17.8324,58.6982
356.4113,372.3676,17.8324,58.6982
353.8292,370.0029,18.5528,61.0696
352.2075,369.2524,18.1890,59.8721
350.7077,369.4827,17.4827,57.5472
349.2870,368.8422,17.8324,58.6982
347.7809,368.8536,17.4827,57.5472
345.7340,367.9832,18.1890,59.8721
344.4195,369.0786,17.4827,57.5472
343.5786,370.2458,17.1399,56.4188
341.8317,370.1805,16.8038,55.3126
340.4482,369.7478,17.1399,56.4188
338.7294,369.3243,17.1399,56.4188
336.9047,368.8354,16.8038,55.3126
335.6012,367.9333,17.1399,56.4188
333.9036,367.0632,16.8038,55.3126
332.6044,367.4504,16.1513,53.1647
331.1707,365.4049,16.8038,55.3126
329.6297,364.7984,16.8038,55.3126
327.8688,364.0523,17.4827,57.5472
326.8336,364.6058,16.8038,55.3126
325.7305,365.4897,16.1513,53.1647
324.5057,366.1870,16.4743,54.2280
322.6351,366.1009,16.1513,53.1647
320.5227,365.8637,16.1513,53.1647
319.0800,365.4026,16.4743,54.2280
316.5605,364.2462,16.8038,55.3126
315.1865,364.4962,16.1513,53.1647
313.0475,363.0047,16.8038,55.3126
311.9061,363.1891,16.4743,54.2280
309.9438,362.0487,16.1513,53.1647
307.9436,360.7191,16.8038,55.3126
306.9542,360.5635,17.1399,56.4188
305.1612,360.6083,16.8038,55.3126
304.0153,360.8217,17.1399,56.4188
302.1317,360.9197,16.8038,55.3126
300.6060,361.2031,16.8038,55.3126
298.9908,360.8340,16.8038,55.3126
297.5904,361.2054,16.1513,53.1647
295.8941,360.6827,16.1513,53.1647
293.9503,359.1897,16.8038,55.3126
292.6247,359.5059,16.1513,53.1647
290.8345,357.7816,16.8038,55.3126
290.1905,357.7660,16.4743,54.2280
288.0327,356.3977,16.8038,55.3126
287.0744,356.9981,16.4743,54.2280
285.5313,356.8418,16.1513,53.1647
284.5445,356.7855,16.4743,54.2280
282.8275,357.1967,16.1513,53.1647
281.7331,358.4047,15.5241,51.1003
279.3925,358.4255,15.2197,50.0983
277.3997,357.5173,15.8346,52.1223
275.5995,357.9331,15.2197,50.0983
273.5839,356.7090,15.8346,52.1223
272.7499,357.0139,15.5241,51.1003
271.3176,356.3321,15.5241,51.1003
268.8022,354.3196,16.1513,53.1647
267.3056,353.8873,16.4743,54.2280
265.8685,353.4139,16.4743,54.2280
264.3073,353.5957,16.1513,53.1647
263.7311,355.0494,15.5241,51.1003
262.0813,354.9788,15.2197,50.0983
260.1836,354.3349,15.8346,52.1223
259.2078,355.3696,15.5241,51.1003
257.3443,354.9879,15.5241,51.1003
255.7713,354.2151,15.5241,51.1003
253.8722,353.5577,15.5241,51.1003
252.3652,353.0979,15.5241,51.1003
250.2742,351.3101,15.8346,52.1223
248.6895,350.6584,15.8346,52.1223
248.2286,350.8162,15.5241,51.1003
246.3575,350.8285,14.9213,49.1160
245.5038,351.3328,14.6287,48.1529
243.6376,350.9253,14.9213,49.1160
241.9243,350.9906,14.9213,49.1160
240.5654,351.8159,14.3419,47.2088
238.2843,350.9307,14.9213,49.1160
236.5015,350.9019,14.9213,49.1160
235.3982,351.7808,14.6287,48.1529
233.6740,351.5891,14.6287,48.1529
231.0606,349.6455,15.2197,50.0983
229.7210,349.4111,14.9213,49.1160
228.4210,349.6811,14.6287,48.1529
227.0534,349.0930,14.6287,48.1529
224.7604,347.6254,15.2197,50.0983
224.4237,349.0297,14.6287,48.1529
221.9069,347.9667,15.2197,50.0983
220.3789,347.2517,15.8346,52.1223
219.1045,348.2608,15.2197,50.0983
217.7784,347.8731,15.2197,50.0983
216.3319,348.0365,14.9213,49.1160
214.4951,347.4072,15.2197,50.0983
213.2124,347.5773,14.9213,49.1160
211.7924,345.9725,15.2197,50.0983
210.3387,345.8465,14.9213,49.1160
208.9555,344.7344,15.2197,50.0983
208.0738,344.3736,15.5241,51.1003
206.4539,343.8489,15.5241,51.1003
204.9476,343.9303,15.2197,50.0983
204.0902,343.8889,15.5241,51.1003
202.5105,344.5654,14.9213,49.1160
201.0203,344.7104,14.9213,49.1160
199.6699,345.5879,14.3419,47.2088
198.3050,345.3111,14.3419,47.2088
197.1754,345.4168,14.6287,48.1529
195.3648,344.8253,14.3419,47.2088
194.3307,344.3099,14.6287,48.1529
192.8371,343.8115,14.6287,48.1529
190.8970,343.2590,14.0607,46.2831
189.6837,343.0963,13.7850,45.3756
188.4241,342.2156,14.3419,47.2088
187.3254,342.3588,14.6287,48.1529
185.6973,342.6956,14.3419,47.2088
184.7645,343.7728,13.7850,45.3756
184.1266,344.8842,13.2497,43.6136
182.1724,343.7395,13.7850,45.3756
181.2725,344.4775,13.2497,43.6136
179.8056,343.4889,13.5147,44.4859
178.7159,343.3871,13.2497,43.6136
176.5798,341.5381,13.7850,45.3756
174.8415,340.2472,14.3419,47.2088
173.9518,340.4931,13.7850,45.3756
172.6461,339.6611,13.7850,45.3756
171.1825,338.6206,14.3419,47.2088
169.6124,337.7951,14.9213,49.1160
168.7487,338.5602,14.3419,47.2088
167.4651,338.7863,14.3419,47.2088
166.2821,339.2255,14.6287,48.1529
164.9196,339.0924,14.6287,48.1529
162.9401,339.3522,14.0607,46.2831
161.3845,339.3586,14.0607,46.2831
160.6624,340.5419,13.5147,44.4859
159.0687,340.3627,13.5147,44.4859
157.7134,339.8964,13.5147,44.4859
155.6150,337.9335,14.0607,46.2831
154.1684,337.0975,14.3419,47.2088
153.0321,337.5979,13.7850,45.3756
151.6641,337.0960,14.0607,46.2831
150.5807,337.7175,13.7850,45.3756
149.2129,337.1384,14.3419,47.2088
147.7781,337.3362,14.3419,47.2088
146.4708,337.2168,14.3419,47.2088
145.0243,337.1119,14.3419,47.2088
143.7161,337.0575,14.3419,47.2088
142.2358,336.5949,14.3419,47.2088
141.1962,336.8729,13.7850,45.3756
140.7468,337.5599,13.2497,43.6136
139.3690,336.7663,13.5147,44.4859
138.2682,336.1603,13.5147,44.4859
136.3514,334.1898,14.0607,46.2831
135.1644,333.7691,14.0607,46.2831
133.9395,333.7793,14.0607,46.2831
133.6704,335.1724,13.5147,44.4859
131.7417,334.6516,13.7850,45.3756
130.9257,335.7495,13.5147,44.4859
129.7731,336.5818,12.9899,42.7584
128.3330,336.0393,13.2497,43.6136
126.7582,335.1271,13.5147,44.4859
124.8800,333.6112,14.0607,46.2831
124.4181,334.3904,13.5147,44.4859
123.1148,333.8957,13.5147,44.4859
121.2862,332.0958,14.0607,46.2831
119.6324,331.7326,14.0607,46.2831
118.8410,331.4355,14.0607,46.2831
117.8160,331.9091,13.7850,45.3756
116.9472,332.0539,13.7850,45.3756
115.8939,332.2411,13.7850,45.3756
114.8847,331.8339,14.0607,46.2831
114.6080,333.0150,13.5147,44.4859
112.7417,331.5584,14.0607,46.2831
112.5355,332.4747,13.5147,44.4859
111.6667,332.5261,13.2497,43.6136
110.5408,331.5691,13.5147,44.4859
109.9316,331.4707,12.9899,42.7584
108.6299,330.4161,13.5147,44.4859
107.8050,330.4650,12.9899,42.7584
107.0058,329.8524,13.2497,43.6136
106.0680,329.6639,13.5147,44.4859
105.1702,330.1454,13.2497,43.6136
104.3264,330.3278,13.2497,43.6136
103.4609,330.7374,12.9899,42.7584
102.2446,330.2493,13.2497,43.6136
101.1220,330.2050,13.2497,43.6136
100.0560,330.5792,12.9899,42.7584
98.6633,329.8606,13.2497,43.6136
97.5419,328.9418,13.5147,44.4859
96.5767,328.3488,13.5147,44.4859
95.5419,327.7583,13.5147,44.4859
94.7688,327.6009,13.2497,43.6136
93.6575,327.0955,13.2497,43.6136
91.8655,325.8985,13.7850,45.3756
91.5952,326.8385,13.5147,44.4859
89.9689,326.1579,13.7850,45.3756
89.8631,327.1767,13.5147,44.4859
89.1402,328.0107,12.9899,42.7584
88.2012,327.7150,12.9899,42.7584
87.0334,327.2784,13.2497,43.6136
85.4885,325.5870,13.7850,45.3756
85.1654,326.4771,13.2497,43.6136
84.2144,326.3180,12.9899,42.7584
83.1704,325.2911,13.2497,43.6136
82.3503,324.5751,13.2497,43.6136
81.5765,324.4633,12.9899,42.7584
80.5783,323.8105,13.5147,44.4859
80.0770,324.4907,12.9899,42.7584
79.1866,324.5028,12.9899,42.7584
78.2317,324.9786,12.9899,42.7584
76.9317,324.9344,12.7352,41.9200
75.8408,324.6311,12.7352,41.9200
74.6876,324.4809,12.7352,41.9200
73.9825,325.0884,12.2407,40.2922
73.1329,325.3073,11.7654,38.7276
71.8388,324.4419,12.2407,40.2922
70.9121,323.9141,12.2407,40.2922
69.7263,322.8385,12.7352,41.9200
69.0652,322.2597,13.2497,43.6136
67.2145,320.8014,13.7850,45.3756
66.9218,321.3606,13.5147,44.4859
66.3221,322.3335,12.9899,42.7584
65.6466,322.3670,12.9899,42.7584
64.6451,322.5958,12.7352,41.9200
63.9951,322.5034,13.2497,43.6136
62.7009,322.6529,12.7352,41.9200
61.9040,322.3008,12.7352,41.9200
61.0380,322.4927,12.2407,40.2922
60.3374,322.1535,12.2407,40.2922
59.2356,320.7997,12.7352,41.9200
58.4799,320.5654,12.9899,42.7584
57.6057,320.0627,12.7352,41.9200
57.0227,319.3134,12.9899,42.7584
56.0162,318.2194,13.5147,44.4859
55.5323,319.0205,12.9899,42.7584
54.5393,319.4288,12.4855,41.0981
53.5199,319.3320,12.7352,41.9200
52.9097,320.2880,12.2407,40.2922
51.5624,319.6752,12.7352,41.9200
50.4881,319.3789,12.7352,41.9200
49.8395,319.7665,12.2407,40.2922
48.9615,319.6595,12.0007,39.5022
48.1195,319.9839,11.7654,38.7276
46.9143,318.6689,12.2407,40.2922
45.7621,317.8179,12.4855,41.0981
45.0336,317.6219,12.2407,40.2922
44.0975,317.1140,12.4855,41.0981
43.1765,317.0058,12.4855,41.0981
42.4774,317.1582,12.4855,41.0981
41.7790,317.3108,12.4855,41.0981
41.0822,317.2139,12.4855,41.0981
40.5380,317.8863,12.2407,40.2922
39.4875,316.8740,12.7352,41.9200
38.8058,317.3342,12.2407,40.2922
37.9019,316.9041,12.2407,40.2922
37.1782,316.4583,12.2407,40.2922
36.0445,315.2193,12.7352,41.9200
35.4465,315.5107,12.2407,40.2922
34.7734,315.1730,12.2407,40.2922
34.1109,314.5642,12.2407,40.2922
33.5348,314.6732,12.0007,39.5022
33.0709,315.3371,11.5347,37.9683
32.2784,315.5881,11.5347,37.9683
