213.0000,121.0000,21.0000,95.0000
211.1432,118.6320,21.4200,96.9000
210.3570,117.3833,21.0000,95.0000
207.0904,116.3383,21.0000,95.0000
206.6959,113.3587,21.8484,98.8380
206.5699,113.6093,21.4200,96.9000
205.9370,110.9028,21.8484,98.8380
207.6286,111.1898,21.0000,95.0000
208.9772,110.2752,21.0000,95.0000
209.7693,108.4213,21.0000,95.0000
209.0357,106.9972,21.8484,98.8380
214.0774,107.5555,21.0000,95.0000
217.3214,107.8245,21.0000,95.0000
218.0776,108.9408,21.0000,95.0000
217.4372,108.1513,21.8484,98.8380
216.3653,108.6832,22.2854,100.8148
214.8179,108.4144,22.2854,100.8148
214.9774,107.4550,21.8484,98.8380
213.4004,106.7346,21.0000,95.0000
213.2750,105.1081,21.0000,95.0000
212.1541,103.6899,21.8484,98.8380
212.5979,102.3594,22.2854,100.8148
213.1531,102.0833,21.8484,98.8380
214.6290,100.7115,21.8484,98.8380
216.2707,100.3618,21.8484,98.8380
218.0673,100.6562,21.8484,98.8380
218.7014,100.1109,21.8484,98.8380
218.1243,101.0738,21.4200,96.9000
218.1226,98.6568,21.8484,98.8380
218.5492,98.3931,21.0000,95.0000
218.8692,96.7355,21.0000,95.0000
219.0112,95.5997,21.0000,95.0000
220.4588,96.2014,21.0000,95.0000
221.5243,96.1650,21.8484,98.8380
222.3029,96.2283,21.8484,98.8380
222.9859,95.5020,21.0000,95.0000
222.8921,97.5817,21.0000,95.0000
222.8015,95.9312,21.8484,98.8380
222.8575,96.2955,21.8484,98.8380
224.0426,96.7229,21.0000,95.0000
224.3313,98.3201,20.5882,93.1373
221.9841,99.6050,21.4200,96.9000
223.9469,100.9494,21.0000,95.0000
224.2913,104.5174,21.0000,95.0000
223.5723,106.4340,21.8484,98.8380
223.2780,107.4376,21.8484,98.8380
223.2179,107.9997,22.2854,100.8148
223.3323,109.0096,21.8484,98.8380
222.6671,110.8277,21.0000,95.0000
221.0184,110.5194,21.0000,95.0000
217.2403,109.4775,21.8484,98.8380
212.7848,110.5626,21.0000,95.0000
208.5018,107.0775,21.8484,98.8380
203.3164,105.1859,21.8484,98.8380
200.3845,104.2259,21.0000,95.0000
200.0808,101.2457,21.0000,95.0000
199.8394,100.5902,21.0000,95.0000
198.7521,100.6264,21.0000,95.0000
198.7766,102.3391,21.8484,98.8380
200.0160,101.8902,22.7311,102.8311
200.8435,100.2907,23.6494,106.9854
202.9649,102.1359,23.6494,106.9854
204.2767,106.9251,22.7311,102.8311
205.9474,107.3863,21.8484,98.8380
206.8024,107.5449,21.8484,98.8380
205.0345,107.7584,21.0000,95.0000
202.8457,107.1294,21.0000,95.0000
202.7084,107.0905,21.8484,98.8380
204.2155,105.5701,22.7311,102.8311
207.5548,105.5531,21.8484,98.8380
214.6015,103.7552,22.2854,100.8148
223.1357,103.2103,21.4200,96.9000
226.2783,99.5721,21.0000,95.0000
227.3666,98.6929,20.5882,93.1373
223.3326,97.5213,21.0000,95.0000
217.3173,96.7538,21.0000,95.0000
211.5116,94.6417,21.8484,98.8380
204.2409,96.2460,21.8484,98.8380
199.7250,97.1363,21.0000,95.0000
198.6791,93.2543,21.0000,95.0000
197.4390,88.6272,21.0000,95.0000
196.6434,82.3886,21.8484,98.8380
200.2556,76.1594,21.0000,95.0000
202.8613,70.1615,21.8484,98.8380
203.5882,68.7587,21.8484,98.8380
204.9165,66.5183,21.0000,95.0000
205.6384,67.1759,21.0000,95.0000
207.0381,65.8037,21.0000,95.0000
206.3367,66.3881,21.8484,98.8380
206.9816,73.3356,21.4200,96.9000
205.2119,79.4838,21.8484,98.8380
204.8693,85.8579,21.8484,98.8380
205.6496,89.4791,21.8484,98.8380
204.1387,92.5179,21.8484,98.8380
205.5225,94.5040,22.2854,100.8148
207.8505,98.1498,21.8484,98.8380
210.6547,103.3039,21.0000,95.0000
211.4149,108.7937,21.0000,95.0000
210.2594,114.6507,21.0000,95.0000
209.2889,119.3754,20.5882,93.1373
207.1524,123.3842,19.7888,89.5206
205.2671,126.3537,19.7888,89.5206
205.2470,127.4549,20.5882,93.1373
207.0065,126.4653,21.4200,96.9000
206.0449,127.4357,21.0000,95.0000
206.5988,126.5110,21.4200,96.9000
205.5863,124.6932,22.2854,100.8148
204.9535,124.3521,21.8484,98.8380
207.2550,123.0552,21.0000,95.0000
208.2762,122.0902,20.5882,93.1373
208.2449,120.4241,20.5882,93.1373
207.5647,116.9545,21.0000,95.0000
205.8625,114.3058,21.8484,98.8380
206.9887,112.3243,21.0000,95.0000
206.2017,110.8406,21.8484,98.8380
207.2876,109.0587,22.2854,100.8148
207.3205,110.5826,21.4200,96.9000
207.7256,108.9453,21.8484,98.8380
209.5685,111.6060,21.4200,96.9000
209.2342,111.4296,21.8484,98.8380
210.9954,114.0517,21.0000,95.0000
210.4836,114.0785,21.8484,98.8380
211.8924,114.1905,21.8484,98.8380
212.1045,116.4470,21.0000,95.0000
213.3860,116.7021,21.0000,95.0000
215.7585,117.3940,20.5882,93.1373
216.6398,117.6687,20.5882,93.1373
217.8309,117.1753,21.0000,95.0000
219.1342,118.0860,21.0000,95.0000
220.9772,119.0957,21.0000,95.0000
223.9161,119.7513,21.0000,95.0000
225.4317,121.9431,20.1845,91.3110
226.5385,121.5638,21.0000,95.0000
227.5227,121.9201,21.8484,98.8380
228.0159,123.5337,21.0000,95.0000
228.7783,123.3712,21.0000,95.0000
229.0221,123.8300,21.0000,95.0000
229.4411,123.9566,21.0000,95.0000
230.6926,121.5191,21.8484,98.8380
232.5414,120.0722,22.2854,100.8148
232.5142,119.7937,21.8484,98.8380
232.7481,119.2756,21.8484,98.8380
234.2088,117.6439,22.2854,100.8148
234.7035,115.9063,22.2854,100.8148
234.3015,116.0425,21.8484,98.8380
235.3662,114.8043,22.2854,100.8148
233.9179,114.6728,21.8484,98.8380
233.5746,114.1374,21.8484,98.8380
234.4141,113.8853,21.0000,95.0000
233.3791,111.5039,21.8484,98.8380
232.9131,110.0696,22.2854,100.8148
231.9138,108.2778,21.8484,98.8380
233.4373,108.7682,21.0000,95.0000
234.1309,108.2820,21.0000,95.0000
234.7962,107.2386,21.0000,95.0000
234.1216,106.9824,21.0000,95.0000
234.2370,105.5012,21.8484,98.8380
234.7467,106.2077,21.4200,96.9000
234.0146,104.3790,22.2854,100.8148
233.7775,104.2450,21.8484,98.8380
233.6668,104.0276,21.8484,98.8380
236.6080,103.6515,21.4200,96.9000
236.7261,103.4307,21.0000,95.0000
237.9149,102.3708,21.4200,96.9000
237.0618,101.1701,21.8484,98.8380
238.0883,100.0400,22.2854,100.8148
238.7294,100.7235,21.8484,98.8380
238.9648,100.3266,21.8484,98.8380
239.0922,102.1060,21.0000,95.0000
237.9903,102.2102,21.0000,95.0000
237.5539,103.2608,20.5882,93.1373
235.7505,103.2195,20.5882,93.1373
233.8635,103.4778,19.7888,89.5206
232.4565,104.9085,19.0203,86.0444
230.2743,104.3813,19.0203,86.0444
229.4796,104.6586,18.2818,82.7032
227.6329,103.3656,19.0203,86.0444
224.9955,102.2333,19.4008,87.7653
224.3588,102.1948,19.4008,87.7653
223.9816,103.0702,19.0203,86.0444
223.3856,102.5372,19.0203,86.0444
222.0968,102.5411,19.0203,86.0444
221.5465,103.3448,18.2818,82.7032
220.3746,102.0569,19.0203,86.0444
219.7743,100.6823,19.4008,87.7653
219.5336,100.5921,19.4008,87.7653
219.3212,99.9230,19.7888,89.5206
220.9758,101.3928,19.0203,86.0444
219.7125,101.6461,19.4008,87.7653
219.5195,102.4167,19.4008,87.7653
220.4808,104.4881,19.0203,86.0444
219.9991,107.3170,18.2818,82.7032
219.6606,108.8433,18.2818,82.7032
219.3077,110.0078,18.2818,82.7032
219.5402,107.9848,19.0203,86.0444
219.4063,108.9372,18.2818,82.7032
219.1924,108.9843,18.2818,82.7032
219.0230,106.4177,19.0203,86.0444
219.4470,106.2514,19.0203,86.0444
219.3244,104.5163,19.4008,87.7653
219.0322,104.3566,19.4008,87.7653
218.3675,105.1683,19.4008,87.7653
216.1954,105.7310,19.7888,89.5206
214.6523,107.3796,19.4008,87.7653
213.5476,109.7308,18.6474,84.3573
211.9450,109.2235,19.4008,87.7653
209.9603,108.5249,19.7888,89.5206
209.9701,109.7581,19.0203,86.0444
209.2033,108.0852,19.4008,87.7653
209.6432,108.9680,19.4008,87.7653
209.8540,110.1415,19.4008,87.7653
209.6787,112.3670,19.7888,89.5206
210.3578,114.6522,20.5882,93.1373
210.5325,118.8885,20.5882,93.1373
209.4995,122.1063,21.0000,95.0000
210.2155,127.1312,20.5882,93.1373
209.5243,128.4023,21.0000,95.0000
209.6689,130.5115,21.4200,96.9000
208.6619,130.4236,21.8484,98.8380
209.1256,130.4290,22.2854,100.8148
208.3756,130.4046,23.1857,104.8877
208.7617,132.0209,22.2854,100.8148
209.0030,132.2552,21.8484,98.8380
209.5281,132.4962,21.8484,98.8380
210.0248,132.7532,22.2854,100.8148
209.2469,131.2634,23.1857,104.8877
210.0906,130.7931,23.1857,104.8877
209.5642,130.9459,23.1857,104.8877
210.1004,130.7956,22.7311,102.8311
209.0102,132.4628,21.8484,98.8380
207.1366,134.2536,21.0000,95.0000
207.1153,134.7790,20.1845,91.3110
206.2822,134.7526,19.4008,87.7653
204.2120,133.0912,19.7888,89.5206
202.7037,133.1473,19.4008,87.7653
200.6606,132.3296,19.7888,89.5206
199.1608,133.3698,19.4008,87.7653
197.5670,133.4931,19.4008,87.7653
195.4148,134.3675,19.7888,89.5206
195.9509,135.1568,19.4008,87.7653
197.3389,136.0100,19.0203,86.0444
198.4029,135.6438,18.6474,84.3573
198.3178,134.0321,19.4008,87.7653
199.7735,135.5038,19.0203,86.0444
202.5613,135.9970,18.2818,82.7032
205.7617,135.5672,18.2818,82.7032
208.1418,134.2044,19.0203,86.0444
210.0984,133.2971,19.4008,87.7653
212.8629,133.5721,19.4008,87.7653
215.7921,135.4349,18.6474,84.3573
215.9079,133.8621,19.4008,87.7653
216.3334,132.1959,20.1845,91.3110
216.6013,129.1577,21.0000,95.0000
216.8325,128.1125,20.5882,93.1373
216.2607,124.4825,21.0000,95.0000
216.1533,123.5022,21.4200,96.9000
216.2598,119.2591,21.8484,98.8380
217.2980,117.5871,21.0000,95.0000
217.5146,117.3493,20.5882,93.1373
216.7201,117.2334,20.5882,93.1373
215.8631,118.3953,19.7888,89.5206
214.7058,119.6083,19.4008,87.7653
215.7786,120.6399,18.6474,84.3573
213.3150,118.7661,19.4008,87.7653
212.6117,120.1179,19.0203,86.0444
211.9330,120.2526,19.0203,86.0444
211.3003,122.1259,18.2818,82.7032
210.8466,123.2092,17.9233,81.0816
210.1528,124.6660,17.5719,79.4918
209.6922,123.3908,18.2818,82.7032
209.1973,122.4904,18.6474,84.3573
207.6141,120.6880,19.4008,87.7653
206.5163,119.8164,20.1845,91.3110
205.6085,121.3340,19.4008,87.7653
204.5026,122.8537,18.6474,84.3573
201.2595,121.0218,19.4008,87.7653
198.6321,120.7539,19.4008,87.7653
196.7415,121.5122,19.0203,86.0444
195.2248,120.5442,18.6474,84.3573
192.3694,118.2838,19.4008,87.7653
190.3290,116.3021,20.1845,91.3110
189.8077,115.2925,19.4008,87.7653
188.5475,113.6194,19.7888,89.5206
186.4598,113.9999,19.4008,87.7653
185.1208,112.2144,19.0203,86.0444
182.9015,109.1856,19.4008,87.7653
182.9591,108.5466,19.0203,86.0444
182.3210,107.5503,18.2818,82.7032
181.0074,107.4158,17.9233,81.0816
177.8925,106.0391,18.2818,82.7032
174.5645,103.8105,19.0203,86.0444
173.9108,102.0874,19.0203,86.0444
174.8272,99.6493,18.6474,84.3573
175.3273,97.1978,18.2818,82.7032
175.0968,95.3358,17.9233,81.0816
174.4254,93.9236,18.2818,82.7032
173.5212,92.5404,18.6474,84.3573
171.5497,90.7619,19.4008,87.7653
169.7995,91.6860,19.0203,86.0444
167.5585,90.0760,19.4008,87.7653
166.0487,90.3097,19.0203,86.0444
163.3747,88.7779,19.4008,87.7653
161.7323,89.0069,19.0203,86.0444
161.1185,87.9865,19.0203,86.0444
160.1052,87.0201,19.0203,86.0444
160.4885,87.2257,18.2818,82.7032
160.1692,86.5158,17.9233,81.0816
157.8614,87.7438,17.9233,81.0816
157.0136,89.5247,17.2273,77.9331
155.6129,91.2398,17.2273,77.9331
154.3452,92.7583,17.2273,77.9331
152.3069,95.3961,16.5584,74.9069
150.4496,96.1326,16.5584,74.9069
148.7445,96.5913,16.2337,73.4381
148.0954,95.9150,16.2337,73.4381
148.2235,94.4721,16.8895,76.4050
148.2664,92.5284,17.5719,79.4918
146.9805,90.9151,18.2818,82.7032
145.8026,90.8659,18.2818,82.7032
145.7329,91.1588,17.9233,81.0816
144.7271,91.0654,17.9233,81.0816
144.1175,92.7417,17.2273,77.9331
142.7529,91.5738,17.9233,81.0816
141.7351,91.4707,17.9233,81.0816
141.2425,92.7175,17.2273,77.9331
140.3170,91.5278,17.9233,81.0816
140.1181,90.5203,18.2818,82.7032
140.2603,90.0807,18.2818,82.7032
140.3270,88.3508,19.0203,86.0444
140.1072,87.4445,19.4008,87.7653
140.1121,88.3621,19.7888,89.5206
141.1930,89.1090,20.5882,93.1373
141.7936,92.3890,20.5882,93.1373
142.5640,93.7993,21.4200,96.9000
144.0325,99.1751,20.5882,93.1373
144.4751,103.5927,19.7888,89.5206
146.7265,104.7852,19.4008,87.7653
150.2067,106.5351,19.0203,86.0444
154.5620,105.0428,19.4008,87.7653
166.2056,104.5332,18.6474,84.3573
173.3810,103.3629,19.0203,86.0444
173.0872,101.4706,19.7888,89.5206
173.7269,99.6310,20.5882,93.1373
172.8342,98.8844,21.0000,95.0000
172.0256,97.7901,21.8484,98.8380
170.6020,98.9151,21.0000,95.0000
166.2223,99.1518,21.8484,98.8380
162.9189,100.5717,21.0000,95.0000
159.8349,100.4734,21.0000,95.0000
156.1831,98.6802,21.8484,98.8380
152.9690,98.2920,21.8484,98.8380
151.7565,97.3395,22.2854,100.8148
150.6117,96.6137,22.2854,100.8148
148.3807,95.2246,22.7311,102.8311
147.3584,94.7294,22.7311,102.8311
147.4810,96.2566,21.8484,98.8380
147.8034,97.9958,21.0000,95.0000
146.5135,97.7508,21.8484,98.8380
146.5907,97.5713,21.8484,98.8380
145.7044,97.9162,21.8484,98.8380
144.2957,97.1022,21.8484,98.8380
142.8130,95.2322,22.2854,100.8148
142.6607,92.7397,21.8484,98.8380
144.5115,88.8405,21.8484,98.8380
143.8751,86.7843,22.2854,100.8148
144.5068,86.8197,22.2854,100.8148
146.3529,85.6619,22.7311,102.8311
154.9112,87.6183,21.8484,98.8380
159.4540,89.5068,22.2854,100.8148
161.0000,91.7749,22.2854,100.8148
164.0272,95.8422,21.8484,98.8380
165.9266,100.9597,21.0000,95.0000
164.4397,105.2899,21.0000,95.0000
165.7891,108.2853,21.4200,96.9000
165.7275,109.6244,22.2854,100.8148
164.8313,111.0882,22.7311,102.8311
165.0361,112.5140,22.7311,102.8311
167.1784,113.7470,22.2854,100.8148
166.6134,114.9891,22.2854,100.8148
165.1266,116.4242,21.8484,98.8380
163.0700,117.4265,22.2854,100.8148
161.5774,119.1055,21.8484,98.8380
159.6804,120.1888,21.8484,98.8380
157.1671,121.6420,21.0000,95.0000
156.3359,119.9253,21.4200,96.9000
156.4840,116.2686,22.2854,100.8148
156.9626,111.4535,22.2854,100.8148
157.1538,105.7525,22.2854,100.8148
157.3151,100.9797,22.2854,100.8148
158.5121,96.5979,22.2854,100.8148
159.8414,90.3884,22.7311,102.8311
162.7498,84.0999,23.6494,106.9854
165.9341,80.1018,24.6048,111.3076
169.8062,79.2106,23.6494,106.9854
171.3778,79.7195,23.1857,104.8877
172.2936,81.7619,22.2854,100.8148
173.2479,82.9765,22.2854,100.8148
172.6153,84.3281,21.8484,98.8380
171.3669,86.5229,21.8484,98.8380
168.9032,90.1216,21.8484,98.8380
166.4586,95.1901,21.4200,96.9000
162.9461,98.5212,21.4200,96.9000
158.9621,102.1159,21.0000,95.0000
155.0613,105.4006,21.0000,95.0000
149.5761,108.1814,21.8484,98.8380
146.1468,112.4901,21.8484,98.8380
143.7283,114.8147,21.8484,98.8380
141.5017,118.0974,21.0000,95.0000
140.8372,117.5098,21.8484,98.8380
143.1362,118.3424,21.0000,95.0000
144.6226,117.9209,21.0000,95.0000
146.9902,114.6715,21.8484,98.8380
149.8478,112.1849,22.2854,100.8148
150.2733,109.3829,23.1857,104.8877
149.3626,105.1768,24.1224,109.1251
151.6440,102.5446,24.6048,111.3076
154.6767,100.1712,23.6494,106.9854
157.5096,99.2413,23.1857,104.8877
159.2373,99.6356,22.2854,100.8148
160.4790,97.5246,22.2854,100.8148
160.2093,93.2576,22.7311,102.8311
160.5492,92.9230,22.2854,100.8148
161.2641,89.0959,23.1857,104.8877
162.7332,88.2817,22.2854,100.8148
162.6908,85.5240,23.1857,104.8877
162.4805,86.4343,22.2854,100.8148
161.8174,85.8052,22.2854,100.8148
160.6407,86.0908,21.8484,98.8380
159.0909,87.8514,21.0000,95.0000
157.1614,87.4203,21.0000,95.0000
156.3593,86.6139,21.8484,98.8380
153.2897,85.9520,22.7311,102.8311
149.7640,84.6506,23.6494,106.9854
148.2943,85.4174,22.7311,102.8311
147.7264,85.3760,22.2854,100.8148
145.7164,86.1743,21.4200,96.9000
143.8516,84.0914,22.2854,100.8148
143.8910,84.3021,21.4200,96.9000
143.1546,82.7709,21.8484,98.8380
144.4053,80.7851,22.2854,100.8148
145.4498,78.5600,22.2854,100.8148
145.7078,74.6327,23.1857,104.8877
147.3481,73.8411,22.2854,100.8148
147.6763,73.2871,21.8484,98.8380
148.2864,72.3785,21.8484,98.8380
149.7740,71.8413,21.8484,98.8380
151.9728,72.0447,21.4200,96.9000
153.9217,71.3911,21.4200,96.9000
157.4335,71.7819,21.0000,95.0000
163.1086,70.9976,21.8484,98.8380
166.0134,74.7212,21.0000,95.0000
165.1237,81.9844,21.0000,95.0000
165.8266,85.0693,21.8484,98.8380
167.1182,88.2295,21.8484,98.8380
166.3613,93.1240,21.8484,98.8380
166.5142,96.2856,21.0000,95.0000
166.9196,95.6839,21.8484,98.8380
167.7375,96.1902,21.8484,98.8380
167.3566,96.6883,22.2854,100.8148
166.8065,97.1789,22.2854,100.8148
166.0841,98.1158,22.2854,100.8148
165.8972,99.7106,21.8484,98.8380
164.8805,100.9667,21.8484,98.8380
163.2633,105.4975,21.4200,96.9000
161.9083,108.2811,21.0000,95.0000
160.0256,109.0614,21.8484,98.8380
158.3619,110.5856,21.8484,98.8380
156.7280,111.9732,22.2854,100.8148
155.4429,112.9041,22.2854,100.8148
154.3094,114.0579,21.8484,98.8380
153.9564,114.1280,22.2854,100.8148
153.8735,114.2670,22.2854,100.8148
153.7342,115.3690,21.4200,96.9000
155.2281,115.9481,20.5882,93.1373
155.1526,114.9420,21.4200,96.9000
155.5770,115.1225,21.4200,96.9000
155.9382,115.5216,21.4200,96.9000
156.8037,116.5582,20.5882,93.1373
156.0781,116.9216,20.5882,93.1373
156.2046,116.6129,20.1845,91.3110
155.9422,114.2782,20.5882,93.1373
156.1287,112.2895,19.7888,89.5206
156.9155,112.5918,19.0203,86.0444
156.7814,111.8245,18.2818,82.7032
157.0133,107.9319,18.6474,84.3573
156.4450,104.3284,19.4008,87.7653
155.7488,102.4139,20.1845,91.3110
157.2722,100.6941,19.4008,87.7653
160.7303,97.8746,19.4008,87.7653
164.4715,95.4460,19.4008,87.7653
165.2040,93.2810,20.1845,91.3110
166.2983,91.0501,19.7888,89.5206
166.1810,89.2639,20.5882,93.1373
167.0556,88.6371,19.7888,89.5206
167.3998,87.1352,20.5882,93.1373
165.9906,85.3652,21.4200,96.9000
166.0854,83.0011,22.2854,100.8148
166.1622,82.6594,22.2854,100.8148
166.6123,82.5748,22.2854,100.8148
166.9271,82.9459,22.2854,100.8148
167.0977,83.3742,22.2854,100.8148
167.8853,83.4491,22.2854,100.8148
167.9040,83.6083,22.2854,100.8148
168.4061,82.9499,21.8484,98.8380
169.6723,83.0420,21.0000,95.0000
169.9402,82.5058,21.0000,95.0000
170.7445,82.3779,20.5882,93.1373
169.8725,79.4979,21.4200,96.9000
168.2738,79.6008,21.0000,95.0000
167.4566,80.6384,20.5882,93.1373
164.7295,79.3705,21.0000,95.0000
162.8540,82.1980,20.1845,91.3110
160.1886,82.1633,20.5882,93.1373
158.1844,82.9931,20.5882,93.1373
155.4565,82.2923,21.0000,95.0000
153.8293,83.8009,20.5882,93.1373
150.0950,85.0512,19.7888,89.5206
148.3123,85.6525,19.0203,86.0444
145.9697,84.6659,19.0203,86.0444
143.9424,83.7720,18.6474,84.3573
141.8115,81.5078,19.0203,86.0444
140.0206,79.7841,19.4008,87.7653
139.9113,80.8741,19.0203,86.0444
139.2327,80.6833,19.0203,86.0444
137.9113,80.9861,19.0203,86.0444
137.1113,81.3003,19.0203,86.0444
136.3946,82.7933,18.2818,82.7032
134.9931,81.5630,19.0203,86.0444
134.2769,81.4431,19.0203,86.0444
134.6175,82.5117,18.2818,82.7032
134.5876,82.5678,18.2818,82.7032
134.3294,81.7351,19.0203,86.0444
134.0111,83.1475,19.4008,87.7653
135.8239,89.3643,18.6474,84.3573
138.6000,94.8576,18.6474,84.3573
141.2307,99.9919,19.0203,86.0444
143.9100,105.3920,19.0203,86.0444
148.0162,108.5661,19.7888,89.5206
154.6239,111.5753,19.7888,89.5206
157.9938,115.1008,19.0203,86.0444
157.8517,116.3724,18.6474,84.3573
158.1330,115.0957,19.0203,86.0444
156.4263,110.8001,19.4008,87.7653
153.7808,105.1824,20.1845,91.3110
153.3446,102.6364,19.4008,87.7653
153.4012,99.1682,19.4008,87.7653
153.9241,93.0994,20.1845,91.3110
153.9340,89.2175,19.4008,87.7653
154.5468,88.8629,19.0203,86.0444
153.2482,86.8270,19.0203,86.0444
151.9408,85.0940,19.0203,86.0444
152.2784,85.2767,18.2818,82.7032
152.4032,84.8542,17.9233,81.0816
149.1240,83.1395,18.2818,82.7032
140.2086,80.9275,19.0203,86.0444
133.5856,76.0221,19.7888,89.5206
129.2301,72.2277,20.5882,93.1373
123.6492,67.5713,21.0000,95.0000
118.4564,62.9135,21.4200,96.9000
118.5248,55.6586,22.2854,100.8148
136.2097,44.6267,23.1857,104.8877
157.4851,38.2273,24.1224,109.1251
182.9996,30.7427,25.0969,113.5338
217.7150,24.9918,26.1109,118.1206
240.5715,21.8242,27.1657,122.8926
230.9307,19.8026,28.2632,127.8575
223.7567,19.8106,28.8285,130.4146
237.6488,18.5254,29.9932,135.6834
250.9262,14.2258,31.2049,141.1650
249.8709,11.6460,32.4656,146.8681
244.4418,12.2572,33.7772,152.8015
240.0260,11.7526,35.1418,158.9747
231.5258,16.3243,36.5615,165.3973
231.9927,29.1085,38.0386,172.0794
238.5560,33.4316,38.0386,172.0794
236.3610,39.9805,37.2927,168.7052
230.3913,54.3011,36.5615,165.3973
219.2637,68.6689,35.8446,162.1542
202.8996,77.9737,36.5615,165.3973
192.9878,79.4208,38.0386,172.0794
186.5780,81.1505,36.5615,165.3973
181.8615,83.4483,35.1418,158.9747
175.1961,81.5323,36.5615,165.3973
171.0460,83.1342,35.1418,158.9747
173.0857,77.1474,36.5615,165.3973
177.3175,72.3325,38.0386,172.0794
177.2663,63.2815,39.5754,179.0314
182.0348,62.1915,38.7994,175.5209
187.8114,59.6167,38.7994,175.5209
190.7899,61.4261,38.0386,172.0794
190.5308,61.4376,38.0386,172.0794
191.0112,62.3187,37.2927,168.7052
189.0736,66.0864,37.2927,168.7052
183.4230,70.7511,38.0386,172.0794
180.2321,71.9305,38.0386,172.0794
180.3296,76.6810,36.5615,165.3973
175.2691,77.9795,38.0386,172.0794
